MASKED_STUDENT_ID,workday,weekend,morning,afternoon,evening,overnight,workday_ExamMonth,weekend_ExamMonth,morning_ExamMonth,afternoon_ExamMonth,evening_ExamMonth,overnight_ExamMonth,workday_notExamMonth,weekend_notExamMonth,morning_notExamMonth,afternoon_notExamMonth,evening_notExamMonth,overnight_notExamMonth,workday_firstMonth,weekend_firstMonth,morning_firstMonth,afternoon_firstMonth,evening_firstMonth,overnight_firstMonth,examMonth,notExamMonth,firstMonth,total_checkin,label_atRist
8TMIKVZ5,19,0,3,16,0,0,7,0,1,6,0,0,12,0,2,10,0,0,3,0,1,2,0,0,7,12,3,19,0
EIC4AO9Q,7,3,1,5,4,0,3,0,0,2,1,0,4,3,1,3,3,0,1,2,0,2,1,0,3,7,3,10,0
VBE8CVBD,15,1,0,16,0,0,7,1,0,8,0,0,8,0,0,8,0,0,0,0,0,0,0,0,8,8,0,16,0
X9UV97UE,3,0,0,3,0,0,1,0,0,1,0,0,2,0,0,2,0,0,0,0,0,0,0,0,1,2,0,3,0
QIUKOLWK,8,1,4,5,0,1,4,1,1,4,0,0,4,0,3,1,0,1,0,0,0,0,0,0,5,4,0,9,0
DIESDMFF,23,1,1,13,9,1,14,1,0,10,5,0,9,0,1,3,4,1,0,0,0,0,0,0,15,9,0,24,0
X1MOOKHV,85,9,11,72,11,0,19,2,4,17,0,0,66,7,7,55,11,0,12,0,2,9,1,0,21,73,12,94,0
SYK9ZKJW,62,9,7,61,3,0,31,4,1,32,2,0,31,5,6,29,1,0,5,1,1,5,0,0,35,36,6,71,0
9ER7KD7O,17,0,5,11,1,0,5,0,3,2,0,0,12,0,2,9,1,0,2,0,0,1,1,0,5,12,2,17,0
DSGQ8GF4,48,1,17,32,0,0,22,1,8,15,0,0,26,0,9,17,0,0,7,0,4,3,0,0,23,26,7,49,0
OEKP8KAP,64,10,22,51,1,0,39,7,18,28,0,0,25,3,4,23,1,0,0,0,0,0,0,0,46,28,0,74,0
C6YGVXCS,51,6,3,52,2,0,11,3,1,13,0,0,40,3,2,39,2,0,3,0,0,3,0,0,14,43,3,57,0
YKD1WBY5,8,2,4,6,0,0,5,1,1,5,0,0,3,1,3,1,0,0,1,0,0,1,0,0,6,4,1,10,0
WE8FJSIE,175,52,46,143,34,9,78,30,23,68,13,8,97,22,23,75,21,1,20,0,8,11,1,0,108,119,20,227,0
UEFRHS3A,4,2,0,5,1,0,3,2,0,4,1,0,1,0,0,1,0,0,0,0,0,0,0,0,5,1,0,6,0
PMZILCRM,74,14,35,53,0,0,34,12,20,26,0,0,40,2,15,27,0,0,0,0,0,0,0,0,46,42,0,88,0
S7CKCEYV,44,3,23,22,2,0,16,3,5,13,1,0,28,0,18,9,1,0,3,0,2,1,0,0,19,28,3,47,0
UXW3BQXX,1,0,1,0,0,0,0,0,0,0,0,0,1,0,1,0,0,0,0,0,0,0,0,0,0,1,0,1,0
ZKWQGI2T,136,33,31,105,31,2,63,21,7,54,22,1,73,12,24,51,9,1,7,0,0,7,0,0,84,85,7,169,0
SRCXALHG,5,2,2,2,3,0,1,0,0,0,1,0,4,2,2,2,2,0,0,0,0,0,0,0,1,6,0,7,0
JPYZKMDC,15,16,3,16,12,0,4,9,1,8,4,0,11,7,2,8,8,0,0,6,1,4,1,0,13,18,6,31,0
QBKWVL8Z,2,4,2,4,0,0,2,0,1,1,0,0,0,4,1,3,0,0,0,0,0,0,0,0,2,4,0,6,0
PROGVHR6,6,4,0,6,4,0,2,1,0,2,1,0,4,3,0,4,3,0,0,0,0,0,0,0,3,7,0,10,0
ELKU1WZY,31,4,4,30,1,0,15,1,2,14,0,0,16,3,2,16,1,0,2,0,0,2,0,0,16,19,2,35,0
9EJMHJY6,48,11,17,13,29,1,35,11,17,7,22,1,13,0,0,6,7,0,2,0,0,2,0,0,46,13,2,59,0
FEZSA7CB,18,5,1,5,16,1,18,5,1,5,16,1,0,0,0,0,0,0,0,0,0,0,0,0,23,0,0,23,0
MM9JFOVV,25,10,10,23,2,0,21,6,9,17,1,0,4,4,1,6,1,0,1,0,0,1,0,0,27,8,1,35,0
ZVRHBDBC,9,5,2,4,8,0,5,5,2,2,6,0,4,0,0,2,2,0,1,0,0,1,0,0,10,4,1,14,0
YT9UH73G,55,0,2,33,16,4,29,0,0,15,10,4,26,0,2,18,6,0,0,0,0,0,0,0,29,26,0,55,0
XHURVSGJ,36,10,12,32,2,1,10,6,3,12,1,1,26,4,9,20,1,0,4,0,1,3,0,0,16,30,4,46,1
LH4YJ5TI,54,3,10,40,7,0,16,1,1,13,3,0,38,2,9,27,4,0,1,0,0,1,0,0,17,40,1,57,0
ZZFI5F2N,88,27,40,59,16,2,43,23,26,29,11,1,45,4,14,30,5,1,11,0,4,7,0,0,66,49,11,115,0
BODKBGHC,8,2,0,9,1,0,8,2,0,9,1,0,0,0,0,0,0,0,0,0,0,0,0,0,10,0,0,10,0
MYOMHHQI,0,2,1,1,0,0,0,2,1,1,0,0,0,0,0,0,0,0,0,0,0,0,0,0,2,0,0,2,0
5GXIBCKD,8,0,0,3,5,0,3,0,0,2,1,0,5,0,0,1,4,0,0,0,0,0,0,0,3,5,0,8,0
GSLRJK6V,42,0,13,29,0,0,12,0,6,6,0,0,30,0,7,23,0,0,6,0,2,4,0,0,12,30,6,42,0
IJ1GDAEI,23,11,10,24,0,0,2,5,2,5,0,0,21,6,8,19,0,0,6,1,2,5,0,0,7,27,7,34,0
C3JGDUH4,31,10,6,21,14,0,28,6,6,17,11,0,3,4,0,4,3,0,0,0,0,0,0,0,34,7,0,41,0
WSHNGWBL,42,1,4,31,8,0,10,1,1,6,4,0,32,0,3,25,4,0,4,0,0,4,0,0,11,32,4,43,0
LABQSSXM,23,0,9,14,0,0,10,0,2,8,0,0,13,0,7,6,0,0,1,0,1,0,0,0,10,13,1,23,0
UQNNM5XF,41,6,1,29,15,2,8,1,0,4,5,0,33,5,1,25,10,2,3,1,0,1,3,0,9,38,4,47,0
AJ18CBUL,48,0,19,29,0,0,15,0,5,10,0,0,33,0,14,19,0,0,5,0,2,3,0,0,15,33,5,48,0
HI7KOSZK,12,0,4,8,0,0,3,0,1,2,0,0,9,0,3,6,0,0,0,0,0,0,0,0,3,9,0,12,0
8XGTZVFB,83,18,19,80,2,0,27,11,6,31,1,0,56,7,13,49,1,0,9,0,4,5,0,0,38,63,9,101,0
MLE3YMK6,1,0,0,1,0,0,1,0,0,1,0,0,0,0,0,0,0,0,0,0,0,0,0,0,1,0,0,1,0
WKG9JUFE,69,3,23,48,1,0,23,2,9,15,1,0,46,1,14,33,0,0,10,0,2,8,0,0,25,47,10,72,0
LCQ87SIE,533,161,189,383,85,34,249,82,93,173,51,15,284,79,96,210,34,19,65,18,18,42,7,10,331,363,83,694,0
FGYISGMS,25,1,7,18,1,0,7,0,4,3,0,0,18,1,3,15,1,0,6,0,0,6,0,0,7,19,6,26,0
PZSUUZGE,52,0,17,34,1,0,13,0,2,10,1,0,39,0,15,24,0,0,7,0,2,5,0,0,13,39,7,52,0
F8EL5IAC,24,1,1,24,0,0,3,0,0,3,0,0,21,1,1,21,0,0,3,0,0,3,0,0,3,22,3,25,0
DJGPXJ9F,5,10,2,10,3,0,3,6,2,6,1,0,2,4,0,4,2,0,0,0,0,0,0,0,9,6,0,15,0
MZIOX1YX,45,8,12,37,4,0,26,8,10,21,3,0,19,0,2,16,1,0,7,0,0,6,1,0,34,19,7,53,0
YCRFLPDX,6,1,2,4,1,0,6,1,2,4,1,0,0,0,0,0,0,0,0,0,0,0,0,0,7,0,0,7,0
ZISWY6AI,35,12,23,24,0,1,35,10,23,22,0,1,0,2,0,2,0,0,0,0,0,0,0,0,45,2,0,47,0
XQE7SWDX,39,3,12,29,1,0,16,2,5,13,0,0,23,1,7,16,1,0,1,0,0,1,0,0,18,24,1,42,0
EVON41KK,26,0,7,19,0,0,11,0,3,8,0,0,15,0,4,11,0,0,1,0,0,1,0,0,11,15,1,26,0
3QNZNLFC,60,3,17,46,0,1,17,2,8,11,0,0,43,1,9,35,0,1,9,1,2,8,0,0,19,44,10,63,0
N2YYKTMZ,25,4,7,19,3,0,8,4,4,8,0,0,17,0,3,11,3,0,1,0,0,1,0,0,12,17,1,29,0
HJTBF62Q,9,15,1,17,6,0,7,12,1,13,5,0,2,3,0,4,1,0,0,0,0,0,0,0,19,5,0,24,0
33XUIDIG,31,9,5,29,6,0,22,6,4,21,3,0,9,3,1,8,3,0,0,0,0,0,0,0,28,12,0,40,0
VO27CK6C,169,23,5,151,30,6,65,9,0,63,11,0,104,14,5,88,19,6,22,5,2,15,4,6,74,118,27,192,0
ABV8UU7T,3,3,1,2,3,0,0,0,0,0,0,0,3,3,1,2,3,0,0,0,0,0,0,0,0,6,0,6,0
D5QIMO6Y,16,4,1,17,2,0,12,3,1,13,1,0,4,1,0,4,1,0,0,0,0,0,0,0,15,5,0,20,0
EM25RV4A,85,3,10,64,10,4,28,3,1,22,6,2,57,0,9,42,4,2,10,0,2,7,1,0,31,57,10,88,0
F6AP5QCI,69,5,21,52,1,1,18,2,4,16,0,0,51,3,17,36,1,1,13,0,4,9,0,1,20,54,13,74,0
WPT9LX5U,21,1,8,14,0,0,11,1,6,6,0,0,10,0,2,8,0,0,1,0,0,1,0,0,12,10,1,22,0
IDJXLGUQ,2,0,0,2,0,0,2,0,0,2,0,0,0,0,0,0,0,0,0,0,0,0,0,0,2,0,0,2,0
QSGBC7CZ,32,4,13,22,1,0,10,3,2,10,1,0,22,1,11,12,0,0,4,0,1,3,0,0,13,23,4,36,0
WSZ7CEBQ,14,5,1,5,11,1,8,3,1,2,6,1,6,2,0,3,5,0,0,0,0,0,0,0,11,8,0,19,0
LXEB49RG,64,19,17,51,15,0,42,18,15,32,13,0,22,1,2,19,2,0,4,0,0,4,0,0,60,23,4,83,0
CZKPHEHG,11,1,0,10,2,0,7,1,0,6,2,0,4,0,0,4,0,0,2,0,0,2,0,0,8,4,2,12,0
TJGQMIRV,53,2,27,28,0,0,10,1,6,5,0,0,43,1,21,23,0,0,7,0,3,4,0,0,11,44,7,55,0
UREYTB1D,57,20,15,59,3,0,18,13,9,20,2,0,39,7,6,39,1,0,7,0,1,6,0,0,31,46,7,77,0
TIHLCYHH,63,13,12,59,5,1,24,4,5,20,3,1,39,9,7,39,2,0,9,0,2,7,0,0,28,48,9,76,0
KG7HHXFH,67,17,9,56,8,8,16,4,1,12,5,2,51,13,8,44,3,6,26,6,3,20,2,5,20,64,32,84,0
NJQBJTNK,4,6,0,8,2,0,2,1,0,3,0,0,2,5,0,5,2,0,1,1,0,1,1,0,3,7,2,10,0
N61WON8U,5,5,2,7,1,0,4,5,2,6,1,0,1,0,0,1,0,0,0,0,0,0,0,0,9,1,0,10,0
8H1GYKJL,4,0,2,2,0,1,3,0,2,1,0,1,1,0,0,1,0,0,0,0,0,0,0,0,3,1,0,4,0
W3IZJEZX,34,27,21,39,1,4,18,18,13,22,1,3,16,9,8,17,0,1,2,0,0,2,0,0,36,25,2,61,0
GF3UFL9Q,21,3,2,18,4,0,12,2,1,10,3,0,9,1,1,8,1,0,0,0,0,0,0,0,14,10,0,24,0
NU8XDOG2,0,1,0,1,0,0,0,1,0,1,0,0,0,0,0,0,0,0,0,0,0,0,0,0,1,0,0,1,0
IEWBFKD6,22,28,11,22,17,0,11,15,6,13,7,0,11,13,5,9,10,0,0,0,0,0,0,0,26,24,0,50,0
YCYVVMNF,4,0,0,4,0,0,3,0,0,3,0,0,1,0,0,1,0,0,0,0,0,0,0,0,3,1,0,4,0
W7FF5NYK,13,0,1,11,1,0,3,0,0,3,0,0,10,0,1,8,1,0,2,0,0,1,1,0,3,10,2,13,0
I8XCU8AG,1,0,0,1,0,0,0,0,0,0,0,0,1,0,0,1,0,0,1,0,0,1,0,0,0,1,1,1,0
DRN61S1R,28,3,2,29,0,0,10,2,2,10,0,0,18,1,0,19,0,0,4,0,0,4,0,0,12,19,4,31,0
WH4QL3Y9,2,0,0,0,2,0,0,0,0,0,0,0,2,0,0,0,2,0,2,0,0,0,2,0,0,2,2,2,0
NLGB8DVV,87,27,29,74,11,0,51,25,20,45,11,0,36,2,9,29,0,0,0,0,0,0,0,0,76,38,0,114,0
CELS38E9,7,0,0,6,1,0,2,0,0,1,1,0,5,0,0,5,0,0,0,0,0,0,0,0,2,5,0,7,0
4UWCDKWL,11,0,1,10,0,0,4,0,1,3,0,0,7,0,0,7,0,0,0,0,0,0,0,0,4,7,0,11,0
8611HQXR,11,1,0,8,4,0,5,0,0,3,2,0,6,1,0,5,2,0,3,0,0,1,2,0,5,7,3,12,0
WYBBUTAL,36,0,11,24,1,2,7,0,1,6,0,1,29,0,10,18,1,1,3,0,1,2,0,0,7,29,3,36,0
WJRIC2HH,160,18,19,119,30,10,66,10,7,43,16,10,94,8,12,76,14,0,2,0,0,2,0,0,76,102,2,178,0
KEIGJTND,12,5,2,5,10,0,2,0,0,0,2,0,10,5,2,5,8,0,1,0,0,1,0,0,2,15,1,17,0
VIVLDRAL,33,20,1,32,20,0,26,20,1,27,18,0,7,0,0,5,2,0,1,0,0,1,0,0,46,7,1,53,0
MONMCEGK,14,1,6,9,0,1,2,0,1,1,0,0,12,1,5,8,0,1,1,1,1,1,0,0,2,13,2,15,0
GEXJCIDC,268,61,72,223,34,0,116,40,36,105,15,0,152,21,36,118,19,0,34,0,5,26,3,0,156,173,34,329,0
HZNDJ6SZ,10,0,0,5,5,0,5,0,0,3,2,0,5,0,0,2,3,0,2,0,0,2,0,0,5,5,2,10,0
YBKWWFBL,55,2,12,35,6,4,8,0,1,6,1,0,47,2,11,29,5,4,7,0,3,4,0,0,8,49,7,57,0
V73YDKLO,42,1,4,39,0,1,9,1,0,10,0,0,33,0,4,29,0,1,5,0,0,5,0,0,10,33,5,43,0
IZSD1L1P,21,1,4,15,3,0,7,0,3,4,0,0,14,1,1,11,3,0,2,1,0,2,1,0,7,15,3,22,0
WFIE9TXS,46,6,5,41,6,0,27,4,1,25,5,0,19,2,4,16,1,0,2,0,0,2,0,0,31,21,2,52,0
ZH1LHNEG,15,0,3,11,0,0,11,0,2,8,0,0,4,0,1,3,0,0,0,0,0,0,0,0,11,4,0,15,0
GXBVDE5G,31,3,3,29,2,0,5,1,2,4,0,0,26,2,1,25,2,0,3,0,0,3,0,0,6,28,3,34,0
6JDSL1XU,1,0,0,1,0,0,0,0,0,0,0,0,1,0,0,1,0,0,1,0,0,1,0,0,0,1,1,1,0
4RMKZKFX,56,7,16,43,4,0,14,5,2,16,1,0,42,2,14,27,3,0,11,0,5,6,0,0,19,44,11,63,0
DXRTZXX8,80,4,20,64,0,1,30,1,11,20,0,0,50,3,9,44,0,1,11,2,2,11,0,0,31,53,13,84,0
HK9JKCCJ,20,0,7,13,0,1,8,0,4,4,0,1,12,0,3,9,0,0,1,0,1,0,0,0,8,12,1,20,0
8C3PFQCN,21,5,3,13,7,3,3,3,0,5,1,0,18,2,3,8,6,3,1,1,1,1,0,0,6,20,2,26,0
ONOS6MVL,3,1,0,3,1,0,2,0,0,2,0,0,1,1,0,1,1,0,0,1,0,1,0,0,2,2,1,4,0
NQTXIRXY,84,18,24,69,1,5,27,13,10,26,0,4,57,5,14,43,1,1,4,1,3,1,0,1,40,62,5,102,0
R9PUP4SI,8,0,0,8,0,0,0,0,0,0,0,0,8,0,0,8,0,0,6,0,0,6,0,0,0,8,6,8,0
DMISSJIW,15,2,2,11,3,1,6,2,2,3,2,1,9,0,0,8,1,0,0,0,0,0,0,0,8,9,0,17,0
Z6MTLDX2,56,7,7,48,8,0,22,7,6,19,4,0,34,0,1,29,4,0,2,0,0,2,0,0,29,34,2,63,0
NOFXD4NF,154,23,43,115,17,5,32,5,11,24,2,0,122,18,32,91,15,5,24,9,8,15,8,4,37,140,33,177,0
D3O9WRHA,43,4,23,23,1,2,20,2,10,12,0,1,23,2,13,11,1,1,3,0,2,1,0,0,22,25,3,47,0
CNZHVDKC,70,0,14,40,12,4,19,0,6,8,5,0,51,0,8,32,7,4,16,0,2,7,3,4,19,51,16,70,0
ETYYWE5H,9,0,2,5,2,0,4,0,2,2,0,0,5,0,0,3,2,0,0,0,0,0,0,0,4,5,0,9,0
SLSESAPO,73,1,11,58,5,1,25,0,3,20,2,0,48,1,8,38,3,1,10,0,3,7,0,0,25,49,10,74,0
SOWW8VYD,33,0,6,27,0,0,6,0,2,4,0,0,27,0,4,23,0,0,2,0,0,2,0,0,6,27,2,33,0
GB2GEEYN,17,2,3,13,3,0,13,1,2,9,3,0,4,1,1,4,0,0,1,0,0,1,0,0,14,5,1,19,0
C78KOYHV,52,0,16,36,0,0,18,0,8,10,0,0,34,0,8,26,0,0,6,0,1,5,0,0,18,34,6,52,0
M93NAG5U,7,2,3,6,0,0,6,1,2,5,0,0,1,1,1,1,0,0,0,0,0,0,0,0,7,2,0,9,0
OO8KKQNI,87,5,21,68,3,0,26,1,5,22,0,0,61,4,16,46,3,0,5,2,2,5,0,0,27,65,7,92,0
IHL9NFHI,86,10,33,60,3,0,30,3,8,24,1,0,56,7,25,36,2,0,12,1,7,6,0,0,33,63,13,96,0
XP1SNHFE,1,0,0,1,0,0,0,0,0,0,0,0,1,0,0,1,0,0,0,0,0,0,0,0,0,1,0,1,0
9EGYD94P,5,14,11,8,0,0,3,12,10,5,0,0,2,2,1,3,0,0,0,0,0,0,0,0,15,4,0,19,0
O1NSJJP6,37,11,8,32,8,0,22,10,5,22,5,0,15,1,3,10,3,0,8,1,0,7,2,0,32,16,9,48,0
YEY5QY2W,9,2,0,11,0,0,4,0,0,4,0,0,5,2,0,7,0,0,1,0,0,1,0,0,4,7,1,11,0
AOVMDIEO,11,0,2,8,1,1,4,0,0,4,0,0,7,0,2,4,1,1,3,0,1,2,0,1,4,7,3,11,0
RB5FUZJ9,84,17,4,64,29,4,37,5,1,26,15,0,47,12,3,38,14,4,4,1,2,3,0,0,42,59,5,101,0
SZRIS35N,1,0,1,0,0,0,0,0,0,0,0,0,1,0,1,0,0,0,1,0,1,0,0,0,0,1,1,1,0
MJB7NNTU,4,0,4,0,0,0,0,0,0,0,0,0,4,0,4,0,0,0,2,0,2,0,0,0,0,4,2,4,0
1HZZNFQH,43,0,10,33,0,0,16,0,4,12,0,0,27,0,6,21,0,0,5,0,2,3,0,0,16,27,5,43,0
EA34EEPM,59,3,10,51,1,0,9,0,1,7,1,0,50,3,9,44,0,0,6,0,2,4,0,0,9,53,6,62,0
HLFDPIWY,2,0,0,0,2,0,1,0,0,0,1,0,1,0,0,0,1,0,0,0,0,0,0,0,1,1,0,2,0
G8R8LCOG,72,6,16,56,6,0,24,4,4,22,2,0,48,2,12,34,4,0,7,0,0,7,0,0,28,50,7,78,0
OL73UWXB,29,7,0,34,2,0,8,3,0,11,0,0,21,4,0,23,2,0,0,0,0,0,0,0,11,25,0,36,0
9QHZFDEC,151,32,49,105,28,1,64,20,23,45,16,0,87,12,26,60,12,1,13,0,5,7,1,0,84,99,13,183,0
LIQCIDLO,26,0,7,19,0,0,6,0,3,3,0,0,20,0,4,16,0,0,3,0,0,3,0,0,6,20,3,26,0
FGDRBEZQ,22,5,10,15,2,0,9,2,5,6,0,0,13,3,5,9,2,0,7,0,3,4,0,0,11,16,7,27,0
DTGIKZXQ,4,0,1,0,3,0,1,0,1,0,0,0,3,0,0,0,3,0,1,0,0,0,1,0,1,3,1,4,0
RZHBXSAG,117,20,22,106,7,1,47,11,10,46,1,0,70,9,12,60,6,1,16,1,4,12,1,0,58,79,17,137,0
8SCCKMR3,67,4,7,55,9,0,13,4,1,14,2,0,54,0,6,41,7,0,2,0,0,2,0,0,17,54,2,71,0
7M3YULRJ,10,0,1,9,0,0,2,0,0,2,0,0,8,0,1,7,0,0,1,0,1,0,0,0,2,8,1,10,0
QFET1LYF,78,7,12,66,7,0,20,3,2,16,5,0,58,4,10,50,2,0,14,0,1,12,1,0,23,62,14,85,0
QYDKSMSD,12,1,1,7,5,0,9,0,0,6,3,0,3,1,1,1,2,0,0,0,0,0,0,0,9,4,0,13,0
93SXPONW,2,1,1,0,2,0,0,1,1,0,0,0,2,0,0,0,2,0,0,0,0,0,0,0,1,2,0,3,0
LEOK9QFM,13,6,5,12,2,0,2,3,2,1,2,0,11,3,3,11,0,0,8,0,2,6,0,0,5,14,8,19,0
DN5FMF8B,79,13,2,48,31,10,26,6,0,15,10,7,53,7,2,33,21,3,9,0,0,9,0,0,32,60,9,92,0
OFXAPNZK,78,4,17,56,9,0,6,0,1,3,2,0,72,4,16,53,7,0,0,0,0,0,0,0,6,76,0,82,0
WQVSMZK9,1,6,2,5,0,0,0,3,2,1,0,0,1,3,0,4,0,0,0,0,0,0,0,0,3,4,0,7,0
UPIVXEBU,40,10,19,23,4,9,28,9,16,17,2,7,12,1,3,6,2,2,2,0,0,2,0,0,37,13,2,50,0
FDJWYXMV,2,2,2,2,0,0,2,1,1,2,0,0,0,1,1,0,0,0,0,0,0,0,0,0,3,1,0,4,0
RV8MNTMH,5,2,0,5,2,0,2,0,0,1,1,0,3,2,0,4,1,0,1,0,0,0,1,0,2,5,1,7,0
OCW3ABRH,10,1,4,7,0,0,3,1,1,3,0,0,7,0,3,4,0,0,0,0,0,0,0,0,4,7,0,11,0
EXBPTUMC,30,1,13,18,0,0,6,0,1,5,0,0,24,1,12,13,0,0,4,0,2,2,0,0,6,25,4,31,0
XUCABOKH,41,4,14,29,2,4,22,3,9,15,1,4,19,1,5,14,1,0,5,0,3,2,0,0,25,20,5,45,0
5PJVFFWV,81,22,12,53,38,0,25,11,2,15,19,0,56,11,10,38,19,0,7,3,0,7,3,0,36,67,10,103,0
AUQUWNLT,111,22,20,84,29,0,37,8,5,29,11,0,74,14,15,55,18,0,10,0,2,8,0,0,45,88,10,133,0
IIFU5FTD,103,0,34,62,5,3,32,0,9,18,3,2,71,0,25,44,2,1,9,0,4,5,0,0,32,71,9,103,0
CYQRRI1N,95,5,27,66,6,2,23,1,7,15,1,1,72,4,20,51,5,1,26,3,5,20,4,0,24,76,29,100,0
RSGKS7DU,4,0,0,4,0,0,4,0,0,4,0,0,0,0,0,0,0,0,0,0,0,0,0,0,4,0,0,4,0
FCIL3XQF,17,34,13,31,7,1,10,19,10,16,3,1,7,15,3,15,4,0,1,1,0,2,0,0,29,22,2,51,0
9UWJCVID,10,0,0,8,2,0,0,0,0,0,0,0,10,0,0,8,2,0,0,0,0,0,0,0,0,10,0,10,0
P9N3XFGK,149,19,22,114,31,2,49,13,9,42,11,1,100,6,13,72,20,1,0,0,0,0,0,0,62,106,0,168,0
CJMQHBDU,8,8,2,14,0,1,1,0,0,1,0,0,7,8,2,13,0,1,3,2,1,4,0,1,1,15,5,16,0
M32ZB9MB,48,3,19,31,1,0,17,2,7,11,1,0,31,1,12,20,0,0,5,0,1,4,0,0,19,32,5,51,0
N2CRBYHF,15,1,2,14,0,2,6,1,1,6,0,1,9,0,1,8,0,1,2,0,0,2,0,0,7,9,2,16,0
NKSDMYLB,58,5,9,43,11,0,20,1,3,12,6,0,38,4,6,31,5,0,9,1,1,7,2,0,21,42,10,63,0
4BH32CBS,169,10,39,109,31,2,46,3,9,29,11,0,123,7,30,80,20,2,38,5,9,24,10,0,49,130,43,179,0
ZG2BEHGW,38,1,14,25,0,0,5,1,2,4,0,0,33,0,12,21,0,0,7,0,4,3,0,0,6,33,7,39,0
FXVDDWQH,12,0,6,6,0,0,3,0,2,1,0,0,9,0,4,5,0,0,1,0,1,0,0,0,3,9,1,12,0
3KBMAIFA,44,2,0,40,6,0,7,0,0,5,2,0,37,2,0,35,4,0,12,0,0,10,2,0,7,39,12,46,0
4DJNHPIW,24,0,10,14,0,1,7,0,5,2,0,1,17,0,5,12,0,0,6,0,1,5,0,0,7,17,6,24,0
BQDHJESF,60,6,27,38,0,2,12,1,6,7,0,0,48,5,21,31,0,2,10,1,4,6,0,0,13,53,11,66,0
UC79LFJT,0,2,0,2,0,0,0,0,0,0,0,0,0,2,0,2,0,0,0,1,0,1,0,0,0,2,1,2,0
QWMVRLIU,28,0,0,23,4,1,10,0,0,7,3,0,18,0,0,16,1,1,1,0,0,1,0,0,10,18,1,28,0
XRZ8HQPR,16,1,4,8,5,0,11,1,4,5,3,0,5,0,0,3,2,0,1,0,0,0,1,0,12,5,1,17,0
EPHKKZ7C,10,1,1,4,6,0,7,1,1,3,4,0,3,0,0,1,2,0,0,0,0,0,0,0,8,3,0,11,0
L9GBNJFO,2,0,2,0,0,0,2,0,2,0,0,0,0,0,0,0,0,0,0,0,0,0,0,0,2,0,0,2,0
YAODIT3O,67,13,3,34,30,14,0,0,0,0,0,0,67,13,3,34,30,14,66,13,3,33,30,14,0,80,79,80,0
M785GFVV,28,2,4,26,0,0,7,0,3,4,0,0,21,2,1,22,0,0,8,0,0,8,0,0,7,23,8,30,0
EVHU29F9,1,1,0,2,0,0,1,0,0,1,0,0,0,1,0,1,0,0,0,0,0,0,0,0,1,1,0,2,0
BLTBLARG,28,2,6,24,0,0,9,1,3,7,0,0,19,1,3,17,0,0,4,0,2,2,0,0,10,20,4,30,0
FDNNKMHS,69,2,23,47,1,0,33,1,11,22,1,0,36,1,12,25,0,0,4,0,1,3,0,0,34,37,4,71,0
JTJ2QMEK,40,2,7,35,0,0,7,1,0,8,0,0,33,1,7,27,0,0,3,0,0,3,0,0,8,34,3,42,0
9FALKTVM,3,0,1,2,0,0,0,0,0,0,0,0,3,0,1,2,0,0,0,0,0,0,0,0,0,3,0,3,0
FQ2WSNIJ,20,0,3,14,0,1,3,0,0,3,0,0,17,0,3,11,0,1,5,0,0,3,0,0,3,17,5,20,0
VXKQZGC8,24,1,5,19,1,0,10,1,0,11,0,0,14,0,5,8,1,0,0,0,0,0,0,0,11,14,0,25,0
N64QLLLM,17,7,3,18,3,0,6,7,3,9,1,0,11,0,0,9,2,0,1,0,0,1,0,0,13,11,1,24,0
KMAGBJ3G,2,1,1,1,1,0,0,0,0,0,0,0,2,1,1,1,1,0,1,0,0,1,0,0,0,3,1,3,0
CLFKSZWU,37,1,11,24,3,0,10,1,3,7,1,0,27,0,8,17,2,0,4,0,0,3,1,0,11,27,4,38,0
QO8V7KBV,15,2,6,10,1,0,10,1,5,5,1,0,5,1,1,5,0,0,1,0,0,1,0,0,11,6,1,17,0
ATUMF8H3,24,1,1,24,0,0,4,0,1,3,0,0,20,1,0,21,0,0,3,0,0,3,0,0,4,21,3,25,0
IA8YSI7J,18,2,2,18,0,0,8,0,0,8,0,0,10,2,2,10,0,0,2,0,0,2,0,0,8,12,2,20,0
6SXOIGFP,36,2,10,27,1,0,9,0,4,5,0,0,27,2,6,22,1,0,11,0,0,10,1,0,9,29,11,38,0
B1PKZHRI,76,2,23,53,2,1,21,2,8,15,0,1,55,0,15,38,2,0,7,0,1,4,2,0,23,55,7,78,0
LNPCS2HZ,1,0,0,1,0,0,0,0,0,0,0,0,1,0,0,1,0,0,1,0,0,1,0,0,0,1,1,1,0
8KUVLLPE,64,1,13,45,6,1,19,1,5,14,1,0,45,0,8,31,5,1,1,0,0,0,1,0,20,45,1,65,0
QZOCDBUG,144,98,17,89,95,41,36,29,11,31,23,0,108,69,6,58,72,41,19,14,2,18,10,3,65,177,33,242,0
KJVTRXZC,64,2,10,52,4,0,24,2,5,19,2,0,40,0,5,33,2,0,4,0,0,3,1,0,26,40,4,66,0
B9FIMX2Z,22,3,6,19,0,0,4,2,0,6,0,0,18,1,6,13,0,0,4,1,1,4,0,0,6,19,5,25,0
XNWDXDGP,77,2,16,52,11,0,40,2,11,22,9,0,37,0,5,30,2,0,7,0,0,7,0,0,42,37,7,79,0
MAI4M4WI,38,0,10,26,2,0,9,0,1,6,2,0,29,0,9,20,0,0,4,0,2,2,0,0,9,29,4,38,0
BUMEBW6N,53,5,24,32,2,3,16,2,6,12,0,0,37,3,18,20,2,3,7,2,6,3,0,1,18,40,9,58,0
HQTOZI6D,1,0,1,0,0,0,1,0,1,0,0,0,0,0,0,0,0,0,0,0,0,0,0,0,1,0,0,1,0
HBNWNFOF,6,7,1,7,5,0,3,3,1,4,1,0,3,4,0,3,4,0,1,0,0,0,1,0,6,7,1,13,0
CU1GWDEY,79,9,13,71,4,0,29,1,4,25,1,0,50,8,9,46,3,0,8,0,2,6,0,0,30,58,8,88,0
OREMGOHP,56,0,11,45,0,0,17,0,2,15,0,0,39,0,9,30,0,0,7,0,0,7,0,0,17,39,7,56,0
PIFRJIQL,94,5,28,67,4,2,49,5,21,31,2,2,45,0,7,36,2,0,4,0,0,4,0,0,54,45,4,99,0
C2UQA5TF,27,6,5,27,1,0,16,6,4,17,1,0,11,0,1,10,0,0,1,0,0,1,0,0,22,11,1,33,0
ZHRDERLM,36,12,4,36,8,0,25,11,4,24,8,0,11,1,0,12,0,0,4,1,0,5,0,0,36,12,5,48,0
XHRSU4CF,38,3,7,30,2,2,15,3,6,12,0,0,23,0,1,18,2,2,4,0,0,4,0,0,18,23,4,41,0
YXR1LFRR,7,1,4,4,0,0,0,0,0,0,0,0,7,1,4,4,0,0,2,0,2,0,0,0,0,8,2,8,0
OZX46IGG,1,0,0,0,1,0,0,0,0,0,0,0,1,0,0,0,1,0,0,0,0,0,0,0,0,1,0,1,0
WVSK6LBF,6,2,5,3,0,0,0,2,2,0,0,0,6,0,3,3,0,0,0,0,0,0,0,0,2,6,0,8,0
9TCNDH3F,25,1,3,23,0,0,5,0,1,4,0,0,20,1,2,19,0,0,4,1,0,5,0,0,5,21,5,26,0
7NR6ZYW5,72,41,10,52,42,10,50,33,9,34,31,10,22,8,1,18,11,0,0,0,0,0,0,0,83,30,0,113,0
2LWMGSZE,11,1,2,10,0,0,4,1,1,4,0,0,7,0,1,6,0,0,0,0,0,0,0,0,5,7,0,12,0
OF9LHQJH,6,0,1,5,0,0,5,0,1,4,0,0,1,0,0,1,0,0,1,0,0,1,0,0,5,1,1,6,0
N8KTJKKF,1,0,0,1,0,0,0,0,0,0,0,0,1,0,0,1,0,0,1,0,0,1,0,0,0,1,1,1,0
OULD3QLM,65,10,5,62,8,0,21,6,1,23,3,0,44,4,4,39,5,0,8,0,0,8,0,0,27,48,8,75,0
KUCBZLTI,224,38,34,169,55,4,67,4,6,53,11,1,157,34,28,116,44,3,20,6,2,15,7,2,71,191,26,262,0
K5JSQLCD,1,0,0,1,0,0,0,0,0,0,0,0,1,0,0,1,0,0,1,0,0,1,0,0,0,1,1,1,0
WI5HXN9I,2,0,0,1,0,1,2,0,0,1,0,1,0,0,0,0,0,0,0,0,0,0,0,0,2,0,0,2,0
YLCFBLYJ,4,5,0,5,4,0,4,5,0,5,4,0,0,0,0,0,0,0,0,0,0,0,0,0,9,0,0,9,0
QM98DDUM,73,0,14,58,1,0,22,0,6,16,0,0,51,0,8,42,1,0,12,0,2,10,0,0,22,51,12,73,0
MN3FVFML,8,0,0,5,3,0,2,0,0,2,0,0,6,0,0,3,3,0,0,0,0,0,0,0,2,6,0,8,0
S9BIH11O,215,60,53,130,91,2,107,37,41,61,42,1,108,23,12,69,49,1,19,7,4,13,8,1,144,131,26,275,0
PBRHVFZG,2,1,0,1,2,0,1,0,0,1,0,0,1,1,0,0,2,0,0,0,0,0,0,0,1,2,0,3,0
AXOC6UCD,25,0,6,18,1,0,5,0,0,5,0,0,20,0,6,13,1,0,5,0,0,5,0,0,5,20,5,25,0
JQRILXKE,37,14,11,34,4,1,22,13,6,25,3,1,15,1,5,9,1,0,3,0,1,1,1,0,35,16,3,51,0
R8KIKSPR,10,7,0,15,2,0,7,5,0,10,2,0,3,2,0,5,0,0,0,0,0,0,0,0,12,5,0,17,0
XGUSQJY4,26,3,2,22,5,0,7,1,2,3,3,0,19,2,0,19,2,0,0,0,0,0,0,0,8,21,0,29,0
JZDAN1UP,51,45,8,55,33,0,36,27,8,36,19,0,15,18,0,19,14,0,0,2,0,2,0,0,63,33,2,96,0
VWJNGKRC,47,17,2,39,22,1,18,9,1,15,11,0,29,8,1,24,11,1,7,0,0,7,0,0,27,37,7,64,0
LEHP8XXI,104,6,18,82,10,0,30,2,2,27,3,0,74,4,16,55,7,0,11,0,5,5,1,0,32,78,11,110,0
YTAG98RH,1,13,3,11,0,0,1,5,0,6,0,0,0,8,3,5,0,0,0,3,1,2,0,0,6,8,3,14,0
PAXQGQ4L,11,3,1,12,1,0,4,1,1,3,1,0,7,2,0,9,0,0,0,0,0,0,0,0,5,9,0,14,0
EAS1UWO9,14,0,3,11,0,0,5,0,1,4,0,0,9,0,2,7,0,0,2,0,1,1,0,0,5,9,2,14,0
AAFUAQ6A,13,0,0,11,2,0,2,0,0,1,1,0,11,0,0,10,1,0,2,0,0,2,0,0,2,11,2,13,0
T7K4XWQP,3,0,1,2,0,0,3,0,1,2,0,0,0,0,0,0,0,0,0,0,0,0,0,0,3,0,0,3,0
T3YIZJG9,82,5,21,63,3,0,18,3,4,16,1,0,64,2,17,47,2,0,9,0,3,6,0,0,21,66,9,87,0
KJWGH2IB,2,1,0,1,2,0,0,0,0,0,0,0,2,1,0,1,2,0,0,0,0,0,0,0,0,3,0,3,0
CAYG1STB,24,1,2,21,2,0,5,0,1,3,1,0,19,1,1,18,1,0,2,0,0,2,0,0,5,20,2,25,0
WB44ZAGG,96,11,11,81,15,2,27,5,2,24,6,0,69,6,9,57,9,2,5,1,0,6,0,0,32,75,6,107,0
N47MQFVK,32,10,3,33,6,0,18,8,2,20,4,0,14,2,1,13,2,0,5,0,1,4,0,0,26,16,5,42,0
3BUKWSMF,72,50,29,73,18,2,51,12,22,37,4,0,21,38,7,36,14,2,13,15,5,19,4,0,63,59,28,122,0
6UY9DTVZ,1,1,0,2,0,0,0,1,0,1,0,0,1,0,0,1,0,0,0,0,0,0,0,0,1,1,0,2,0
L74AHGIR,13,0,2,8,3,0,8,0,2,4,2,0,5,0,0,4,1,0,0,0,0,0,0,0,8,5,0,13,0
L9M34FPU,32,2,6,24,4,2,12,0,3,8,1,0,20,2,3,16,3,2,2,0,0,2,0,0,12,22,2,34,0
DMIEDXSX,7,0,1,6,0,0,3,0,1,2,0,0,4,0,0,4,0,0,1,0,0,1,0,0,3,4,1,7,0
47ND5JJT,106,23,20,84,25,1,60,13,12,44,17,1,46,10,8,40,8,0,4,2,1,5,0,0,73,56,6,129,0
ADVDA3Y4,11,7,2,12,4,0,11,5,2,10,4,0,0,2,0,2,0,0,0,0,0,0,0,0,16,2,0,18,0
IDB7BDGW,52,2,16,36,2,1,14,0,2,11,1,0,38,2,14,25,1,1,9,0,3,6,0,1,14,40,9,54,0
FCQKFILK,42,8,6,30,14,0,14,3,0,12,5,0,28,5,6,18,9,0,3,0,2,1,0,0,17,33,3,50,0
HLFPV6DL,25,1,5,21,0,0,13,1,4,10,0,0,12,0,1,11,0,0,2,0,0,2,0,0,14,12,2,26,0
UP885ILH,5,5,2,8,0,0,1,2,1,2,0,0,4,3,1,6,0,0,0,0,0,0,0,0,3,7,0,10,0
U937C3LM,34,1,9,26,0,0,14,1,5,10,0,0,20,0,4,16,0,0,7,0,2,5,0,0,15,20,7,35,0
HJYBFOY1,42,0,11,31,0,0,14,0,3,11,0,0,28,0,8,20,0,0,0,0,0,0,0,0,14,28,0,42,0
MDS1BXZV,3,0,1,2,0,0,1,0,1,0,0,0,2,0,0,2,0,0,0,0,0,0,0,0,1,2,0,3,0
CR2CITG1,30,0,10,18,2,0,14,0,2,10,2,0,16,0,8,8,0,0,6,0,1,5,0,0,14,16,6,30,0
V15TPEGC,53,2,16,34,4,0,20,2,6,13,2,0,33,0,10,21,2,0,3,0,1,2,0,0,22,33,3,55,0
PBKMHYKJ,57,1,8,37,9,4,10,0,0,10,0,0,47,1,8,27,9,4,6,1,1,6,0,0,10,48,7,58,0
O1FALO9Y,21,0,5,14,1,1,7,0,2,4,0,1,14,0,3,10,1,0,2,0,0,1,1,0,7,14,2,21,0
UHUVPUWB,1,0,0,1,0,0,1,0,0,1,0,0,0,0,0,0,0,0,0,0,0,0,0,0,1,0,0,1,0
7TGUNQCF,43,6,26,19,1,6,14,5,11,5,0,4,29,1,15,14,1,2,4,0,1,2,1,0,19,30,4,49,0
2YC99MS4,66,1,14,52,1,0,19,1,3,16,1,0,47,0,11,36,0,0,5,0,1,4,0,0,20,47,5,67,0
ZNKCVFF4,42,6,13,29,3,3,7,3,4,4,2,0,35,3,9,25,1,3,5,0,4,1,0,0,10,38,5,48,0
IBU1X4JD,26,0,9,17,0,2,15,0,7,8,0,2,11,0,2,9,0,0,3,0,0,3,0,0,15,11,3,26,0
ZL6LOS1K,20,0,4,16,0,2,9,0,3,6,0,2,11,0,1,10,0,0,0,0,0,0,0,0,9,11,0,20,0
2XFNSHMY,6,0,1,5,0,0,2,0,0,2,0,0,4,0,1,3,0,0,0,0,0,0,0,0,2,4,0,6,1
KLZD4FLT,27,5,1,25,4,2,10,4,0,11,1,2,17,1,1,14,3,0,3,0,0,0,3,0,14,18,3,32,0
QIY9CIND,35,1,14,22,0,3,11,0,5,6,0,3,24,1,9,16,0,0,4,0,0,4,0,0,11,25,4,36,0
VC16V47T,26,3,13,16,0,3,9,2,5,6,0,2,17,1,8,10,0,1,6,0,2,4,0,0,11,18,6,29,0
WEF4EXLT,63,8,31,38,1,3,16,7,12,10,0,1,47,1,19,28,1,2,13,0,5,7,1,2,23,48,13,71,0
WFWLGRAE,11,1,1,9,2,0,0,0,0,0,0,0,11,1,1,9,2,0,2,0,0,2,0,0,0,12,2,12,0
XRWKST1L,35,4,12,26,1,0,8,3,2,9,0,0,27,1,10,17,1,0,0,0,0,0,0,0,11,28,0,39,0
AXMBEVD4,6,2,4,4,0,2,1,2,2,1,0,1,5,0,2,3,0,1,0,0,0,0,0,0,3,5,0,8,0
I8HLJC7K,30,4,7,26,1,1,12,1,3,10,0,0,18,3,4,16,1,1,1,0,0,1,0,0,13,21,1,34,0
XLEXEG4Y,13,0,2,10,1,0,0,0,0,0,0,0,13,0,2,10,1,0,13,0,2,10,1,0,0,13,13,13,0
9JD8LFKI,0,1,0,1,0,0,0,0,0,0,0,0,0,1,0,1,0,0,0,1,0,1,0,0,0,1,1,1,0
WPMI9RLT,49,12,1,41,14,5,20,6,0,14,8,4,29,6,1,27,6,1,4,0,0,4,0,0,26,35,4,61,0
SFKTIV3F,1,1,1,1,0,0,0,1,1,0,0,0,1,0,0,1,0,0,1,0,0,1,0,0,1,1,1,2,0
PP3I9ABK,22,2,5,18,1,0,4,2,0,5,1,0,18,0,5,13,0,0,1,0,1,0,0,0,6,18,1,24,0
7EMRMAOB,140,31,26,123,22,0,54,16,8,55,7,0,86,15,18,68,15,0,20,1,8,11,2,0,70,101,21,171,0
GMDFLWZH,17,2,2,15,2,0,4,0,0,4,0,0,13,2,2,11,2,0,2,0,1,1,0,0,4,15,2,19,0
SKI6PZM9,16,9,10,10,5,0,16,9,10,10,5,0,0,0,0,0,0,0,0,0,0,0,0,0,25,0,0,25,0
Z3BPYDOR,4,0,1,3,0,0,2,0,0,2,0,0,2,0,1,1,0,0,0,0,0,0,0,0,2,2,0,4,0
ZJAGD8TG,19,20,1,37,1,0,9,8,1,15,1,0,10,12,0,22,0,0,0,0,0,0,0,0,17,22,0,39,0
R9SRDO6Y,87,5,19,67,6,0,28,3,7,23,1,0,59,2,12,44,5,0,8,0,1,7,0,0,31,61,8,92,0
G3FCTAJC,55,8,22,41,0,0,25,0,12,13,0,0,30,8,10,28,0,0,6,2,2,6,0,0,25,38,8,63,0
ZUQVHNVZ,26,0,13,13,0,0,5,0,0,5,0,0,21,0,13,8,0,0,5,0,4,1,0,0,5,21,5,26,0
RO8FUBDF,1,0,1,0,0,0,0,0,0,0,0,0,1,0,1,0,0,0,1,0,1,0,0,0,0,1,1,1,0
MB2MYUFN,5,0,2,3,0,0,1,0,0,1,0,0,4,0,2,2,0,0,0,0,0,0,0,0,1,4,0,5,0
NENTNA6V,19,0,5,13,1,0,8,0,4,4,0,0,11,0,1,9,1,0,1,0,0,1,0,0,8,11,1,19,0
FKGUY699,43,4,3,40,3,1,12,1,2,10,1,0,31,3,1,30,2,1,6,1,1,5,0,1,13,34,7,47,0
XU5T7WLQ,54,4,8,48,1,2,21,3,5,17,1,1,33,1,3,31,0,1,4,0,0,4,0,0,24,34,4,58,0
ZODWOFFK,54,1,16,37,2,1,3,1,1,2,1,0,51,0,15,35,1,1,14,0,5,9,0,0,4,51,14,55,0
IBLJLBO9,131,23,25,85,36,8,68,17,11,44,24,6,63,6,14,41,12,2,5,0,2,3,0,0,85,69,5,154,0
KQGS8RCT,17,0,6,11,0,0,4,0,3,1,0,0,13,0,3,10,0,0,2,0,0,2,0,0,4,13,2,17,0
KAKZ7TYP,48,1,13,30,6,0,17,0,2,12,3,0,31,1,11,18,3,0,1,0,0,0,1,0,17,32,1,49,0
H4HGWR59,53,4,2,44,10,1,13,1,0,12,2,0,40,3,2,32,8,1,4,3,1,2,4,0,14,43,7,57,0
QCDDBQES,9,2,5,6,0,0,4,0,2,2,0,0,5,2,3,4,0,0,1,0,0,1,0,0,4,7,1,11,0
Q1YSKBFF,4,0,1,3,0,0,0,0,0,0,0,0,4,0,1,3,0,0,1,0,0,1,0,0,0,4,1,4,0
FRTHK793,33,3,15,20,0,2,11,1,4,7,0,1,22,2,11,13,0,1,4,0,3,1,0,0,12,24,4,36,0
JJICRVEE,51,4,10,45,0,0,7,0,1,6,0,0,44,4,9,39,0,0,9,0,4,5,0,0,7,48,9,55,0
ZPBEM7A7,30,4,12,21,1,0,6,4,2,8,0,0,24,0,10,13,1,0,6,0,3,3,0,0,10,24,6,34,0
KKAFQZRL,8,3,3,7,1,0,2,2,1,3,0,0,6,1,2,4,1,0,1,0,0,1,0,0,4,7,1,11,0
9JJAPPXI,19,0,9,10,0,1,11,0,7,4,0,1,8,0,2,6,0,0,2,0,1,1,0,0,11,8,2,19,0
Q1LBIHSP,96,17,31,73,8,1,35,6,11,24,6,1,61,11,20,49,2,0,11,0,4,7,0,0,41,72,11,113,0
3GDR1X7E,47,3,9,39,2,0,21,3,7,16,1,0,26,0,2,23,1,0,2,0,0,2,0,0,24,26,2,50,0
TEAOUST2,27,2,3,26,0,0,5,0,1,4,0,0,22,2,2,22,0,0,3,1,0,4,0,0,5,24,4,29,0
FFUFN5DS,35,1,15,20,1,0,11,0,2,8,1,0,24,1,13,12,0,0,3,0,0,3,0,0,11,25,3,36,0
JY87R3PW,13,1,4,9,1,1,8,1,3,6,0,0,5,0,1,3,1,1,2,0,0,1,1,0,9,5,2,14,0
ODS8EPDV,13,1,2,12,0,0,6,0,0,6,0,0,7,1,2,6,0,0,1,0,0,1,0,0,6,8,1,14,0
W4ALIGMC,14,3,1,11,5,1,3,1,1,1,2,1,11,2,0,10,3,0,1,0,0,1,0,0,4,13,1,17,0
VEQCJBQA,114,12,17,88,10,10,48,4,8,35,4,5,66,8,9,53,6,5,13,0,2,11,0,0,52,74,13,126,0
TQ4B6KBJ,0,1,0,1,0,0,0,0,0,0,0,0,0,1,0,1,0,0,0,0,0,0,0,0,0,1,0,1,0
OL2NT51R,49,5,9,43,2,1,30,5,6,27,2,1,19,0,3,16,0,0,0,0,0,0,0,0,35,19,0,54,0
HOCHUCK7,3,0,1,2,0,0,1,0,1,0,0,0,2,0,0,2,0,0,2,0,0,2,0,0,1,2,2,3,0
6IVMX5BZ,2,1,0,1,2,0,0,0,0,0,0,0,2,1,0,1,2,0,1,0,0,1,0,0,0,3,1,3,0
ZPYDU4EN,43,3,14,28,1,2,20,2,7,12,1,0,23,1,7,16,0,2,7,0,2,5,0,0,22,24,7,46,0
SDADLID3,5,1,4,2,0,0,0,1,0,1,0,0,5,0,4,1,0,0,0,0,0,0,0,0,1,5,0,6,0
EJLWEIMC,11,0,1,10,0,0,1,0,0,1,0,0,10,0,1,9,0,0,0,0,0,0,0,0,1,10,0,11,0
FEOF7JQZ,14,0,3,11,0,0,4,0,0,4,0,0,10,0,3,7,0,0,1,0,1,0,0,0,4,10,1,14,0
N7NLWUMZ,3,0,1,2,0,0,0,0,0,0,0,0,3,0,1,2,0,0,0,0,0,0,0,0,0,3,0,3,0
ACDOFZD1,10,3,2,6,5,0,5,1,1,3,2,0,5,2,1,3,3,0,3,0,1,1,1,0,6,7,3,13,0
FPYICBQX,6,0,1,4,1,0,5,0,1,3,1,0,1,0,0,1,0,0,0,0,0,0,0,0,5,1,0,6,0
HLV9R8GY,166,45,43,122,35,13,82,33,29,60,21,7,84,12,14,62,14,6,5,0,0,4,1,0,115,96,5,211,0
SZYZFZBF,54,10,3,54,7,0,21,2,1,22,0,0,33,8,2,32,7,0,6,0,0,4,2,0,23,41,6,64,0
ACSIBMWL,37,5,19,16,6,0,6,2,3,4,1,0,31,3,16,12,5,0,7,0,3,3,0,0,8,34,7,42,0
SWOCMIES,3,0,1,2,0,0,2,0,1,1,0,0,1,0,0,1,0,0,0,0,0,0,0,0,2,1,0,3,0
D87W3WQ3,15,2,3,14,0,0,6,2,1,7,0,0,9,0,2,7,0,0,5,0,2,3,0,0,8,9,5,17,0
TVVELGUA,51,3,11,36,7,0,11,2,4,8,1,0,40,1,7,28,6,0,6,0,1,4,1,0,13,41,6,54,0
NVDK9OBM,28,5,1,32,0,0,14,0,1,13,0,0,14,5,0,19,0,0,1,0,0,1,0,0,14,19,1,33,0
WFODPAVT,0,2,0,2,0,0,0,2,0,2,0,0,0,0,0,0,0,0,0,0,0,0,0,0,2,0,0,2,0
9RJOHI6K,29,11,2,29,9,0,26,10,2,27,7,0,3,1,0,2,2,0,0,0,0,0,0,0,36,4,0,40,0
ZBI5DVXB,24,21,10,24,11,0,20,14,8,17,9,0,4,7,2,7,2,0,1,0,0,1,0,0,34,11,1,45,0
O8NNR5OX,9,0,2,7,0,0,4,0,1,3,0,0,5,0,1,4,0,0,0,0,0,0,0,0,4,5,0,9,0
AVSULSIB,4,0,2,2,0,0,0,0,0,0,0,0,4,0,2,2,0,0,4,0,2,2,0,0,0,4,4,4,0
JVXMYYQE,7,0,6,1,0,0,3,0,3,0,0,0,4,0,3,1,0,0,0,0,0,0,0,0,3,4,0,7,0
JKWWH6FT,14,1,4,10,1,0,6,1,1,6,0,0,8,0,3,4,1,0,1,0,0,1,0,0,7,8,1,15,0
DXKNB8PT,32,4,12,22,2,0,18,3,6,13,2,0,14,1,6,9,0,0,0,0,0,0,0,0,21,15,0,36,0
QI75QLEP,11,0,1,9,1,0,7,0,1,6,0,0,4,0,0,3,1,0,0,0,0,0,0,0,7,4,0,11,0
19NG6IZX,14,0,1,13,0,0,2,0,1,1,0,0,12,0,0,12,0,0,4,0,0,4,0,0,2,12,4,14,0
K1XPTJ8S,24,0,1,22,1,0,16,0,0,15,1,0,8,0,1,7,0,0,2,0,0,2,0,0,16,8,2,24,0
CCJY7FIH,24,9,3,23,7,0,18,6,3,16,5,0,6,3,0,7,2,0,0,0,0,0,0,0,24,9,0,33,0
ECPHLZ2S,2,0,0,2,0,0,0,0,0,0,0,0,2,0,0,2,0,0,2,0,0,2,0,0,0,2,2,2,0
QGCDNAQX,1,2,0,3,0,0,0,2,0,2,0,0,1,0,0,1,0,0,1,0,0,1,0,0,2,1,1,3,0
GQMST1YC,20,26,11,30,4,6,2,4,1,4,1,0,18,22,10,26,3,6,9,7,4,8,3,1,6,40,16,46,0
OQCBA4LZ,72,9,11,57,13,0,29,6,7,23,5,0,43,3,4,34,8,0,5,0,0,5,0,0,35,46,5,81,0
CGXZPFFP,27,5,4,23,5,0,4,0,0,3,1,0,23,5,4,20,4,0,4,3,1,5,1,0,4,28,7,32,0
QBAS1F3B,2,0,0,2,0,0,0,0,0,0,0,0,2,0,0,2,0,0,0,0,0,0,0,0,0,2,0,2,0
73LVLQLA,27,3,5,24,1,0,12,1,3,9,1,0,15,2,2,15,0,0,1,0,0,1,0,0,13,17,1,30,0
AIEBW2K4,29,5,0,27,7,0,22,5,0,20,7,0,7,0,0,7,0,0,0,0,0,0,0,0,27,7,0,34,0
IN6YCEFJ,31,2,3,28,2,0,6,1,1,5,1,0,25,1,2,23,1,0,6,1,1,6,0,0,7,26,7,33,0
6RSGAXWD,43,7,10,29,8,6,9,0,1,7,1,1,34,7,9,22,7,5,26,5,8,18,4,2,9,41,31,50,0
BZJ5U7DG,25,6,2,25,4,0,9,6,1,12,2,0,16,0,1,13,2,0,4,0,0,3,1,0,15,16,4,31,0
YAFFNJQ2,56,9,11,49,5,1,22,5,4,20,3,1,34,4,7,29,2,0,10,0,1,8,1,0,27,38,10,65,0
H3WCDROS,16,1,0,10,5,2,0,0,0,0,0,0,16,1,0,10,5,2,3,0,0,2,1,0,0,17,3,17,0
DSDXZ7NP,30,0,0,29,1,0,6,0,0,6,0,0,24,0,0,23,1,0,5,0,0,5,0,0,6,24,5,30,0
2UDGCUHF,27,0,4,22,1,0,13,0,2,10,1,0,14,0,2,12,0,0,1,0,0,1,0,0,13,14,1,27,0
FDROTKHK,33,0,7,26,0,0,12,0,4,8,0,0,21,0,3,18,0,0,5,0,1,4,0,0,12,21,5,33,0
BLWFOQ7Q,22,11,9,21,3,0,22,11,9,21,3,0,0,0,0,0,0,0,0,0,0,0,0,0,33,0,0,33,0
5DCLXMFZ,25,17,9,31,2,0,11,14,7,17,1,0,14,3,2,14,1,0,1,0,0,1,0,0,25,17,1,42,0
OORFOIWW,27,25,7,34,11,0,20,16,5,25,6,0,7,9,2,9,5,0,1,0,0,1,0,0,36,16,1,52,0
C691FWFS,1,0,0,1,0,0,1,0,0,1,0,0,0,0,0,0,0,0,0,0,0,0,0,0,1,0,0,1,0
AJ8VPHNH,19,3,5,7,10,0,2,2,1,3,0,0,17,1,4,4,10,0,1,0,0,1,0,0,4,18,1,22,0
GIBMKIMF,30,0,3,25,2,0,16,0,2,13,1,0,14,0,1,12,1,0,2,0,0,2,0,0,16,14,2,30,0
HLLNICGI,48,0,14,34,0,0,10,0,3,7,0,0,38,0,11,27,0,0,3,0,0,3,0,0,10,38,3,48,0
WNUSU4BD,25,5,2,19,7,2,11,2,0,9,3,1,14,3,2,10,4,1,3,1,0,4,0,0,13,17,4,30,0
QGDW1HLP,6,3,1,5,3,0,2,0,0,1,1,0,4,3,1,4,2,0,0,0,0,0,0,0,2,7,0,9,0
KIYAA3NM,12,1,1,8,4,0,0,0,0,0,0,0,12,1,1,8,4,0,12,1,1,8,4,0,0,13,13,13,0
T3CXIV8T,30,0,6,19,5,3,8,0,1,7,0,0,22,0,5,12,5,3,2,0,2,0,0,1,8,22,2,30,0
HM2OWPXY,18,9,5,16,6,0,12,5,3,11,3,0,6,4,2,5,3,0,2,0,0,1,1,0,17,10,2,27,0
NKGQYPKZ,87,3,41,45,4,5,25,3,13,12,3,5,62,0,28,33,1,0,8,0,4,4,0,0,28,62,8,90,0
SFNTBXZJ,22,0,3,18,1,0,8,0,3,5,0,0,14,0,0,13,1,0,0,0,0,0,0,0,8,14,0,22,0
7T2WUGUQ,21,12,4,26,3,0,21,12,4,26,3,0,0,0,0,0,0,0,0,0,0,0,0,0,33,0,0,33,0
TSG4T84Y,4,3,2,4,1,0,4,3,2,4,1,0,0,0,0,0,0,0,0,0,0,0,0,0,7,0,0,7,0
9XYHJ3LI,50,4,12,38,4,3,11,3,4,7,3,1,39,1,8,31,1,2,7,1,2,6,0,0,14,40,8,54,0
7QAU6XOK,14,1,0,6,9,0,6,0,0,4,2,0,8,1,0,2,7,0,0,1,0,0,1,0,6,9,1,15,0
DWMIG3RB,1,3,1,3,0,0,0,3,1,2,0,0,1,0,0,1,0,0,0,0,0,0,0,0,3,1,0,4,0
EB5IWDZE,9,0,0,8,1,0,3,0,0,3,0,0,6,0,0,5,1,0,0,0,0,0,0,0,3,6,0,9,0
LOKYFVEN,25,1,7,19,0,0,9,0,3,6,0,0,16,1,4,13,0,0,4,0,1,3,0,0,9,17,4,26,0
UH2WJ3GV,72,12,9,61,14,0,46,12,7,38,13,0,26,0,2,23,1,0,3,0,0,3,0,0,58,26,3,84,0
6B7LBZ1P,33,0,19,13,1,1,11,0,6,5,0,1,22,0,13,8,1,0,3,0,2,1,0,0,11,22,3,33,0
XHDR2ZGV,43,2,4,39,0,0,5,2,2,4,0,0,38,0,2,35,0,0,8,0,0,8,0,0,7,38,8,45,0
IRHQBANN,151,15,34,125,7,0,50,11,11,44,6,0,101,4,23,81,1,0,23,0,5,18,0,0,61,105,23,166,0
I7XTNZV5,5,1,1,5,0,0,3,1,1,3,0,0,2,0,0,2,0,0,0,0,0,0,0,0,4,2,0,6,0
NIPLE9EM,117,32,19,99,23,8,57,29,8,53,17,8,60,3,11,46,6,0,7,0,1,6,0,0,86,63,7,149,0
1G3E7M8C,37,12,7,33,5,4,17,6,2,16,3,2,20,6,5,17,2,2,5,0,1,1,2,1,23,26,5,49,0
9P9OTQL8,23,0,6,17,0,0,2,0,2,0,0,0,21,0,4,17,0,0,2,0,1,1,0,0,2,21,2,23,0
JVSFHXCU,32,1,5,25,3,0,16,1,3,13,1,0,16,0,2,12,2,0,0,0,0,0,0,0,17,16,0,33,0
XTQV5ILS,35,1,3,30,3,1,9,1,1,9,0,0,26,0,2,21,3,1,6,0,1,3,2,1,10,26,6,36,0
M4MLZNTE,36,2,19,17,0,1,15,1,6,9,0,1,21,1,13,8,0,0,0,0,0,0,0,0,16,22,0,38,0
DJSWSSCD,71,4,18,54,3,0,13,0,5,8,0,0,58,4,13,46,3,0,5,0,1,4,0,0,13,62,5,75,0
FZ66D7OT,1,2,0,1,2,0,1,1,0,1,1,0,0,1,0,0,1,0,0,0,0,0,0,0,2,1,0,3,0
BQDUL1AV,56,11,3,48,16,0,27,6,3,23,7,0,29,5,0,25,9,0,3,0,0,3,0,0,33,34,3,67,0
BLEBEMQT,9,2,1,5,4,1,5,2,1,4,2,0,4,0,0,1,2,1,0,0,0,0,0,0,7,4,0,11,0
B6CE1IY4,86,4,32,55,1,3,25,3,8,18,1,1,61,1,24,37,0,2,7,0,2,4,0,0,28,62,7,90,0
SIKDUJHU,12,0,5,5,0,2,5,0,1,2,0,2,7,0,4,3,0,0,1,0,1,0,0,0,5,7,1,12,0
RWXUWMFB,25,0,8,14,3,0,4,0,2,1,1,0,21,0,6,13,2,0,3,0,0,3,0,0,4,21,3,25,0
CJDBZEAF,31,4,3,31,1,0,9,3,2,10,0,0,22,1,1,21,1,0,3,0,0,3,0,0,12,23,3,35,0
GZAT8NWS,37,5,5,36,0,0,9,1,0,10,0,0,28,4,5,26,0,0,3,1,1,2,0,0,10,32,4,42,0
26KH4GMB,0,2,0,2,0,0,0,2,0,2,0,0,0,0,0,0,0,0,0,0,0,0,0,0,2,0,0,2,0
5FSUC3O9,7,0,0,7,0,0,0,0,0,0,0,0,7,0,0,7,0,0,1,0,0,1,0,0,0,7,1,7,0
KS4CYMA6,24,0,3,21,0,0,8,0,1,7,0,0,16,0,2,14,0,0,0,0,0,0,0,0,8,16,0,24,0
HNO8REAC,8,0,3,5,0,0,3,0,1,2,0,0,5,0,2,3,0,0,0,0,0,0,0,0,3,5,0,8,0
BAJCE9Y3,27,0,6,21,0,0,2,0,2,0,0,0,25,0,4,21,0,0,4,0,2,2,0,0,2,25,4,27,0
LHA7KWHY,35,0,9,23,3,0,12,0,5,5,2,0,23,0,4,18,1,0,1,0,0,1,0,0,12,23,1,35,0
3YH4HKJZ,4,0,1,2,1,0,1,0,1,0,0,0,3,0,0,2,1,0,0,0,0,0,0,0,1,3,0,4,0
T8Y8WI5H,19,15,12,17,5,0,19,15,12,17,5,0,0,0,0,0,0,0,0,0,0,0,0,0,34,0,0,34,0
HQG6KS8S,25,3,2,23,3,0,9,0,2,5,2,0,16,3,0,18,1,0,3,0,0,3,0,0,9,19,3,28,0
WWN8EY5D,25,1,8,18,0,1,3,1,2,2,0,0,22,0,6,16,0,1,0,0,0,0,0,0,4,22,0,26,0
QFBIPRSM,1,1,0,2,0,0,0,0,0,0,0,0,1,1,0,2,0,0,0,0,0,0,0,0,0,2,0,2,0
1PY4I9LP,50,2,16,34,1,3,14,1,4,11,0,1,36,1,12,23,1,2,8,1,3,4,1,2,15,37,9,52,0
KRMX6HMY,36,0,11,22,0,2,7,0,2,4,0,1,29,0,9,18,0,1,2,0,2,0,0,0,7,29,2,36,0
UFKERQK4,35,0,9,26,0,0,8,0,6,2,0,0,27,0,3,24,0,0,3,0,0,3,0,0,8,27,3,35,0
GNO3N2QL,25,7,0,7,16,9,23,7,0,6,15,9,2,0,0,1,1,0,0,0,0,0,0,0,30,2,0,32,0
5UXZMAUH,4,2,0,2,4,0,2,2,0,2,2,0,2,0,0,0,2,0,0,0,0,0,0,0,4,2,0,6,0
EH9EI9CJ,81,14,13,68,9,5,47,4,5,35,6,5,34,10,8,33,3,0,0,0,0,0,0,0,51,44,0,95,0
SD5JQCLR,205,46,94,144,13,20,87,23,44,58,8,12,118,23,50,86,5,8,4,0,1,3,0,1,110,141,4,251,0
4MYLJNB5,47,3,14,26,7,3,9,0,1,6,2,0,38,3,13,20,5,3,4,1,2,3,0,0,9,41,5,50,0
SOULENH4,29,1,12,17,1,0,8,0,2,6,0,0,21,1,10,11,1,0,3,0,3,0,0,0,8,22,3,30,0
LUX1SNQB,49,3,0,49,3,0,16,3,0,19,0,0,33,0,0,30,3,0,9,0,0,8,1,0,19,33,9,52,0
LHYTLBQL,33,5,6,25,7,0,12,5,1,9,7,0,21,0,5,16,0,0,3,0,1,2,0,0,17,21,3,38,0
SN8TBAL8,31,1,2,30,0,0,17,0,2,15,0,0,14,1,0,15,0,0,3,0,0,3,0,0,17,15,3,32,0
KTXRVMA1,33,2,10,23,2,0,10,2,2,10,0,0,23,0,8,13,2,0,5,0,3,2,0,0,12,23,5,35,0
H59KBYRH,0,8,4,4,0,0,0,1,1,0,0,0,0,7,3,4,0,0,0,0,0,0,0,0,1,7,0,8,0
ITDJLGAV,66,17,2,37,33,11,60,17,0,33,33,11,6,0,2,4,0,0,0,0,0,0,0,0,77,6,0,83,0
6HAZ3G74,23,0,3,19,1,1,4,0,0,4,0,0,19,0,3,15,1,1,3,0,0,3,0,0,4,19,3,23,0
YXD54DHQ,42,12,2,49,3,0,15,9,2,21,1,0,27,3,0,28,2,0,5,1,0,5,1,0,24,30,6,54,0
ZLKC2DF9,13,0,0,8,4,1,7,0,0,2,4,1,6,0,0,6,0,0,1,0,0,1,0,0,7,6,1,13,0
SGEI8U9D,21,0,2,18,1,0,11,0,1,9,1,0,10,0,1,9,0,0,1,0,0,1,0,0,11,10,1,21,0
KYCQSBPE,46,14,1,45,12,2,36,12,0,34,12,2,10,2,1,11,0,0,1,0,0,1,0,0,48,12,1,60,0
UQAVJFHD,25,1,11,15,0,0,7,1,3,5,0,0,18,0,8,10,0,0,1,0,1,0,0,0,8,18,1,26,0
H7FC5322,21,2,2,16,4,1,10,1,0,7,3,1,11,1,2,9,1,0,1,0,1,0,0,0,11,12,1,23,0
9DWZKARL,55,3,20,38,0,0,9,2,4,7,0,0,46,1,16,31,0,0,4,0,1,3,0,0,11,47,4,58,0
MCFDDHX7,29,3,9,22,1,0,10,0,2,8,0,0,19,3,7,14,1,0,5,2,4,3,0,0,10,22,7,32,0
4KFC5Y7C,3,0,1,2,0,0,2,0,1,1,0,0,1,0,0,1,0,0,0,0,0,0,0,0,2,1,0,3,0
MYS8UVNG,62,0,6,44,9,4,18,0,0,14,4,0,44,0,6,30,5,4,8,0,1,6,1,0,18,44,8,62,0
PHVW4KEC,30,1,0,23,8,0,5,0,0,5,0,0,25,1,0,18,8,0,6,0,0,5,1,0,5,26,6,31,0
XECMB3FU,19,0,7,12,0,0,5,0,1,4,0,0,14,0,6,8,0,0,2,0,1,1,0,0,5,14,2,19,0
WQWUUES7,29,13,7,25,10,0,21,8,6,18,5,0,8,5,1,7,5,0,1,0,0,1,0,0,29,13,1,42,0
PJLVNR5O,46,8,10,29,11,4,27,8,10,12,9,4,19,0,0,17,2,0,0,0,0,0,0,0,35,19,0,54,0
LNFJLDH4,7,1,0,4,4,0,4,1,0,4,1,0,3,0,0,0,3,0,0,0,0,0,0,0,5,3,0,8,0
MHHOXQXQ,7,0,0,7,0,0,7,0,0,7,0,0,0,0,0,0,0,0,0,0,0,0,0,0,7,0,0,7,0
B9TKXD7L,134,6,15,121,4,1,28,6,2,32,0,0,106,0,13,89,4,1,23,0,3,19,1,0,34,106,23,140,0
QOFRZQFK,7,0,0,5,0,2,3,0,0,1,0,2,4,0,0,4,0,0,2,0,0,2,0,0,3,4,2,7,0
BVFD1SIV,12,1,1,11,1,0,3,0,1,2,0,0,9,1,0,9,1,0,0,0,0,0,0,0,3,10,0,13,0
IOVGFSN2,4,0,0,4,0,0,2,0,0,2,0,0,2,0,0,2,0,0,0,0,0,0,0,0,2,2,0,4,0
KM6S5XWD,14,0,3,11,0,0,4,0,1,3,0,0,10,0,2,8,0,0,0,0,0,0,0,0,4,10,0,14,0
XCVGTLHQ,1,0,1,0,0,0,0,0,0,0,0,0,1,0,1,0,0,0,0,0,0,0,0,0,0,1,0,1,0
LJFPHNK2,5,0,2,3,0,0,1,0,0,1,0,0,4,0,2,2,0,0,0,0,0,0,0,0,1,4,0,5,0
9GCCRPKJ,1,0,1,0,0,0,0,0,0,0,0,0,1,0,1,0,0,0,0,0,0,0,0,0,0,1,0,1,0
WLAS3VWC,1,0,0,1,0,0,1,0,0,1,0,0,0,0,0,0,0,0,0,0,0,0,0,0,1,0,0,1,0
AZTGF4XE,64,33,13,60,14,11,22,9,6,22,2,1,42,24,7,38,12,10,0,0,0,0,0,0,31,66,0,97,0
RZPFJDQX,114,36,12,89,37,12,66,25,8,49,25,9,48,11,4,40,12,3,8,0,1,7,0,0,91,59,8,150,0
QL5QCWWF,11,4,5,9,1,0,5,3,2,5,1,0,6,1,3,4,0,0,2,0,0,2,0,0,8,7,2,15,0
AJ8UWDID,10,0,0,10,0,0,1,0,0,1,0,0,9,0,0,9,0,0,4,0,0,4,0,0,1,9,4,10,0
HTGX3BON,10,3,5,8,0,0,5,3,3,5,0,0,5,0,2,3,0,0,0,0,0,0,0,0,8,5,0,13,0
VLOLXWTP,2,0,0,0,2,0,1,0,0,0,1,0,1,0,0,0,1,0,0,0,0,0,0,0,1,1,0,2,0
MRPXPEKT,39,13,2,43,7,0,13,5,2,11,5,0,26,8,0,32,2,0,2,1,0,3,0,0,18,34,3,52,0
APCI2EYP,86,3,4,77,8,0,32,3,2,30,3,0,54,0,2,47,5,0,3,0,0,2,1,0,35,54,3,89,0
WDLGWIKZ,50,8,2,39,14,3,42,8,1,32,14,3,8,0,1,7,0,0,0,0,0,0,0,0,50,8,0,58,0
TSLQGXYJ,0,1,0,1,0,0,0,0,0,0,0,0,0,1,0,1,0,0,0,0,0,0,0,0,0,1,0,1,0
NFSDWS3H,2,2,0,4,0,0,2,2,0,4,0,0,0,0,0,0,0,0,0,0,0,0,0,0,4,0,0,4,0
RJTQXTGS,12,3,0,10,5,0,5,3,0,6,2,0,7,0,0,4,3,0,1,0,0,0,1,0,8,7,1,15,0
QUHPGLYR,82,10,8,68,15,1,34,3,0,30,7,0,48,7,8,38,8,1,10,2,3,8,1,0,37,55,12,92,0
AKJ2DEES,34,2,12,23,1,0,6,0,2,4,0,0,28,2,10,19,1,0,5,0,0,5,0,0,6,30,5,36,0
L3YYVOLG,123,27,25,105,19,1,44,15,7,41,11,0,79,12,18,64,8,1,8,0,1,7,0,0,59,91,8,150,0
KNLLBJCO,8,1,0,8,0,1,2,1,0,2,0,1,6,0,0,6,0,0,1,0,0,1,0,0,3,6,1,9,0
M6I4GAUX,80,16,12,73,10,1,43,6,9,36,4,1,37,10,3,37,6,0,15,1,1,14,1,0,49,47,16,96,0
MI1TFEWM,15,1,4,10,2,0,6,1,3,3,1,0,9,0,1,7,1,0,2,0,1,1,0,0,7,9,2,16,0
UXDBVWLO,119,29,13,100,35,0,66,18,9,52,23,0,53,11,4,48,12,0,3,0,1,2,0,0,84,64,3,148,0
HOOQHMDK,19,3,1,19,2,0,9,3,0,10,2,0,10,0,1,9,0,0,0,0,0,0,0,0,12,10,0,22,0
FNQDDYXB,1,0,1,0,0,0,0,0,0,0,0,0,1,0,1,0,0,0,1,0,1,0,0,0,0,1,1,1,0
FZGS4PBU,8,2,0,8,2,0,1,1,0,2,0,0,7,1,0,6,2,0,2,0,0,2,0,0,2,8,2,10,0
XET7P7CG,45,11,3,46,6,1,16,8,3,19,2,0,29,3,0,27,4,1,4,0,0,4,0,0,24,32,4,56,0
LVS2KROG,5,2,2,3,2,0,4,2,2,2,2,0,1,0,0,1,0,0,0,0,0,0,0,0,6,1,0,7,0
JYII5DPW,14,14,7,20,1,0,12,14,7,18,1,0,2,0,0,2,0,0,0,0,0,0,0,0,26,2,0,28,0
DXUMDJAG,10,0,1,9,0,1,5,0,1,4,0,1,5,0,0,5,0,0,2,0,0,2,0,0,5,5,2,10,0
2DUUWD6I,105,14,9,91,19,0,46,12,9,35,14,0,59,2,0,56,5,0,12,0,0,12,0,0,58,61,12,119,0
WY31FFFA,29,0,10,19,0,1,13,0,6,7,0,1,16,0,4,12,0,0,9,0,3,6,0,0,13,16,9,29,0
PEGIT6FT,3,0,0,3,0,0,0,0,0,0,0,0,3,0,0,3,0,0,2,0,0,2,0,0,0,3,2,3,0
INNRAMN7,29,5,5,16,9,5,16,4,4,8,4,5,13,1,1,8,5,0,3,0,1,1,1,0,20,14,3,34,0
NXNINLUH,6,0,1,4,1,0,2,0,1,1,0,0,4,0,0,3,1,0,2,0,0,2,0,0,2,4,2,6,0
5GKPGZYB,9,0,4,5,0,1,3,0,1,2,0,1,6,0,3,3,0,0,1,0,1,0,0,0,3,6,1,9,0
D2IJLPPN,6,1,2,4,1,0,1,1,0,1,1,0,5,0,2,3,0,0,0,0,0,0,0,0,2,5,0,7,0
XRZSMR7F,33,15,13,33,2,1,21,12,12,19,2,1,12,3,1,14,0,0,0,0,0,0,0,0,33,15,0,48,0
QEQMLGSQ,35,1,3,31,2,0,7,0,1,6,0,0,28,1,2,25,2,0,3,0,0,3,0,0,7,29,3,36,0
UNDJEFIO,27,1,3,25,0,0,13,1,2,12,0,0,14,0,1,13,0,0,1,0,0,1,0,0,14,14,1,28,0
DZZCHGPE,4,1,0,5,0,0,4,0,0,4,0,0,0,1,0,1,0,0,0,0,0,0,0,0,4,1,0,5,0
ILFSI5BG,18,0,0,15,3,0,9,0,0,7,2,0,9,0,0,8,1,0,0,0,0,0,0,0,9,9,0,18,0
AXUIJPUI,3,0,3,0,0,0,3,0,3,0,0,0,0,0,0,0,0,0,0,0,0,0,0,0,3,0,0,3,0
IIO9ABTA,61,1,11,48,3,0,20,0,3,15,2,0,41,1,8,33,1,0,2,0,1,1,0,0,20,42,2,62,0
VPESA5GS,0,2,2,0,0,0,0,1,1,0,0,0,0,1,1,0,0,0,0,0,0,0,0,0,1,1,0,2,0
KZSVZYQ3,15,1,7,8,1,0,13,1,6,7,1,0,2,0,1,1,0,0,0,0,0,0,0,0,14,2,0,16,0
SHFAQD7N,23,0,7,16,0,0,5,0,1,4,0,0,18,0,6,12,0,0,5,0,2,3,0,0,5,18,5,23,0
DMDJAQQD,15,2,3,13,1,0,8,1,0,8,1,0,7,1,3,5,0,0,4,0,2,2,0,0,9,8,4,17,0
UKEKBCMC,6,3,0,5,4,0,5,2,0,4,3,0,1,1,0,1,1,0,0,0,0,0,0,0,7,2,0,9,0
ZOJ35YIL,17,3,2,13,5,0,9,2,2,6,3,0,8,1,0,7,2,0,1,1,0,2,0,0,11,9,2,20,0
G4E1NZVO,94,16,34,58,11,6,33,0,7,23,3,0,61,16,27,35,8,6,12,2,5,8,0,0,33,77,14,110,0
LJJHY7B5,2,1,1,2,0,0,0,0,0,0,0,0,2,1,1,2,0,0,2,1,1,2,0,0,0,3,3,3,0
KH2BLGSW,50,6,2,22,28,4,39,6,2,20,20,3,11,0,0,2,8,1,0,0,0,0,0,0,45,11,0,56,0
IQHD3CHZ,6,1,0,3,4,0,3,1,0,2,2,0,3,0,0,1,2,0,2,0,0,1,1,0,4,3,2,7,0
NWCTBJH9,8,2,0,10,0,0,4,2,0,6,0,0,4,0,0,4,0,0,0,0,0,0,0,0,6,4,0,10,0
TBNABDV7,36,11,3,22,17,5,25,8,1,18,12,2,11,3,2,4,5,3,2,0,0,2,0,0,33,14,2,47,0
RV5IEKCA,33,2,17,15,2,1,8,1,3,6,0,0,25,1,14,9,2,1,4,0,2,1,0,1,9,26,4,35,0
G1DBTIAP,2,3,0,1,0,3,2,3,0,1,0,3,0,0,0,0,0,0,0,0,0,0,0,0,5,0,0,5,0
7CLDCJRR,8,0,1,7,0,0,2,0,0,2,0,0,6,0,1,5,0,0,1,0,0,1,0,0,2,6,1,8,0
ZGPVKQU6,13,0,5,7,1,1,3,0,1,2,0,1,10,0,4,5,1,0,1,0,0,1,0,0,3,10,1,13,0
JKZR4HUC,21,1,3,19,0,0,10,0,1,9,0,0,11,1,2,10,0,0,3,0,0,3,0,0,10,12,3,22,0
AJRH3WFS,3,1,2,1,1,0,2,1,1,1,1,0,1,0,1,0,0,0,0,0,0,0,0,0,3,1,0,4,0
7N7AAHEH,47,14,3,3,6,49,13,4,2,1,5,9,34,10,1,2,1,40,5,0,0,0,0,5,17,44,5,61,0
VYJI6SIO,6,0,1,5,0,0,3,0,1,2,0,0,3,0,0,3,0,0,0,0,0,0,0,0,3,3,0,6,0
BNIAVQKA,39,3,10,32,0,0,13,3,3,13,0,0,26,0,7,19,0,0,5,0,1,4,0,0,16,26,5,42,0
7USLEATB,1,0,0,1,0,0,0,0,0,0,0,0,1,0,0,1,0,0,0,0,0,0,0,0,0,1,0,1,0
OCNGJDTK,3,0,0,3,0,0,3,0,0,3,0,0,0,0,0,0,0,0,0,0,0,0,0,0,3,0,0,3,0
DXE4LHNR,8,0,1,6,1,0,1,0,0,0,1,0,7,0,1,6,0,0,0,0,0,0,0,0,1,7,0,8,0
I5EI3OHP,45,1,14,32,0,0,9,1,1,9,0,0,36,0,13,23,0,0,11,0,5,6,0,0,10,36,11,46,0
KNYKO5DG,3,0,0,3,0,0,0,0,0,0,0,0,3,0,0,3,0,0,3,0,0,3,0,0,0,3,3,3,0
GGJUQVJW,84,22,12,46,18,30,48,18,5,17,15,29,36,4,7,29,3,1,19,3,3,16,3,0,66,40,22,106,0
AAUQF4EY,8,1,7,1,1,0,3,0,2,1,0,0,5,1,5,0,1,0,0,0,0,0,0,0,3,6,0,9,0
MUEFMFXB,23,1,0,14,10,0,7,1,0,6,2,0,16,0,0,8,8,0,4,0,0,2,2,0,8,16,4,24,0
5YK2LCJU,6,3,3,6,0,0,6,3,3,6,0,0,0,0,0,0,0,0,0,0,0,0,0,0,9,0,0,9,0
IXOZCYHM,8,0,1,7,0,0,1,0,0,1,0,0,7,0,1,6,0,0,0,0,0,0,0,0,1,7,0,8,0
XPBEZVUY,21,2,7,16,0,0,11,2,5,8,0,0,10,0,2,8,0,0,9,0,1,8,0,0,13,10,9,23,0
E7G2J4FO,9,0,0,9,0,0,4,0,0,4,0,0,5,0,0,5,0,0,2,0,0,2,0,0,4,5,2,9,0
TSJEUPSE,6,0,2,3,1,0,1,0,0,1,0,0,5,0,2,2,1,0,0,0,0,0,0,0,1,5,0,6,0
ACTTAEWB,106,43,20,102,27,1,62,24,9,57,20,1,44,19,11,45,7,0,4,1,0,5,0,0,86,63,5,149,0
KBWEOKZM,1,2,0,2,1,0,0,0,0,0,0,0,1,2,0,2,1,0,1,2,0,2,1,0,0,3,3,3,0
4M7FYG7D,2,0,0,2,0,0,0,0,0,0,0,0,2,0,0,2,0,0,0,0,0,0,0,0,0,2,0,2,0
KDZUGQR5,43,1,10,33,0,0,10,1,2,9,0,0,33,0,8,24,0,0,5,0,2,2,0,0,11,33,5,44,0
II2HVJBV,7,1,0,2,4,2,3,1,0,1,3,0,4,0,0,1,1,2,0,0,0,0,0,0,4,4,0,8,0
CZB5AZBP,83,14,11,72,14,0,34,0,8,22,4,0,49,14,3,50,10,0,5,3,0,6,2,0,34,63,8,97,0
HP4LKNED,47,1,5,35,8,0,8,0,0,6,2,0,39,1,5,29,6,0,0,0,0,0,0,0,8,40,0,48,0
JVPWK96S,10,0,1,7,2,0,8,0,1,6,1,0,2,0,0,1,1,0,0,0,0,0,0,0,8,2,0,10,0
RSXOIRGY,4,0,0,4,0,0,0,0,0,0,0,0,4,0,0,4,0,0,0,0,0,0,0,0,0,4,0,4,0
MUZTVKZA,15,0,3,12,0,0,1,0,1,0,0,0,14,0,2,12,0,0,2,0,0,2,0,0,1,14,2,15,0
VKXCN4AA,22,9,2,16,7,6,9,2,1,6,3,1,13,7,1,10,4,5,4,2,0,2,2,2,11,20,6,31,0
VEKRETNP,57,0,26,30,0,3,15,0,7,8,0,0,42,0,19,22,0,3,7,0,3,4,0,0,15,42,7,57,0
ZXCMHDIY,137,13,48,87,13,4,49,12,22,29,10,4,88,1,26,58,3,0,17,0,1,16,0,0,61,89,17,150,0
II4VIOFF,45,10,16,32,6,1,27,3,11,18,1,0,18,7,5,14,5,1,8,2,1,9,0,0,30,25,10,55,0
L7CPFC1X,6,0,0,6,0,0,5,0,0,5,0,0,1,0,0,1,0,0,0,0,0,0,0,0,5,1,0,6,0
WWFUWFH2,48,3,1,39,10,1,26,3,1,20,7,1,22,0,0,19,3,0,8,0,0,6,2,0,29,22,8,51,0
ATOEHXWK,45,18,9,43,7,4,28,17,8,27,6,4,17,1,1,16,1,0,2,0,0,2,0,0,45,18,2,63,0
T7FKPURQ,62,6,2,43,21,2,36,5,1,21,18,1,26,1,1,22,3,1,4,0,1,2,0,1,41,27,4,68,0
YNJRTDBN,49,2,22,28,1,1,24,1,7,18,0,1,25,1,15,10,1,0,5,0,4,1,0,0,25,26,5,51,0
KM4OEMKC,71,3,22,50,2,0,35,3,13,23,2,0,36,0,9,27,0,0,5,0,1,4,0,0,38,36,5,74,0
7IWRSDPK,75,9,23,55,6,0,39,7,17,23,6,0,36,2,6,32,0,0,3,0,0,3,0,0,46,38,3,84,0
O1SZQES9,31,0,12,19,0,1,11,0,6,5,0,1,20,0,6,14,0,0,5,0,2,3,0,0,11,20,5,31,0
PG18WOBK,5,0,0,5,0,0,1,0,0,1,0,0,4,0,0,4,0,0,0,0,0,0,0,0,1,4,0,5,0
VDGJWLPG,11,2,0,7,6,0,7,1,0,5,3,0,4,1,0,2,3,0,0,0,0,0,0,0,8,5,0,13,0
6EK4MHDT,108,18,34,70,20,5,48,6,13,27,12,3,60,12,21,43,8,2,6,0,1,5,0,0,54,72,6,126,0
NLPKH6OF,7,11,0,14,4,0,7,10,0,13,4,0,0,1,0,1,0,0,0,0,0,0,0,0,17,1,0,18,0
VBFHTJKH,7,3,0,5,5,0,0,0,0,0,0,0,7,3,0,5,5,0,2,1,0,2,1,0,0,10,3,10,0
GOLEBOZF,0,1,1,0,0,0,0,0,0,0,0,0,0,1,1,0,0,0,0,0,0,0,0,0,0,1,0,1,0
SPVWBH5W,5,5,1,5,1,3,4,5,1,4,1,3,1,0,0,1,0,0,0,0,0,0,0,0,9,1,0,10,0
HVKJLGK3,41,9,1,29,20,0,18,7,0,17,8,0,23,2,1,12,12,0,1,0,0,1,0,0,25,25,1,50,0
6GSBAWF3,4,0,1,3,0,0,1,0,1,0,0,0,3,0,0,3,0,0,3,0,0,3,0,0,1,3,3,4,0
NJEACVHI,18,4,2,17,3,0,13,3,1,12,3,0,5,1,1,5,0,0,0,0,0,0,0,0,16,6,0,22,0
75M9NQM8,48,5,11,41,1,1,12,3,2,13,0,0,36,2,9,28,1,1,5,1,2,4,0,0,15,38,6,53,0
POBRURCK,37,0,10,24,0,2,13,0,1,11,0,0,24,0,9,13,0,2,2,0,2,0,0,0,13,24,2,37,0
AM9PTHKG,10,0,2,8,0,0,7,0,2,5,0,0,3,0,0,3,0,0,0,0,0,0,0,0,7,3,0,10,0
VTAYFZBQ,12,1,2,5,6,0,3,0,1,2,0,0,9,1,1,3,6,0,4,0,1,2,1,0,3,10,4,13,0
GCIPQAAG,32,3,7,24,4,0,18,2,4,12,4,0,14,1,3,12,0,0,3,0,0,3,0,0,20,15,3,35,0
SORAOBKV,8,2,1,9,0,0,3,0,0,3,0,0,5,2,1,6,0,0,2,0,0,2,0,0,3,7,2,10,0
JKFMKXIZ,10,0,0,3,7,0,6,0,0,2,4,0,4,0,0,1,3,0,0,0,0,0,0,0,6,4,0,10,0
JD9B3GQR,1,3,0,4,0,0,1,3,0,4,0,0,0,0,0,0,0,0,0,0,0,0,0,0,4,0,0,4,0
9T9L5ZOJ,60,16,5,61,10,0,16,11,4,19,4,0,44,5,1,42,6,0,5,0,0,5,0,0,27,49,5,76,0
YQDUROTG,10,0,4,6,0,0,5,0,3,2,0,0,5,0,1,4,0,0,0,0,0,0,0,0,5,5,0,10,0
HE5HDOHR,120,4,43,56,25,3,59,2,20,23,18,3,61,2,23,33,7,0,7,0,3,4,0,0,61,63,7,124,0
MWXNSAR1,19,14,0,30,3,0,19,14,0,30,3,0,0,0,0,0,0,0,0,0,0,0,0,0,33,0,0,33,0
YQP1GELM,33,5,1,23,13,1,14,4,1,15,1,1,19,1,0,8,12,0,5,0,0,3,2,0,18,20,5,38,0
FJJPUNOO,23,7,8,22,0,0,6,2,3,5,0,0,17,5,5,17,0,0,4,1,2,3,0,0,8,22,5,30,0
B5IPNL5S,16,1,1,11,4,1,1,0,0,1,0,0,15,1,1,10,4,1,3,0,0,3,0,0,1,16,3,17,0
JL34T9WK,94,21,3,95,17,0,33,13,2,33,11,0,61,8,1,62,6,0,7,0,0,7,0,0,46,69,7,115,0
ERQPDM7E,6,4,0,3,0,7,0,0,0,0,0,0,6,4,0,3,0,7,6,4,0,3,0,7,0,10,10,10,0
GOK5TGFP,1,0,0,1,0,0,0,0,0,0,0,0,1,0,0,1,0,0,1,0,0,1,0,0,0,1,1,1,0
WOIRMM6F,29,16,10,27,8,0,19,12,10,15,6,0,10,4,0,12,2,0,6,3,0,8,1,0,31,14,9,45,0
66BF4TKJ,65,4,14,53,1,3,18,3,4,16,1,3,47,1,10,37,0,0,8,0,2,6,0,0,21,48,8,69,0
N4EGRE93,51,68,21,80,18,1,32,35,17,38,12,1,19,33,4,42,6,0,0,2,0,2,0,0,67,52,2,119,0
BXHKXPZ9,11,0,0,10,1,0,2,0,0,2,0,0,9,0,0,8,1,0,1,0,0,1,0,0,2,9,1,11,0
BFW72CVS,19,0,5,8,6,0,12,0,3,4,5,0,7,0,2,4,1,0,0,0,0,0,0,0,12,7,0,19,0
LQCLZYIC,1,1,0,1,1,0,0,0,0,0,0,0,1,1,0,1,1,0,1,1,0,1,1,0,0,2,2,2,0
I32FAVF6,23,0,5,17,1,0,10,0,3,7,0,0,13,0,2,10,1,0,3,0,0,3,0,0,10,13,3,23,0
NV9VFHPQ,0,4,3,1,0,0,0,1,1,0,0,0,0,3,2,1,0,0,0,0,0,0,0,0,1,3,0,4,0
CHIZYEFR,7,0,0,6,1,0,1,0,0,1,0,0,6,0,0,5,1,0,2,0,0,1,1,0,1,6,2,7,0
8Y4BOKHB,104,4,5,74,27,2,26,2,0,22,6,0,78,2,5,52,21,2,4,0,0,3,1,0,28,80,4,108,0
6EFMZIJH,1,1,1,1,0,0,0,0,0,0,0,0,1,1,1,1,0,0,0,0,0,0,0,0,0,2,0,2,0
5CGSO2AF,6,1,0,6,1,0,1,1,0,1,1,0,5,0,0,5,0,0,2,0,0,2,0,0,2,5,2,7,0
UK5LT23N,168,25,28,130,35,0,51,9,15,36,9,0,117,16,13,94,26,0,20,0,4,14,2,0,60,133,20,193,0
LUD93DHJ,2,0,0,2,0,0,1,0,0,1,0,0,1,0,0,1,0,0,0,0,0,0,0,0,1,1,0,2,0
NTED5LJ8,21,0,4,17,0,0,7,0,2,5,0,0,14,0,2,12,0,0,4,0,1,3,0,0,7,14,4,21,0
TLT6R81A,110,11,24,90,7,2,30,8,4,33,1,2,80,3,20,57,6,0,11,3,2,11,1,0,38,83,14,121,0
NI7UFXLR,2,4,0,5,1,0,2,2,0,4,0,0,0,2,0,1,1,0,0,1,0,1,0,0,4,2,1,6,0
MCNHCSO2,34,7,4,27,10,0,15,3,1,11,6,0,19,4,3,16,4,0,5,1,0,4,2,0,18,23,6,41,0
U8XXUCIM,2,0,0,2,0,0,1,0,0,1,0,0,1,0,0,1,0,0,0,0,0,0,0,0,1,1,0,2,0
UASAGT2T,36,3,2,25,9,3,19,3,0,10,9,3,17,0,2,15,0,0,3,0,0,3,0,0,22,17,3,39,0
DWTBTOX8,13,0,1,12,0,0,8,0,1,7,0,0,5,0,0,5,0,0,1,0,0,1,0,0,8,5,1,13,0
JNDHMASF,14,7,2,17,2,0,9,4,1,10,2,0,5,3,1,7,0,0,2,1,0,3,0,0,13,8,3,21,0
U4ZEIYBC,58,14,30,41,1,2,24,2,13,13,0,2,34,12,17,28,1,0,1,0,0,1,0,0,26,46,1,72,0
NWAXCJ9Z,7,1,0,4,4,0,6,0,0,3,3,0,1,1,0,1,1,0,0,0,0,0,0,0,6,2,0,8,0
5JDWWVOI,43,3,5,39,2,0,12,2,1,12,1,0,31,1,4,27,1,0,4,0,1,3,0,0,14,32,4,46,0
DJUVEEKE,50,12,13,46,3,2,33,12,13,29,3,2,17,0,0,17,0,0,3,0,0,3,0,0,45,17,3,62,0
VZUHKOGO,7,1,2,5,1,0,4,1,1,3,1,0,3,0,1,2,0,0,0,0,0,0,0,0,5,3,0,8,0
XSNNVSY7,37,0,13,24,0,0,4,0,1,3,0,0,33,0,12,21,0,0,1,0,0,1,0,0,4,33,1,37,0
GIHYEIVO,153,9,45,75,42,3,64,9,21,31,21,3,89,0,24,44,21,0,9,0,3,5,1,0,73,89,9,162,0
M6CJWGRJ,11,0,3,7,0,0,6,0,3,2,0,0,5,0,0,5,0,0,0,0,0,0,0,0,6,5,0,11,0
TFNTWO6B,14,1,1,11,3,0,2,1,0,3,0,0,12,0,1,8,3,0,0,0,0,0,0,0,3,12,0,15,0
8LX5GHHH,3,11,0,13,1,0,1,3,0,3,1,0,2,8,0,10,0,0,0,0,0,0,0,0,4,10,0,14,0
SBWA8DUE,34,14,8,31,9,0,15,10,7,12,6,0,19,4,1,19,3,0,1,2,0,3,0,0,25,23,3,48,0
J63YDBNZ,96,16,31,68,13,0,30,9,10,23,6,0,66,7,21,45,7,0,11,3,4,8,2,0,39,73,14,112,0
E5MRAHIN,5,0,0,5,0,0,2,0,0,2,0,0,3,0,0,3,0,0,0,0,0,0,0,0,2,3,0,5,0
BHZIQC3H,13,0,0,13,0,0,3,0,0,3,0,0,10,0,0,10,0,0,0,0,0,0,0,0,3,10,0,13,0
HJNAS3FB,123,22,21,84,25,14,41,11,7,22,18,5,82,11,14,62,7,9,22,3,4,16,3,1,52,93,25,145,0
OJC7CKJS,14,11,2,22,1,0,9,8,1,16,0,0,5,3,1,6,1,0,3,0,0,2,1,0,17,8,3,25,0
3LOFLAHO,3,1,1,2,1,0,1,1,1,0,1,0,2,0,0,2,0,0,1,0,0,1,0,0,2,2,1,4,0
LKDZ9B7Q,41,2,3,35,5,0,21,2,0,20,3,0,20,0,3,15,2,0,1,0,0,0,1,0,23,20,1,43,0
JQ4KZQFP,6,0,1,5,0,0,4,0,1,3,0,0,2,0,0,2,0,0,0,0,0,0,0,0,4,2,0,6,0
GRZJKNIJ,1,0,1,0,0,0,1,0,1,0,0,0,0,0,0,0,0,0,0,0,0,0,0,0,1,0,0,1,0
UDVHK1FT,154,102,25,141,81,9,101,58,19,79,52,9,53,44,6,62,29,0,6,3,0,9,0,0,159,97,9,256,0
NVB7PX5P,5,1,0,5,1,0,0,0,0,0,0,0,5,1,0,5,1,0,4,1,0,4,1,0,0,6,5,6,0
AH35YFLY,8,0,1,5,2,0,3,0,0,2,1,0,5,0,1,3,1,0,1,0,1,0,0,0,3,5,1,8,0
1NNIIXEZ,1,0,0,0,1,0,1,0,0,0,1,0,0,0,0,0,0,0,0,0,0,0,0,0,1,0,0,1,0
IKZ6QIVF,20,1,2,18,0,1,11,0,1,9,0,1,9,1,1,9,0,0,3,0,0,3,0,0,11,10,3,21,0
XY8LQ9UN,4,4,2,6,0,0,0,0,0,0,0,0,4,4,2,6,0,0,0,0,0,0,0,0,0,8,0,8,0
QZVKMZA1,2,8,1,2,7,0,1,8,1,2,6,0,1,0,0,0,1,0,0,0,0,0,0,0,9,1,0,10,0
3GXGNPJ2,29,0,10,18,1,0,9,0,1,7,1,0,20,0,9,11,0,0,2,0,1,1,0,0,9,20,2,29,0
NQFXMAJG,21,0,1,17,3,0,3,0,0,2,1,0,18,0,1,15,2,0,3,0,0,3,0,0,3,18,3,21,0
79BHTHWZ,28,5,7,26,0,0,6,1,0,7,0,0,22,4,7,19,0,0,3,0,0,3,0,0,7,26,3,33,0
FRJZJN7F,55,8,24,39,0,4,19,3,5,17,0,1,36,5,19,22,0,3,7,0,3,4,0,1,22,41,7,63,0
GACUUFDJ,77,2,38,41,0,0,20,2,11,11,0,0,57,0,27,30,0,0,7,0,2,5,0,0,22,57,7,79,0
GTD9AUPO,12,2,1,10,3,0,6,0,0,4,2,0,6,2,1,6,1,0,0,0,0,0,0,0,6,8,0,14,0
CDGIRO5R,0,1,1,0,0,0,0,1,1,0,0,0,0,0,0,0,0,0,0,0,0,0,0,0,1,0,0,1,0
ETKE9WIU,21,0,5,16,0,0,4,0,1,3,0,0,17,0,4,13,0,0,4,0,0,4,0,0,4,17,4,21,0
3U1KNT11,40,1,13,28,0,0,9,0,5,4,0,0,31,1,8,24,0,0,6,0,2,4,0,0,9,32,6,41,0
MVTCBOZO,24,2,6,20,0,0,13,2,3,12,0,0,11,0,3,8,0,0,3,0,0,3,0,0,15,11,3,26,0
BQ4RBRR4,50,4,15,38,1,0,10,2,3,9,0,0,40,2,12,29,1,0,8,0,1,7,0,0,12,42,8,54,0
CJLNFFCV,23,4,6,18,1,3,2,0,0,1,0,1,21,4,6,17,1,2,3,0,0,3,0,0,2,25,3,27,0
BIKRDMEF,63,4,4,62,1,0,10,0,1,9,0,0,53,4,3,53,1,0,6,0,0,6,0,0,10,57,6,67,0
D3NOTDKR,2,0,0,2,0,0,0,0,0,0,0,0,2,0,0,2,0,0,0,0,0,0,0,0,0,2,0,2,0
YPNOTMDQ,1,0,1,0,0,0,0,0,0,0,0,0,1,0,1,0,0,0,1,0,1,0,0,0,0,1,1,1,0
6YS5MZNE,16,0,3,6,3,3,9,0,1,2,2,3,7,0,2,4,1,0,0,0,0,0,0,0,9,7,0,16,0
HJOVKQH3,31,16,19,26,2,1,18,13,13,16,2,1,13,3,6,10,0,0,4,0,1,3,0,0,31,16,4,47,0
KWLZWZAP,131,40,31,105,35,0,54,33,13,54,20,0,77,7,18,51,15,0,11,0,4,6,1,0,87,84,11,171,0
GFQKYN1B,2,4,0,4,2,0,2,4,0,4,2,0,0,0,0,0,0,0,0,0,0,0,0,0,6,0,0,6,0
4WMIA1UV,7,0,1,6,0,0,2,0,0,2,0,0,5,0,1,4,0,0,1,0,0,1,0,0,2,5,1,7,0
JAX7PUS3,21,0,1,10,8,2,8,0,0,4,4,0,13,0,1,6,4,2,1,0,0,1,0,0,8,13,1,21,0
DYSCZOVK,2,1,0,3,0,0,2,1,0,3,0,0,0,0,0,0,0,0,0,0,0,0,0,0,3,0,0,3,0
4VXVF7RE,1,1,1,1,0,1,1,0,1,0,0,1,0,1,0,1,0,0,0,0,0,0,0,0,1,1,0,2,0
CEWDDI8P,13,2,1,12,2,0,6,1,1,6,0,0,7,1,0,6,2,0,4,0,0,4,0,0,7,8,4,15,0
PETHDO3A,17,4,4,4,2,11,1,0,0,1,0,0,16,4,4,3,2,11,1,0,0,0,1,0,1,20,1,21,0
FTW5HLVF,57,7,1,43,20,0,20,1,1,12,8,0,37,6,0,31,12,0,1,0,0,1,0,0,21,43,1,64,0
PZQOCOQB,1,0,0,1,0,0,1,0,0,1,0,0,0,0,0,0,0,0,0,0,0,0,0,0,1,0,0,1,0
GVIJK4EM,176,32,23,164,21,0,98,16,15,87,12,0,78,16,8,77,9,0,25,5,1,24,5,0,114,94,30,208,0
T6SOIDDM,15,17,0,17,14,1,1,2,0,3,0,0,14,15,0,14,14,1,0,0,0,0,0,0,3,29,0,32,0
8AJVDFDM,30,3,7,17,9,2,0,0,0,0,0,0,30,3,7,17,9,2,2,1,0,2,1,0,0,33,3,33,0
RUHTCFAV,35,0,8,25,2,0,23,0,7,15,1,0,12,0,1,10,1,0,2,0,0,2,0,0,23,12,2,35,0
WDEU5PN7,119,10,30,67,32,1,59,9,18,33,17,1,60,1,12,34,15,0,12,0,1,10,1,0,68,61,12,129,0
KFV4IQTI,118,8,9,92,21,4,46,6,3,34,12,3,72,2,6,58,9,1,4,0,0,4,0,0,52,74,4,126,0
SRFZQQDJ,11,0,1,7,3,0,1,0,0,1,0,0,10,0,1,6,3,0,4,0,0,2,2,0,1,10,4,11,0
RJWC8ZEY,54,24,2,55,19,2,36,14,0,36,14,0,18,10,2,19,5,2,3,1,1,3,0,0,50,28,4,78,0
GI8LOHST,18,1,5,11,3,0,11,0,3,7,1,0,7,1,2,4,2,0,0,0,0,0,0,0,11,8,0,19,0
T2DCO9YV,1,0,0,0,1,0,1,0,0,0,1,0,0,0,0,0,0,0,0,0,0,0,0,0,1,0,0,1,0
OCRE1SXA,21,1,3,18,1,0,5,1,1,4,1,0,16,0,2,14,0,0,0,0,0,0,0,0,6,16,0,22,0
HVDWOERH,15,9,2,19,3,0,15,8,2,18,3,0,0,1,0,1,0,0,0,0,0,0,0,0,23,1,0,24,0
WPMCTG7G,1,0,0,1,0,0,1,0,0,1,0,0,0,0,0,0,0,0,0,0,0,0,0,0,1,0,0,1,0
LGXBKY8F,31,8,3,30,6,0,13,7,0,15,5,0,18,1,3,15,1,0,5,0,0,5,0,0,20,19,5,39,0
JFHHRO3V,48,1,2,41,6,0,21,1,2,16,4,0,27,0,0,25,2,0,4,0,0,4,0,0,22,27,4,49,0
G5OQN4XI,79,0,19,59,1,0,25,0,3,21,1,0,54,0,16,38,0,0,6,0,0,6,0,0,25,54,6,79,0
KTCCQILD,57,8,12,39,13,0,28,6,9,16,9,0,29,2,3,23,4,0,0,1,0,0,1,0,34,31,1,65,0
JKNK9KPS,4,0,0,2,2,0,3,0,0,2,1,0,1,0,0,0,1,0,0,0,0,0,0,0,3,1,0,4,0
AAGCRPLI,9,1,6,4,0,0,0,0,0,0,0,0,9,1,6,4,0,0,3,1,4,0,0,0,0,10,4,10,0
5ZAF7SOA,1,0,0,0,1,0,0,0,0,0,0,0,1,0,0,0,1,0,1,0,0,0,1,0,0,1,1,1,0
RIRDEDUO,56,26,13,42,27,0,25,8,6,20,7,0,31,18,7,22,20,0,12,5,1,8,8,0,33,49,17,82,0
T2XQMSCZ,1,0,0,1,0,0,0,0,0,0,0,0,1,0,0,1,0,0,1,0,0,1,0,0,0,1,1,1,0
PGCF7MDG,58,4,21,33,3,5,17,3,9,8,0,3,41,1,12,25,3,2,11,0,2,8,0,1,20,42,11,62,0
5J22ICAF,4,4,3,4,1,0,3,1,2,1,1,0,1,3,1,3,0,0,1,0,0,1,0,0,4,4,1,8,0
NTRKVRSI,17,4,6,15,0,0,15,3,5,13,0,0,2,1,1,2,0,0,0,0,0,0,0,0,18,3,0,21,0
91TRAJAA,10,3,0,12,1,0,4,2,0,6,0,0,6,1,0,6,1,0,0,0,0,0,0,0,6,7,0,13,0
EMBWKWBQ,17,17,7,26,0,1,13,15,6,21,0,1,4,2,1,5,0,0,2,0,0,2,0,0,28,6,2,34,0
ZJHFYGPA,45,4,5,37,7,0,10,0,1,7,2,0,35,4,4,30,5,0,2,0,0,2,0,0,10,39,2,49,0
QFVLFO1F,35,3,2,30,5,1,9,3,0,7,4,1,26,0,2,23,1,0,3,0,1,1,1,0,12,26,3,38,0
QEGPMEMD,35,8,9,31,3,1,21,5,5,19,2,1,14,3,4,12,1,0,1,0,0,1,0,0,26,17,1,43,0
SSUTKRYT,2,2,0,2,2,0,2,2,0,2,2,0,0,0,0,0,0,0,0,0,0,0,0,0,4,0,0,4,0
KALEWWSR,10,14,0,22,2,0,6,8,0,13,1,0,4,6,0,9,1,0,1,3,0,4,0,0,14,10,4,24,0
RVUGRZYM,0,1,0,1,0,0,0,1,0,1,0,0,0,0,0,0,0,0,0,0,0,0,0,0,1,0,0,1,0
ILZ1QNNJ,10,0,0,10,0,0,4,0,0,4,0,0,6,0,0,6,0,0,1,0,0,1,0,0,4,6,1,10,0
JXKFQVT6,15,8,2,15,6,0,13,7,2,12,6,0,2,1,0,3,0,0,0,1,0,1,0,0,20,3,1,23,0
4IPNPWBA,0,4,1,2,1,0,0,4,1,2,1,0,0,0,0,0,0,0,0,0,0,0,0,0,4,0,0,4,0
CKCONLPI,6,0,0,3,3,0,2,0,0,1,1,0,4,0,0,2,2,0,0,0,0,0,0,0,2,4,0,6,0
IW8EIBS2,39,0,8,31,0,0,10,0,3,7,0,0,29,0,5,24,0,0,0,0,0,0,0,0,10,29,0,39,0
1QXI5LMC,1,0,1,0,0,0,0,0,0,0,0,0,1,0,1,0,0,0,1,0,1,0,0,0,0,1,1,1,0
GTEBSD1M,210,50,71,130,34,27,84,26,43,55,12,2,126,24,28,75,22,25,22,0,6,16,0,0,110,150,22,260,0
MZSZTRPE,18,7,12,12,1,0,18,6,12,11,1,0,0,1,0,1,0,0,0,0,0,0,0,0,24,1,0,25,0
ERBVGLI9,30,12,2,22,18,0,29,12,2,22,17,0,1,0,0,0,1,0,0,0,0,0,0,0,41,1,0,42,0
AVPCUHFL,31,9,13,25,1,1,21,7,10,16,1,1,10,2,3,9,0,0,1,0,1,0,0,0,28,12,1,40,0
OV1DNODV,20,0,4,12,4,0,8,0,2,4,2,0,12,0,2,8,2,0,1,0,0,1,0,0,8,12,1,20,0
ASSMYY91,14,0,7,6,1,0,6,0,2,3,1,0,8,0,5,3,0,0,0,0,0,0,0,0,6,8,0,14,0
1P9NMGXD,17,4,0,14,7,0,7,3,0,10,0,0,10,1,0,4,7,0,2,0,0,0,2,0,10,11,2,21,0
KSSIPJW4,129,32,8,108,42,3,39,9,2,38,7,1,90,23,6,70,35,2,12,6,1,6,9,2,48,113,18,161,0
8DRQKV6L,181,27,37,131,40,0,64,12,14,50,12,0,117,15,23,81,28,0,13,0,6,4,3,0,76,132,13,208,0
GDR9QBEV,214,49,33,163,55,12,70,23,12,57,18,6,144,26,21,106,37,6,10,0,1,8,1,0,93,170,10,263,0
UOMPGS1U,29,0,6,18,5,2,7,0,1,6,0,0,22,0,5,12,5,2,2,0,2,0,0,1,7,22,2,29,0
BIEIXE2F,13,0,1,12,0,0,8,0,1,7,0,0,5,0,0,5,0,0,2,0,0,2,0,0,8,5,2,13,0
IPVLA8IK,15,9,5,19,0,0,14,9,5,18,0,0,1,0,0,1,0,0,0,0,0,0,0,0,23,1,0,24,0
YMYVDYSL,21,17,1,23,14,1,11,13,1,16,7,1,10,4,0,7,7,0,1,0,0,1,0,0,24,14,1,38,0
CTYJAXPN,2,0,2,0,0,0,2,0,2,0,0,0,0,0,0,0,0,0,0,0,0,0,0,0,2,0,0,2,0
FBDGALAJ,1,2,0,2,1,0,0,2,0,1,1,0,1,0,0,1,0,0,0,0,0,0,0,0,2,1,0,3,0
HAK5M4IL,122,18,25,105,10,1,29,6,6,27,2,0,93,12,19,78,8,1,15,0,1,14,0,0,35,105,15,140,0
KRI9LUHV,259,63,109,190,22,6,99,20,43,69,7,0,160,43,66,121,15,6,42,18,15,38,6,1,119,203,60,322,0
JJJDRKRL,2,2,3,1,0,0,0,0,0,0,0,0,2,2,3,1,0,0,0,0,0,0,0,0,0,4,0,4,0
IVHYC2FU,32,8,0,22,16,2,12,6,0,11,6,1,20,2,0,11,10,1,0,0,0,0,0,0,18,22,0,40,0
3VCIJO5D,6,0,0,0,6,0,3,0,0,0,3,0,3,0,0,0,3,0,1,0,0,0,1,0,3,3,1,6,0
O9MDC37T,41,3,4,40,0,0,5,2,0,7,0,0,36,1,4,33,0,0,8,0,0,8,0,0,7,37,8,44,0
7XFRUZDR,190,28,13,163,36,6,74,21,6,64,19,6,116,7,7,99,17,0,14,5,2,12,5,0,95,123,19,218,0
DVOQPU1B,1,0,0,0,1,0,0,0,0,0,0,0,1,0,0,0,1,0,1,0,0,0,1,0,0,1,1,1,0
WR4IDZMJ,24,1,3,20,2,0,8,0,1,6,1,0,16,1,2,14,1,0,2,0,0,2,0,0,8,17,2,25,0
RFSJSWIH,83,14,16,78,3,0,40,8,10,36,2,0,43,6,6,42,1,0,3,0,1,2,0,0,48,49,3,97,0
4BCH5CRP,5,0,4,1,0,0,1,0,1,0,0,0,4,0,3,1,0,0,0,0,0,0,0,0,1,4,0,5,0
CCWILRG2,3,1,0,4,0,0,3,0,0,3,0,0,0,1,0,1,0,0,0,0,0,0,0,0,3,1,0,4,0
WUY6YHJV,46,0,16,30,0,4,9,0,3,6,0,2,37,0,13,24,0,2,5,0,2,3,0,0,9,37,5,46,0
AHLDQ9PM,31,5,3,25,8,0,7,2,1,7,1,0,24,3,2,18,7,0,1,1,0,0,2,0,9,27,2,36,0
MKI1XIJY,2,0,0,2,0,0,0,0,0,0,0,0,2,0,0,2,0,0,2,0,0,2,0,0,0,2,2,2,0
E8TUTVTP,1,0,0,1,0,0,0,0,0,0,0,0,1,0,0,1,0,0,0,0,0,0,0,0,0,1,0,1,0
MZQ5BPCE,21,5,4,21,1,0,3,2,0,5,0,0,18,3,4,16,1,0,4,0,1,2,1,0,5,21,4,26,0
45FIKBFM,47,3,15,33,2,1,8,3,3,7,1,0,39,0,12,26,1,1,9,0,3,6,0,0,11,39,9,50,0
YNYTMGVN,66,19,42,43,0,3,47,17,32,32,0,3,19,2,10,11,0,0,4,1,2,3,0,0,64,21,5,85,0
X6Y122BD,54,8,5,41,11,5,20,7,2,15,5,5,34,1,3,26,6,0,7,0,0,6,1,0,27,35,7,62,0
XXLPTPDR,1,0,1,0,0,0,1,0,1,0,0,0,0,0,0,0,0,0,0,0,0,0,0,0,1,0,0,1,0
DBMPJ96X,18,9,2,19,6,0,14,4,1,13,4,0,4,5,1,6,2,0,2,0,0,2,0,0,18,9,2,27,0
OIGE3OP9,10,1,1,9,1,0,3,0,0,2,1,0,7,1,1,7,0,0,0,0,0,0,0,0,3,8,0,11,0
CEDFCCYQ,95,14,62,47,0,18,22,6,21,7,0,5,73,8,41,40,0,13,17,1,10,8,0,1,28,81,18,109,0
WEGJSE2H,10,0,2,8,0,0,3,0,0,3,0,0,7,0,2,5,0,0,1,0,0,1,0,0,3,7,1,10,0
BMTFRI2B,80,6,21,52,10,4,35,4,13,16,7,4,45,2,8,36,3,0,8,0,0,7,1,0,39,47,8,86,0
HFLUIHIW,1,1,1,1,0,0,1,1,1,1,0,0,0,0,0,0,0,0,0,0,0,0,0,0,2,0,0,2,0
F6B5VAD9,85,25,7,58,35,10,34,8,3,23,12,4,51,17,4,35,23,6,13,4,2,7,7,1,42,68,17,110,0
3UYXCE5O,12,2,4,10,0,1,2,2,2,2,0,1,10,0,2,8,0,0,3,0,0,3,0,0,4,10,3,14,0
CMHJ2AAH,43,2,18,26,0,1,15,0,4,11,0,0,28,2,14,15,0,1,7,0,5,2,0,0,15,30,7,45,0
8P34VFP3,14,0,0,8,4,2,0,0,0,0,0,0,14,0,0,8,4,2,14,0,0,8,4,2,0,14,14,14,0
DWY1DEAV,2,0,0,2,0,0,0,0,0,0,0,0,2,0,0,2,0,0,2,0,0,2,0,0,0,2,2,2,0
ZPEXIGUT,88,0,10,70,8,1,24,0,2,20,2,0,64,0,8,50,6,1,20,0,4,15,1,0,24,64,20,88,0
36LG3QSO,13,1,2,11,1,0,7,0,2,5,0,0,6,1,0,6,1,0,0,0,0,0,0,0,7,7,0,14,0
FWGSFGFU,60,3,29,34,0,2,17,2,9,10,0,0,43,1,20,24,0,2,5,0,1,4,0,0,19,44,5,63,0
ELIEHUTH,9,2,0,11,0,0,2,0,0,2,0,0,7,2,0,9,0,0,3,0,0,3,0,0,2,9,3,11,0
WSMU63FS,71,2,17,51,5,0,23,0,6,13,4,0,48,2,11,38,1,0,8,1,3,6,0,0,23,50,9,73,0
XYKMDBJ3,7,1,2,5,1,0,6,1,2,4,1,0,1,0,0,1,0,0,0,0,0,0,0,0,7,1,0,8,0
PZZBBBBW,2,1,0,3,0,0,0,0,0,0,0,0,2,1,0,3,0,0,0,0,0,0,0,0,0,3,0,3,0
U4CV2QM7,36,14,11,37,2,2,18,14,6,24,2,1,18,0,5,13,0,1,8,0,4,4,0,0,32,18,8,50,0
ZPTWNSNC,42,8,16,34,0,6,24,8,16,16,0,6,18,0,0,18,0,0,2,0,0,2,0,0,32,18,2,50,0
YBQ2TBWU,15,0,1,13,0,1,2,0,0,1,0,1,13,0,1,12,0,0,5,0,0,5,0,0,2,13,5,15,0
PIEJ7YOE,14,1,6,9,0,1,4,1,3,2,0,0,10,0,3,7,0,1,1,0,1,0,0,0,5,10,1,15,0
LJCDDN2R,48,0,15,30,3,0,12,0,2,10,0,0,36,0,13,20,3,0,6,0,2,3,1,0,12,36,6,48,0
4ELJTMP3,39,16,1,25,26,3,33,15,1,24,20,3,6,1,0,1,6,0,0,0,0,0,0,0,48,7,0,55,0
2D3DH7J2,17,0,3,13,1,0,4,0,0,4,0,0,13,0,3,9,1,0,4,0,2,1,1,0,4,13,4,17,0
6JYYUOVB,1,0,0,0,1,0,0,0,0,0,0,0,1,0,0,0,1,0,0,0,0,0,0,0,0,1,0,1,0
ITWVDIN1,71,11,6,49,27,0,22,3,3,20,2,0,49,8,3,29,25,0,4,0,0,2,2,0,25,57,4,82,0
OQSPDQRV,5,1,0,4,2,0,4,0,0,3,1,0,1,1,0,1,1,0,0,0,0,0,0,0,4,2,0,6,0
2KNK7AEW,193,33,75,133,17,3,73,18,35,51,4,2,120,15,40,82,13,1,18,4,9,11,2,0,91,135,22,226,0
8OPWKGES,12,2,5,9,0,0,4,1,1,4,0,0,8,1,4,5,0,0,4,0,3,1,0,0,5,9,4,14,0
VMQSDRXM,102,22,12,101,11,0,45,10,3,47,5,0,57,12,9,54,6,0,2,0,0,2,0,0,55,69,2,124,0
S9K82MIJ,7,2,1,4,4,0,3,1,1,3,0,0,4,1,0,1,4,0,0,0,0,0,0,0,4,5,0,9,0
ZFTSE2BE,122,10,26,98,8,1,53,4,12,39,6,1,69,6,14,59,2,0,7,0,0,7,0,0,57,75,7,132,0
AKW9TQIZ,26,15,5,33,3,0,1,2,0,3,0,0,25,13,5,30,3,0,6,0,1,5,0,0,3,38,6,41,0
W5UIMBBR,29,5,0,22,11,1,13,5,0,16,2,0,16,0,0,6,9,1,1,0,0,1,0,0,18,16,1,34,0
2XP7AJ9C,55,3,0,44,11,3,13,1,0,13,1,0,42,2,0,31,10,3,4,0,0,4,0,0,14,44,4,58,0
LM84ESAH,5,1,0,4,2,0,3,1,0,3,1,0,2,0,0,1,1,0,0,0,0,0,0,0,4,2,0,6,0
CXWAQB1A,10,3,0,10,3,0,3,0,0,2,1,0,7,3,0,8,2,0,0,0,0,0,0,0,3,10,0,13,0
SBGCGJJC,9,2,1,10,0,0,3,2,0,5,0,0,6,0,1,5,0,0,0,0,0,0,0,0,5,6,0,11,0
PYBFS1VJ,8,3,1,3,7,0,3,3,1,2,3,0,5,0,0,1,4,0,2,0,0,0,2,0,6,5,2,11,0
HLBPM8EH,5,5,2,3,5,0,5,3,2,3,3,0,0,2,0,0,2,0,0,0,0,0,0,0,8,2,0,10,0
KU63JUOJ,49,7,11,37,7,1,9,1,2,6,2,0,40,6,9,31,5,1,1,0,0,1,0,0,10,46,1,56,0
R2YHD6KR,107,35,50,86,6,1,60,21,28,49,4,1,47,14,22,37,2,0,0,0,0,0,0,0,81,61,0,142,0
CFN9FOBN,1,0,0,1,0,0,0,0,0,0,0,0,1,0,0,1,0,0,0,0,0,0,0,0,0,1,0,1,0
WF5DCMXR,55,0,7,48,0,0,13,0,3,10,0,0,42,0,4,38,0,0,9,0,0,9,0,0,13,42,9,55,0
CUCL7QDB,11,0,1,10,0,0,4,0,0,4,0,0,7,0,1,6,0,0,2,0,0,2,0,0,4,7,2,11,0
2JHCNQLQ,5,2,1,4,2,0,4,2,1,4,1,0,1,0,0,0,1,0,0,0,0,0,0,0,6,1,0,7,0
EGPACPZU,0,1,0,1,0,0,0,0,0,0,0,0,0,1,0,1,0,0,0,0,0,0,0,0,0,1,0,1,0
XCODYSBE,61,10,13,55,3,1,22,5,3,23,1,0,39,5,10,32,2,1,5,0,3,2,0,0,27,44,5,71,0
AEIYAUFQ,22,5,1,24,2,0,15,3,1,16,1,0,7,2,0,8,1,0,0,0,0,0,0,0,18,9,0,27,0
4BTHHP7O,4,0,0,4,0,0,0,0,0,0,0,0,4,0,0,4,0,0,0,0,0,0,0,0,0,4,0,4,0
XZ851O4L,1,0,0,0,1,0,1,0,0,0,1,0,0,0,0,0,0,0,0,0,0,0,0,0,1,0,0,1,0
QHS7WWFQ,45,2,15,32,0,1,15,1,6,10,0,0,30,1,9,22,0,1,7,0,1,6,0,0,16,31,7,47,0
BIGMEVWF,9,1,2,8,0,0,5,0,0,5,0,0,4,1,2,3,0,0,2,0,1,1,0,0,5,5,2,10,0
6NZT5YBB,46,11,8,23,21,5,27,8,6,17,12,0,19,3,2,6,9,5,0,0,0,0,0,0,35,22,0,57,0
HLOVAV5X,36,7,5,16,17,5,17,4,3,8,9,1,19,3,2,8,8,4,0,0,0,0,0,0,21,22,0,43,0
IBTYQOQO,11,2,2,11,0,1,3,0,1,2,0,0,8,2,1,9,0,1,3,0,1,2,0,1,3,10,3,13,0
LDTBISKS,77,7,19,61,2,2,25,6,10,18,1,2,52,1,9,43,1,0,20,0,4,16,0,0,31,53,20,84,0
3QFWMXKV,8,9,3,6,8,0,6,8,2,6,6,0,2,1,1,0,2,0,1,0,0,0,1,0,14,3,1,17,0
CSVEELRG,8,1,0,6,3,0,1,0,0,1,0,0,7,1,0,5,3,0,3,0,0,2,1,0,1,8,3,9,0
CWJFYHDZ,66,3,7,57,2,4,13,2,2,11,0,3,53,1,5,46,2,1,8,0,0,8,0,0,15,54,8,69,0
ZS1ECFDG,52,4,24,31,1,0,10,4,5,8,1,0,42,0,19,23,0,0,6,0,3,3,0,0,14,42,6,56,0
HY2WHPW9,22,0,4,18,0,0,8,0,3,5,0,0,14,0,1,13,0,0,6,0,0,6,0,0,8,14,6,22,0
LUBFXFX3,48,0,11,37,0,1,20,0,3,17,0,0,28,0,8,20,0,1,9,0,3,6,0,1,20,28,9,48,0
SLKYYCFN,28,1,2,27,0,0,5,0,0,5,0,0,23,1,2,22,0,0,4,1,1,4,0,0,5,24,5,29,0
T6DQQHPU,28,1,15,14,0,0,4,0,2,2,0,0,24,1,13,12,0,0,5,1,3,3,0,0,4,25,6,29,0
HISDF1R1,19,1,2,13,5,0,3,1,0,3,1,0,16,0,2,10,4,0,1,0,0,1,0,0,4,16,1,20,0
SHNDHV2B,46,2,6,42,0,0,12,1,2,11,0,0,34,1,4,31,0,0,10,0,2,8,0,0,13,35,10,48,0
OZROOVOY,61,0,7,43,6,5,28,0,2,19,3,4,33,0,5,24,3,1,5,0,1,4,0,0,28,33,5,61,0
CGGIYADA,45,9,18,32,4,0,8,9,4,9,4,0,37,0,14,23,0,0,4,0,3,1,0,0,17,37,4,54,0
M6UKAZPK,32,0,1,31,0,0,16,0,1,15,0,0,16,0,0,16,0,0,2,0,0,2,0,0,16,16,2,32,0
QXNJIFIE,32,10,0,42,0,0,26,6,0,32,0,0,6,4,0,10,0,0,0,0,0,0,0,0,32,10,0,42,0
FWDDSQHE,33,2,10,24,1,0,10,1,2,8,1,0,23,1,8,16,0,0,6,0,4,2,0,0,11,24,6,35,0
3YLYKRNA,30,2,5,26,1,0,14,1,4,10,1,0,16,1,1,16,0,0,1,0,0,1,0,0,15,17,1,32,0
SMQVEG3D,60,1,10,51,0,0,12,1,0,13,0,0,48,0,10,38,0,0,4,0,0,4,0,0,13,48,4,61,0
HVROW4BR,161,32,11,106,54,22,81,18,5,46,35,13,80,14,6,60,19,9,4,0,0,4,0,0,99,94,4,193,0
MBJO88VU,23,1,0,21,3,0,8,0,0,7,1,0,15,1,0,14,2,0,1,0,0,1,0,0,8,16,1,24,0
GGETXVAU,10,0,4,6,0,0,4,0,2,2,0,0,6,0,2,4,0,0,0,0,0,0,0,0,4,6,0,10,0
YNHF3WHW,103,16,21,83,15,1,40,16,13,32,11,1,63,0,8,51,4,0,8,0,1,6,1,0,56,63,8,119,0
GUVJYYVJ,38,1,13,24,1,1,10,1,4,6,1,0,28,0,9,18,0,1,7,0,3,4,0,0,11,28,7,39,0
NBGIAR28,11,3,4,10,0,0,3,2,1,4,0,0,8,1,3,6,0,0,5,0,2,3,0,0,5,9,5,14,0
MHGTQSUA,15,0,1,14,0,0,5,0,0,5,0,0,10,0,1,9,0,0,2,0,0,2,0,0,5,10,2,15,0
ZZZFCGEI,53,2,21,34,0,0,7,1,3,5,0,0,46,1,18,29,0,0,6,0,1,5,0,0,8,47,6,55,0
EJKM9VIY,111,18,29,84,14,7,42,6,12,29,6,4,69,12,17,55,8,3,11,1,1,10,1,0,48,81,12,129,0
ETRVB62F,13,0,4,9,0,0,2,0,0,2,0,0,11,0,4,7,0,0,2,0,0,2,0,0,2,11,2,13,0
APMAGQDR,26,5,0,24,7,0,14,4,0,15,3,0,12,1,0,9,4,0,3,0,0,2,1,0,18,13,3,31,0
UDRITZQZ,34,0,6,27,1,0,9,0,1,8,0,0,25,0,5,19,1,0,3,0,1,2,0,0,9,25,3,34,0
XPULLXLR,26,0,10,16,0,2,5,0,2,3,0,1,21,0,8,13,0,1,7,0,1,6,0,0,5,21,7,26,0
TFIOV3NH,16,3,0,8,7,4,6,0,0,1,5,0,10,3,0,7,2,4,1,0,0,1,0,0,6,13,1,19,0
5KAA4PXP,49,1,4,41,3,2,12,1,3,9,0,1,37,0,1,32,3,1,9,0,0,9,0,0,13,37,9,50,0
8IR6AYED,24,0,10,12,2,0,8,0,1,5,2,0,16,0,9,7,0,0,1,0,1,0,0,0,8,16,1,24,0
GYP2JA4L,29,9,9,21,4,4,18,9,5,14,4,4,11,0,4,7,0,0,2,0,1,1,0,0,27,11,2,38,0
JDP6WHJP,28,3,4,22,4,1,12,2,2,10,1,1,16,1,2,12,3,0,2,0,0,1,1,0,14,17,2,31,0
XYZUCTFH,46,1,12,32,0,0,15,1,7,8,0,0,31,0,5,24,0,0,8,0,1,6,0,0,16,31,8,47,0
G2JZDLJ6,1,0,0,1,0,0,0,0,0,0,0,0,1,0,0,1,0,0,0,0,0,0,0,0,0,1,0,1,0
TDMHFRGZ,16,0,6,10,0,0,9,0,4,5,0,0,7,0,2,5,0,0,1,0,1,0,0,0,9,7,1,16,0
BPYSGLTT,29,7,3,21,4,8,8,3,1,8,2,0,21,4,2,13,2,8,12,3,1,6,1,7,11,25,15,36,0
OCPVKZFX,3,2,0,3,2,0,2,0,0,1,1,0,1,2,0,2,1,0,0,0,0,0,0,0,2,3,0,5,0
XV7HOWQ4,1,0,0,0,1,0,0,0,0,0,0,0,1,0,0,0,1,0,0,0,0,0,0,0,0,1,0,1,0
RV4SGSA1,8,1,0,7,2,0,1,0,0,1,0,0,7,1,0,6,2,0,0,0,0,0,0,0,1,8,0,9,0
FWIMDN9R,6,0,0,6,0,0,2,0,0,2,0,0,4,0,0,4,0,0,0,0,0,0,0,0,2,4,0,6,0
ZTBEBYE1,14,0,4,7,3,0,4,0,2,2,0,0,10,0,2,5,3,0,2,0,1,0,1,0,4,10,2,14,0
CAYR7IMW,68,0,17,50,1,0,21,0,8,13,0,0,47,0,9,37,1,0,11,0,3,8,0,0,21,47,11,68,0
RIKNH5CG,16,5,3,17,1,0,5,0,2,3,0,0,11,5,1,14,1,0,5,2,1,6,0,0,5,16,7,21,0
CEW9GXHS,48,6,5,46,3,0,28,5,2,29,2,0,20,1,3,17,1,0,3,0,0,3,0,0,33,21,3,54,0
NIBCDP7Y,109,22,18,58,22,34,36,4,7,19,5,9,73,18,11,39,17,25,49,10,9,21,13,17,40,91,59,131,0
XQIQAG6Z,2,2,0,4,0,0,2,0,0,2,0,0,0,2,0,2,0,0,0,2,0,2,0,0,2,2,2,4,0
ONDQRZ6H,4,0,0,4,0,0,0,0,0,0,0,0,4,0,0,4,0,0,1,0,0,1,0,0,0,4,1,4,0
BFYSIJNO,11,0,4,6,1,0,3,0,1,1,1,0,8,0,3,5,0,0,1,0,1,0,0,0,3,8,1,11,0
VFZPBHVV,84,8,4,55,17,16,49,7,2,26,12,16,35,1,2,29,5,0,5,0,0,5,0,0,56,36,5,92,0
CPLPMAFH,4,0,0,4,0,0,1,0,0,1,0,0,3,0,0,3,0,0,0,0,0,0,0,0,1,3,0,4,0
8QEZFGBY,68,1,30,39,0,6,16,1,9,8,0,5,52,0,21,31,0,1,8,0,2,6,0,0,17,52,8,69,0
D8QYNZYA,28,5,3,28,2,0,5,4,1,8,0,0,23,1,2,20,2,0,5,0,1,4,0,0,9,24,5,33,0
2CXUPP6A,2,2,1,2,1,0,2,1,0,2,1,0,0,1,1,0,0,0,0,1,1,0,0,0,3,1,1,4,0
PNXADTGJ,71,10,37,38,4,5,36,7,20,19,3,3,35,3,17,19,1,2,7,1,5,2,0,1,43,38,8,81,0
RWWABRIZ,46,1,20,26,0,1,12,1,4,8,0,0,34,0,16,18,0,1,6,0,2,4,0,0,13,34,6,47,0
O2DBKARN,51,4,12,43,0,0,15,4,8,11,0,0,36,0,4,32,0,0,7,0,0,7,0,0,19,36,7,55,0
PTWUQM6B,44,1,15,30,0,0,4,0,1,3,0,0,40,1,14,27,0,0,6,0,3,3,0,0,4,41,6,45,0
JCBSKS6Z,26,3,4,24,1,0,6,0,0,6,0,0,20,3,4,18,1,0,2,0,1,1,0,0,6,23,2,29,0
ED59284C,52,17,26,30,13,3,24,10,13,16,5,3,28,7,13,14,8,0,0,0,0,0,0,0,34,35,0,69,0
FAP2EZC5,25,0,5,20,0,0,10,0,2,8,0,0,15,0,3,12,0,0,1,0,1,0,0,0,10,15,1,25,0
PBSI6OBR,5,0,0,5,0,0,1,0,0,1,0,0,4,0,0,4,0,0,2,0,0,2,0,0,1,4,2,5,0
M7EWTP6C,38,7,11,31,3,0,25,7,11,18,3,0,13,0,0,13,0,0,1,0,0,1,0,0,32,13,1,45,0
MPBME3UT,9,5,4,6,4,0,3,5,2,3,3,0,6,0,2,3,1,0,0,0,0,0,0,0,8,6,0,14,0
HCD6EJQE,7,0,2,5,0,0,5,0,1,4,0,0,2,0,1,1,0,0,1,0,0,1,0,0,5,2,1,7,0
V5URVZOW,81,10,23,52,16,1,32,5,8,19,10,0,49,5,15,33,6,1,11,0,4,7,0,0,37,54,11,91,0
9ZZI2IDP,24,6,0,26,4,0,21,2,0,20,3,0,3,4,0,6,1,0,1,0,0,1,0,0,23,7,1,30,0
SHYKUFRW,13,2,1,11,3,0,7,2,1,6,2,0,6,0,0,5,1,0,0,0,0,0,0,0,9,6,0,15,0
DPJGIBRX,3,5,1,2,2,3,2,5,1,2,1,3,1,0,0,0,1,0,0,0,0,0,0,0,7,1,0,8,0
W3DRKBGH,20,3,2,19,0,2,9,3,2,8,0,2,11,0,0,11,0,0,3,0,0,3,0,0,12,11,3,23,0
PXMMNFL7,17,1,3,5,1,9,10,1,1,3,1,6,7,0,2,2,0,3,0,0,0,0,0,0,11,7,0,18,0
HENPLC9I,107,7,15,79,19,1,50,7,4,38,14,1,57,0,11,41,5,0,10,0,2,8,0,0,57,57,10,114,0
WOONVD6A,44,4,9,38,1,0,15,0,4,11,0,0,29,4,5,27,1,0,6,0,0,6,0,0,15,33,6,48,0
VRQDTVIZ,9,0,1,8,0,0,7,0,0,7,0,0,2,0,1,1,0,0,1,0,0,1,0,0,7,2,1,9,0
JKXCY63W,53,2,5,31,7,12,11,0,0,9,2,0,42,2,5,22,5,12,6,1,0,5,2,0,11,44,7,55,0
PYW8KCV8,4,6,0,10,0,0,4,3,0,7,0,0,0,3,0,3,0,0,0,0,0,0,0,0,7,3,0,10,0
3GYDVVH2,62,8,15,45,8,3,29,6,8,22,5,1,33,2,7,23,3,2,6,1,1,5,1,0,35,35,7,70,0
KFNTNFKN,35,0,5,28,2,0,9,0,3,6,0,0,26,0,2,22,2,0,6,0,0,5,1,0,9,26,6,35,0
FGYDPU9R,26,0,3,23,0,0,4,0,0,4,0,0,22,0,3,19,0,0,2,0,1,1,0,0,4,22,2,26,0
KLJTE4NK,66,1,18,48,1,4,26,1,11,16,0,4,40,0,7,32,1,0,4,0,0,3,1,0,27,40,4,67,0
YLJYSN3I,13,4,1,16,0,0,2,3,1,4,0,0,11,1,0,12,0,0,0,0,0,0,0,0,5,12,0,17,0
XXCCBKIK,14,0,3,11,0,0,7,0,1,6,0,0,7,0,2,5,0,0,2,0,1,1,0,0,7,7,2,14,0
AK19TPCS,10,0,0,8,2,0,3,0,0,2,1,0,7,0,0,6,1,0,2,0,0,2,0,0,3,7,2,10,0
4SCEUYQL,19,4,2,15,5,1,4,4,1,3,3,1,15,0,1,12,2,0,3,0,0,1,2,0,8,15,3,23,0
KKZVCJCV,38,0,14,23,0,1,10,0,6,4,0,0,28,0,8,19,0,1,2,0,0,1,0,1,10,28,2,38,0
3U5RP4EE,1,0,0,0,1,0,1,0,0,0,1,0,0,0,0,0,0,0,0,0,0,0,0,0,1,0,0,1,0
11B6FW33,1,0,0,1,0,0,0,0,0,0,0,0,1,0,0,1,0,0,0,0,0,0,0,0,0,1,0,1,0
CTKHFXXX,75,18,24,63,5,3,35,10,16,28,1,2,40,8,8,35,4,1,2,0,1,1,0,0,45,48,2,93,0
MPNFQMAM,10,0,3,7,0,0,1,0,0,1,0,0,9,0,3,6,0,0,2,0,0,2,0,0,1,9,2,10,0
AP9NG9PV,39,1,11,29,0,0,11,1,3,9,0,0,28,0,8,20,0,0,1,0,0,1,0,0,12,28,1,40,0
KIORACVI,5,2,0,7,0,0,0,0,0,0,0,0,5,2,0,7,0,0,0,0,0,0,0,0,0,7,0,7,0
CUKI3YIX,34,4,6,20,8,5,15,3,2,12,4,0,19,1,4,8,4,5,9,0,2,1,2,5,18,20,9,38,0
8KMMCPHQ,26,1,12,14,1,0,11,1,9,3,0,0,15,0,3,11,1,0,2,0,0,2,0,0,12,15,2,27,0
PSRXJIOE,9,1,1,8,1,0,5,1,1,5,0,0,4,0,0,3,1,0,0,0,0,0,0,0,6,4,0,10,0
COQWLEGI,3,0,0,3,0,0,3,0,0,3,0,0,0,0,0,0,0,0,0,0,0,0,0,0,3,0,0,3,0
QYHVVWRC,50,2,4,44,4,0,16,2,1,15,2,0,34,0,3,29,2,0,2,0,0,2,0,0,18,34,2,52,0
XYLZSMJI,4,0,0,1,3,0,2,0,0,1,1,0,2,0,0,0,2,0,1,0,0,0,1,0,2,2,1,4,0
3LSIEZZE,87,7,12,79,3,0,23,4,2,23,2,0,64,3,10,56,1,0,8,2,1,9,0,0,27,67,10,94,0
EEIHKMTA,7,0,1,5,1,0,0,0,0,0,0,0,7,0,1,5,1,0,2,0,1,1,0,0,0,7,2,7,0
POTGOHL7,16,4,0,15,4,1,6,2,0,7,1,0,10,2,0,8,3,1,0,0,0,0,0,0,8,12,0,20,0
HYVT8XCE,36,2,6,32,0,0,9,2,1,10,0,0,27,0,5,22,0,0,6,0,2,4,0,0,11,27,6,38,0
L9LQOPIA,7,0,3,3,1,0,1,0,0,1,0,0,6,0,3,2,1,0,3,0,1,1,1,0,1,6,3,7,0
VWSSIXEX,32,9,1,28,12,0,25,9,1,25,8,0,7,0,0,3,4,0,1,0,0,0,1,0,34,7,1,41,0
S2GV7CIS,211,75,8,73,51,154,32,1,1,5,2,25,179,74,7,68,49,129,136,59,2,53,39,101,33,253,195,286,0
WNLA6LVQ,44,4,12,30,6,0,15,2,7,9,1,0,29,2,5,21,5,0,7,0,2,4,1,0,17,31,7,48,0
CNKTJIPR,2,0,1,1,0,0,2,0,1,1,0,0,0,0,0,0,0,0,0,0,0,0,0,0,2,0,0,2,0
QVVHFNDW,1,0,0,1,0,0,0,0,0,0,0,0,1,0,0,1,0,0,1,0,0,1,0,0,0,1,1,1,0
AGJO7GPU,29,3,2,30,0,0,9,1,1,9,0,0,20,2,1,21,0,0,4,0,0,4,0,0,10,22,4,32,0
JUPXCJGI,1,0,0,1,0,0,0,0,0,0,0,0,1,0,0,1,0,0,1,0,0,1,0,0,0,1,1,1,0
6GZLCXKV,63,2,12,51,2,0,12,0,4,8,0,0,51,2,8,43,2,0,3,0,0,3,0,0,12,53,3,65,0
UEIZX9DS,83,8,20,60,11,2,21,4,5,17,3,2,62,4,15,43,8,0,7,1,2,6,0,0,25,66,8,91,0
GPXY2J2N,24,0,8,16,0,0,10,0,3,7,0,0,14,0,5,9,0,0,1,0,0,1,0,0,10,14,1,24,0
OJKTAXHC,65,47,0,51,44,17,32,30,0,27,22,13,33,17,0,24,22,4,0,0,0,0,0,0,62,50,0,112,0
YDGQ1GMM,20,5,1,16,8,0,6,1,0,5,2,0,14,4,1,11,6,0,8,3,1,6,4,0,7,18,11,25,0
TFKYFVAA,18,0,0,18,0,0,8,0,0,8,0,0,10,0,0,10,0,0,2,0,0,2,0,0,8,10,2,18,0
QTYK6SWM,3,0,0,3,0,0,2,0,0,2,0,0,1,0,0,1,0,0,0,0,0,0,0,0,2,1,0,3,0
OYTQMJAZ,16,2,1,16,1,0,8,0,0,7,1,0,8,2,1,9,0,0,0,0,0,0,0,0,8,10,0,18,0
2JIAATFD,17,4,1,11,9,0,12,0,0,7,5,0,5,4,1,4,4,0,1,2,0,2,1,0,12,9,3,21,0
OBJBEEG2,51,3,2,46,6,0,17,0,1,14,2,0,34,3,1,32,4,0,5,1,1,5,0,0,17,37,6,54,0
YICPSGM3,69,10,5,67,7,0,13,2,2,12,1,0,56,8,3,55,6,0,11,1,0,9,3,0,15,64,12,79,0
S1MALRYD,29,3,2,27,3,0,7,1,0,7,1,0,22,2,2,20,2,0,0,0,0,0,0,0,8,24,0,32,0
OT37MWKU,45,3,8,34,5,1,16,2,3,10,4,1,29,1,5,24,1,0,7,0,0,6,1,0,18,30,7,48,0
QI4PSGQY,0,1,0,1,0,0,0,1,0,1,0,0,0,0,0,0,0,0,0,0,0,0,0,0,1,0,0,1,0
SJCIN8SG,3,0,0,3,0,0,0,0,0,0,0,0,3,0,0,3,0,0,2,0,0,2,0,0,0,3,2,3,0
4KPCPCFU,29,1,7,23,0,0,10,1,3,8,0,0,19,0,4,15,0,0,5,0,1,4,0,0,11,19,5,30,0
GPHJJAIK,1,0,1,0,0,0,0,0,0,0,0,0,1,0,1,0,0,0,0,0,0,0,0,0,0,1,0,1,0
VBKALWGL,29,4,5,23,4,0,8,0,0,7,1,0,21,4,5,16,3,0,4,0,1,3,0,0,8,25,4,33,0
J8DCBC9J,55,5,12,47,1,0,31,1,7,24,1,0,24,4,5,23,0,0,0,0,0,0,0,0,32,28,0,60,0
ZWCPKQMM,29,1,2,19,7,2,11,1,1,5,4,2,18,0,1,14,3,0,4,0,0,3,1,0,12,18,4,30,0
TIKD16CL,17,0,3,10,4,0,3,0,2,0,1,0,14,0,1,10,3,0,4,0,0,2,2,0,3,14,4,17,0
S2PZGLLJ,136,12,48,94,5,8,44,7,22,28,0,4,92,5,26,66,5,4,9,0,2,6,1,0,51,97,9,148,0
PQ6D599Y,58,7,3,50,11,1,29,6,2,21,11,1,29,1,1,29,0,0,3,0,0,3,0,0,35,30,3,65,0
GQAOCO5F,3,0,0,3,0,0,0,0,0,0,0,0,3,0,0,3,0,0,3,0,0,3,0,0,0,3,3,3,0
4GTX38VU,35,1,5,27,4,0,10,1,0,10,1,0,25,0,5,17,3,0,7,0,1,4,2,0,11,25,7,36,0
LYHIFNAZ,6,7,5,8,0,0,3,4,3,4,0,0,3,3,2,4,0,0,0,0,0,0,0,0,7,6,0,13,0
IRQG3OZD,71,11,8,54,20,0,31,4,6,20,9,0,40,7,2,34,11,0,4,1,0,5,0,0,35,47,5,82,0
FVOYZSLC,5,1,0,1,1,4,4,1,0,1,0,4,1,0,0,0,1,0,1,0,0,0,1,0,5,1,1,6,0
GTNTHHDF,35,0,8,25,2,0,14,0,7,5,2,0,21,0,1,20,0,0,2,0,0,2,0,0,14,21,2,35,0
PZGI9LBL,13,0,1,11,1,0,3,0,0,3,0,0,10,0,1,8,1,0,2,0,1,1,0,0,3,10,2,13,0
JQWC9OXG,1,0,0,1,0,0,1,0,0,1,0,0,0,0,0,0,0,0,0,0,0,0,0,0,1,0,0,1,0
VOUYUJR9,1,0,0,1,0,0,1,0,0,1,0,0,0,0,0,0,0,0,0,0,0,0,0,0,1,0,0,1,0
MKISI7EG,17,5,2,8,6,5,17,5,2,8,6,5,0,0,0,0,0,0,0,0,0,0,0,0,22,0,0,22,0
K1REFSMF,87,13,9,48,21,23,57,12,8,27,17,18,30,1,1,21,4,5,1,0,0,0,1,0,69,31,1,100,0
R4OT9XIZ,10,8,3,8,7,0,7,3,1,4,5,0,3,5,2,4,2,0,1,2,2,0,1,0,10,8,3,18,0
9VEPWXID,34,8,7,33,2,0,6,2,2,6,0,0,28,6,5,27,2,0,7,0,1,5,1,0,8,34,7,42,0
OS62QDJA,2,0,1,1,0,0,0,0,0,0,0,0,2,0,1,1,0,0,2,0,1,1,0,0,0,2,2,2,0
7WRU2GQM,9,2,4,6,1,1,2,2,1,3,0,0,7,0,3,3,1,1,0,0,0,0,0,0,4,7,0,11,0
UDR5R4P9,49,1,21,29,0,0,14,0,4,10,0,0,35,1,17,19,0,0,4,1,3,2,0,0,14,36,5,50,0
WQDJHFSK,60,10,20,49,1,0,30,5,14,21,0,0,30,5,6,28,1,0,4,0,0,4,0,0,35,35,4,70,0
QDHGI1HW,29,4,7,25,1,0,20,4,7,16,1,0,9,0,0,9,0,0,3,0,0,3,0,0,24,9,3,33,0
QCEYTWJH,87,37,21,72,31,1,62,28,15,49,26,0,25,9,6,23,5,1,5,0,3,2,0,0,90,34,5,124,0
WAENGAQD,25,1,5,15,6,0,15,1,5,6,5,0,10,0,0,9,1,0,2,0,0,2,0,0,16,10,2,26,0
LPPY1XDY,14,0,2,12,0,0,0,0,0,0,0,0,14,0,2,12,0,0,4,0,1,3,0,0,0,14,4,14,0
TRK6T6WV,35,0,18,17,0,0,4,0,1,3,0,0,31,0,17,14,0,0,6,0,2,4,0,0,4,31,6,35,0
CQ3CH5P9,1,0,1,0,0,0,1,0,1,0,0,0,0,0,0,0,0,0,0,0,0,0,0,0,1,0,0,1,0
HUCPTE29,19,10,3,19,2,6,5,2,2,5,0,0,14,8,1,14,2,6,2,0,0,0,0,2,7,22,2,29,0
R4QASYQJ,58,2,4,56,0,0,18,2,3,17,0,0,40,0,1,39,0,0,4,0,0,4,0,0,20,40,4,60,0
CWIUEAJJ,27,7,14,16,4,0,19,7,13,9,4,0,8,0,1,7,0,0,0,0,0,0,0,0,26,8,0,34,0
XBZFBFX4,33,1,8,25,1,0,6,1,1,6,0,0,27,0,7,19,1,0,7,0,1,6,0,0,7,27,7,34,0
MKHKNMZI,153,11,13,102,44,5,73,7,9,50,18,3,80,4,4,52,26,2,3,0,0,3,0,0,80,84,3,164,0
RA46YTKM,33,1,2,26,5,1,11,1,0,9,3,0,22,0,2,17,2,1,2,0,0,2,0,0,12,22,2,34,0
DBYEXDUM,7,4,4,6,1,0,5,4,4,4,1,0,2,0,0,2,0,0,0,0,0,0,0,0,9,2,0,11,0
1EXVBZSF,22,0,11,11,0,1,10,0,4,6,0,0,12,0,7,5,0,1,1,0,1,0,0,0,10,12,1,22,0
BQFGNBQS,73,3,17,57,2,0,21,1,7,15,0,0,52,2,10,42,2,0,12,1,1,11,1,0,22,54,13,76,0
WXK3FTEZ,30,1,3,27,1,0,9,1,3,6,1,0,21,0,0,21,0,0,6,0,0,6,0,0,10,21,6,31,0
CLEVKD5L,72,4,25,50,1,0,22,3,8,17,0,0,50,1,17,33,1,0,4,0,1,3,0,0,25,51,4,76,0
XHZAIFPV,36,1,3,30,3,1,6,1,1,5,1,0,30,0,2,25,2,1,7,0,0,7,0,0,7,30,7,37,0
RDO8M7SS,1,0,0,0,0,1,1,0,0,0,0,1,0,0,0,0,0,0,0,0,0,0,0,0,1,0,0,1,0
OBHGUCFR,72,0,1,57,13,1,23,0,1,18,4,0,49,0,0,39,9,1,5,0,0,5,0,0,23,49,5,72,0
SP2DCNRJ,35,0,5,26,4,0,24,0,5,17,2,0,11,0,0,9,2,0,2,0,0,2,0,0,24,11,2,35,0
KCVR94YA,3,0,1,2,0,0,1,0,0,1,0,0,2,0,1,1,0,0,2,0,1,1,0,0,1,2,2,3,0
3PNGU1L3,3,1,1,2,1,0,2,1,1,2,0,0,1,0,0,0,1,0,0,0,0,0,0,0,3,1,0,4,0
ALPWAMEO,5,0,3,2,0,0,0,0,0,0,0,0,5,0,3,2,0,0,1,0,0,1,0,0,0,5,1,5,0
J5JHTQ2P,1,1,0,2,0,0,0,1,0,1,0,0,1,0,0,1,0,0,0,0,0,0,0,0,1,1,0,2,0
EXYFIFBX,130,46,15,98,63,1,63,28,10,50,31,1,67,18,5,48,32,0,9,1,1,3,6,0,91,85,10,176,0
1RIWUBXD,6,0,1,5,0,0,3,0,0,3,0,0,3,0,1,2,0,0,0,0,0,0,0,0,3,3,0,6,1
AFZE4KO6,72,23,9,71,14,1,40,21,5,43,12,1,32,2,4,28,2,0,5,0,1,4,0,0,61,34,5,95,0
UNGFQ4BQ,1,0,0,1,0,0,0,0,0,0,0,0,1,0,0,1,0,0,1,0,0,1,0,0,0,1,1,1,0
8LHSXIFC,15,0,4,11,0,0,8,0,3,5,0,0,7,0,1,6,0,0,1,0,0,1,0,0,8,7,1,15,0
RNYMFA2L,13,0,2,9,2,0,7,0,2,5,0,0,6,0,0,4,2,0,0,0,0,0,0,0,7,6,0,13,0
GGGNIK7L,84,18,10,77,15,1,39,8,6,30,11,0,45,10,4,47,4,1,2,0,0,2,0,0,47,55,2,102,0
MRD87A8Q,73,22,26,57,10,1,34,14,17,28,3,0,39,8,9,29,7,1,8,2,2,6,1,1,48,47,10,95,0
NBNDDNJJ,61,7,15,40,11,2,29,5,5,20,7,2,32,2,10,20,4,0,8,0,1,7,0,0,34,34,8,68,0
XKRIPSK5,16,9,11,12,2,0,8,6,4,8,2,0,8,3,7,4,0,0,3,0,2,1,0,0,14,11,3,25,0
MRFCADLM,21,3,0,13,11,0,13,0,0,7,6,0,8,3,0,6,5,0,1,0,0,0,1,0,13,11,1,24,0
NJPBNBCX,37,1,6,27,4,2,14,1,2,10,3,1,23,0,4,17,1,1,0,0,0,0,0,0,15,23,0,38,0
HHOYTODD,3,1,2,2,0,0,0,1,0,1,0,0,3,0,2,1,0,0,2,0,1,1,0,0,1,3,2,4,0
RXCYVVCY,21,0,9,11,1,1,9,0,2,7,0,0,12,0,7,4,1,1,1,0,1,0,0,0,9,12,1,21,0
IAR3QHO8,8,6,0,8,5,1,4,3,0,5,2,0,4,3,0,3,3,1,4,3,0,3,3,1,7,7,7,14,0
PMOYVTJN,261,70,113,197,21,8,78,17,33,55,7,3,183,53,80,142,14,5,35,9,14,26,4,1,95,236,44,331,0
JR4L9LOY,43,0,17,26,0,0,13,0,7,6,0,0,30,0,10,20,0,0,6,0,3,3,0,0,13,30,6,43,0
N8JSSIJL,73,2,24,48,3,5,21,1,8,12,2,0,52,1,16,36,1,5,7,0,4,3,0,2,22,53,7,75,0
X4RFMVJJ,175,70,7,145,81,12,105,40,6,83,44,12,70,30,1,62,37,0,4,1,0,5,0,0,145,100,5,245,0
ZUEWEEG2,36,3,10,28,1,0,15,0,3,12,0,0,21,3,7,16,1,0,2,0,0,1,1,0,15,24,2,39,0
9R3YBFKA,103,11,63,50,1,6,44,11,30,25,0,5,59,0,33,25,1,1,9,0,5,3,1,1,55,59,9,114,0
CGNG5EE1,39,0,5,33,1,0,9,0,1,8,0,0,30,0,4,25,1,0,5,0,0,5,0,0,9,30,5,39,0
GAN6TE8X,48,9,6,35,16,0,33,8,4,24,13,0,15,1,2,11,3,0,4,0,1,3,0,0,41,16,4,57,0
HVVF867O,16,1,2,11,3,1,3,1,0,3,1,0,13,0,2,8,2,1,1,0,0,1,0,0,4,13,1,17,0
ERS9SEBT,13,2,0,9,6,0,2,2,0,4,0,0,11,0,0,5,6,0,3,0,0,1,2,0,4,11,3,15,0
DGYLHS1Q,3,0,0,3,0,0,0,0,0,0,0,0,3,0,0,3,0,0,3,0,0,3,0,0,0,3,3,3,0
OHI4BRSH,75,4,7,54,16,2,38,4,3,29,10,0,37,0,4,25,6,2,4,0,0,4,0,0,42,37,4,79,0
SFERGGDI,13,2,2,10,3,0,1,1,0,1,1,0,12,1,2,9,2,0,0,1,0,1,0,0,2,13,1,15,0
ECVFV3PW,116,76,23,107,62,0,70,43,19,62,32,0,46,33,4,45,30,0,6,1,0,7,0,0,113,79,7,192,0
LIXHDBWF,45,0,15,28,2,0,10,0,2,7,1,0,35,0,13,21,1,0,10,0,3,6,1,0,10,35,10,45,0
YKDILGUW,1,0,0,1,0,0,0,0,0,0,0,0,1,0,0,1,0,0,1,0,0,1,0,0,0,1,1,1,0
TLIHI6FV,38,0,7,27,3,0,10,0,2,7,1,0,28,0,5,20,2,0,7,0,1,6,0,0,10,28,7,38,0
ELWOLJVH,45,4,19,29,1,2,19,2,9,12,0,2,26,2,10,17,1,0,6,0,2,4,0,0,21,28,6,49,0
CGIWBKHU,8,2,2,4,3,2,3,1,2,0,2,1,5,1,0,4,1,1,2,0,0,2,0,0,4,6,2,10,0
6G1KTELO,72,7,35,40,4,0,20,2,8,14,0,0,52,5,27,26,4,0,13,1,8,4,2,0,22,57,14,79,0
U9VJK5DF,71,1,29,43,0,0,17,1,8,10,0,0,54,0,21,33,0,0,8,0,3,5,0,0,18,54,8,72,0
RVIE5GCF,44,2,5,40,1,0,8,2,2,7,1,0,36,0,3,33,0,0,6,0,1,5,0,0,10,36,6,46,0
WZLBBHCD,90,31,10,69,33,9,48,18,9,31,18,8,42,13,1,38,15,1,4,0,0,4,0,0,66,55,4,121,0
WAOYKSWZ,1,1,0,2,0,0,1,1,0,2,0,0,0,0,0,0,0,0,0,0,0,0,0,0,2,0,0,2,0
XFNW621V,22,2,0,18,6,0,14,1,0,13,2,0,8,1,0,5,4,0,1,0,0,0,1,0,15,9,1,24,0
DB4YHCEY,92,3,20,71,3,3,25,2,5,20,1,3,67,1,15,51,2,0,12,0,3,9,0,0,27,68,12,95,0
BLZTVYQN,51,1,15,36,1,0,9,0,2,7,0,0,42,1,13,29,1,0,4,0,1,3,0,0,9,43,4,52,0
Y3SGZLYN,54,1,31,24,0,0,7,0,4,3,0,0,47,1,27,21,0,0,9,0,7,2,0,0,7,48,9,55,0
U6PYIE5G,13,1,3,11,0,0,5,0,1,4,0,0,8,1,2,7,0,0,0,0,0,0,0,0,5,9,0,14,0
1X37BSBK,58,10,5,29,34,0,21,5,2,15,9,0,37,5,3,14,25,0,9,2,1,6,4,0,26,42,11,68,0
IBNZRCWF,17,0,8,8,1,0,5,0,1,3,1,0,12,0,7,5,0,0,3,0,2,1,0,0,5,12,3,17,0
WQG2BUUZ,5,0,0,4,1,0,1,0,0,1,0,0,4,0,0,3,1,0,0,0,0,0,0,0,1,4,0,5,0
NUW2GDHT,33,1,9,23,2,1,8,0,2,6,0,0,25,1,7,17,2,1,3,0,1,2,0,0,8,26,3,34,0
RWXO68MP,132,14,3,89,54,0,59,10,1,37,31,0,73,4,2,52,23,0,6,0,0,6,0,0,69,77,6,146,0
VEEW366I,132,14,20,111,15,3,70,10,17,53,10,3,62,4,3,58,5,0,17,1,1,17,0,0,80,66,18,146,0
46KV6QEB,12,2,3,10,1,0,2,1,0,3,0,0,10,1,3,7,1,0,0,0,0,0,0,0,3,11,0,14,0
KOXCLUYS,39,18,23,30,4,4,21,14,13,19,3,3,18,4,10,11,1,1,3,0,0,3,0,0,35,22,3,57,0
T4MDF4I2,9,6,2,11,2,0,5,1,1,4,1,0,4,5,1,7,1,0,0,0,0,0,0,0,6,9,0,15,0
NCIVFLB6,17,2,3,12,4,1,7,2,3,3,3,1,10,0,0,9,1,0,6,0,0,6,0,0,9,10,6,19,0
ILPNHHVO,48,2,16,22,12,0,17,1,5,8,5,0,31,1,11,14,7,0,1,0,0,1,0,0,18,32,1,50,0
XQBXHBCF,59,15,24,36,14,0,38,4,18,21,3,0,21,11,6,15,11,0,3,0,0,3,0,0,42,32,3,74,0
CZEDMMKX,11,5,4,11,1,0,7,2,3,6,0,0,4,3,1,5,1,0,2,1,0,2,1,0,9,7,3,16,0
YVCSN61D,13,2,0,14,1,0,2,0,0,2,0,0,11,2,0,12,1,0,1,0,0,0,1,0,2,13,1,15,0
PQAFW9K6,52,5,5,41,8,3,27,2,3,20,6,0,25,3,2,21,2,3,0,0,0,0,0,0,29,28,0,57,0
F34ER62H,13,2,1,10,4,0,8,2,1,5,4,0,5,0,0,5,0,0,0,0,0,0,0,0,10,5,0,15,0
PDQI3LXN,13,3,2,13,1,0,3,2,1,4,0,0,10,1,1,9,1,0,0,0,0,0,0,0,5,11,0,16,0
E8XLUZXF,27,0,5,22,0,0,7,0,2,5,0,0,20,0,3,17,0,0,3,0,0,3,0,0,7,20,3,27,0
2LDNMHLE,5,3,1,6,1,0,1,0,0,1,0,0,4,3,1,5,1,0,0,0,0,0,0,0,1,7,0,8,0
HFBNQYRZ,31,1,9,22,1,1,9,1,3,7,0,0,22,0,6,15,1,1,4,0,0,4,0,0,10,22,4,32,0
8MMPJBQM,13,0,3,10,0,0,2,0,1,1,0,0,11,0,2,9,0,0,5,0,0,5,0,0,2,11,5,13,0
RXKSLDD9,3,1,0,0,4,0,1,0,0,0,1,0,2,1,0,0,3,0,1,0,0,0,1,0,1,3,1,4,0
LOVM9EOU,33,10,4,31,5,3,20,6,4,19,3,0,13,4,0,12,2,3,1,3,0,1,0,3,26,17,4,43,0
GKXLXYZB,32,5,1,34,2,0,17,2,1,16,2,0,15,3,0,18,0,0,2,0,0,2,0,0,19,18,2,37,0
HUTNADQK,8,0,4,4,0,0,4,0,2,2,0,0,4,0,2,2,0,0,2,0,0,2,0,0,4,4,2,8,0
2CCCNTQA,36,6,11,24,2,5,14,4,6,10,0,2,22,2,5,14,2,3,1,0,1,0,0,0,18,24,1,42,0
WHPZI2Z2,34,10,9,27,8,2,21,10,9,15,7,2,13,0,0,12,1,0,2,0,0,2,0,0,31,13,2,44,0
TQXSWIJW,48,2,17,32,1,0,15,1,4,11,1,0,33,1,13,21,0,0,1,0,0,1,0,0,16,34,1,50,0
DLPG4NFF,8,2,2,8,0,0,4,0,1,3,0,0,4,2,1,5,0,0,0,0,0,0,0,0,4,6,0,10,0
8VYNOUNK,5,0,4,1,0,0,0,0,0,0,0,0,5,0,4,1,0,0,1,0,1,0,0,0,0,5,1,5,0
FGNUDCNB,149,42,49,112,29,7,76,31,36,48,22,7,73,11,13,64,7,0,17,5,4,14,4,0,107,84,22,191,0
FTEZOIJR,1,0,0,1,0,0,1,0,0,1,0,0,0,0,0,0,0,0,0,0,0,0,0,0,1,0,0,1,0
5ABCOESN,47,4,9,37,4,1,13,3,4,11,1,0,34,1,5,26,3,1,3,0,1,2,0,0,16,35,3,51,0
LNZ3YWVJ,83,4,10,55,12,10,32,2,1,19,10,4,51,2,9,36,2,6,7,0,1,6,0,0,34,53,7,87,0
QH5AJHH7,9,6,6,7,2,0,1,3,2,2,0,0,8,3,4,5,2,0,2,1,1,2,0,0,4,11,3,15,0
ONOBSJTR,2,0,0,1,1,0,1,0,0,0,1,0,1,0,0,1,0,0,0,0,0,0,0,0,1,1,0,2,0
PAE6JF44,85,8,35,49,8,2,35,8,10,27,5,1,50,0,25,22,3,1,6,0,5,1,0,0,43,50,6,93,0
HHNOOGH3,122,15,24,97,16,0,35,4,3,35,1,0,87,11,21,62,15,0,10,2,4,7,1,0,39,98,12,137,0
VZLLKKMF,2,0,0,2,0,0,2,0,0,2,0,0,0,0,0,0,0,0,0,0,0,0,0,0,2,0,0,2,0
MDRAZVLM,4,0,0,4,0,0,1,0,0,1,0,0,3,0,0,3,0,0,0,0,0,0,0,0,1,3,0,4,0
I7SDMQ56,6,0,1,4,1,0,2,0,1,1,0,0,4,0,0,3,1,0,1,0,0,0,1,0,2,4,1,6,0
YH9ODSHN,38,6,4,28,10,2,19,3,2,13,5,2,19,3,2,15,5,0,5,1,1,4,1,0,22,22,6,44,0
3JDCMC7G,74,23,7,78,8,6,44,21,5,51,5,6,30,2,2,27,3,0,1,0,1,0,0,0,65,32,1,97,0
EZUDPIWQ,20,7,8,17,2,1,13,2,3,12,0,0,7,5,5,5,2,1,0,0,0,0,0,0,15,12,0,27,0
32EWAZUY,188,14,38,142,22,0,74,5,8,57,14,0,114,9,30,85,8,0,13,1,4,8,2,0,79,123,14,202,0
FGWBNKGZ,59,9,18,49,1,1,19,3,7,15,0,0,40,6,11,34,1,1,11,2,3,10,0,0,22,46,13,68,0
LTDPDHAF,37,4,15,19,2,6,13,4,4,13,0,0,24,0,11,6,2,6,0,0,0,0,0,0,17,24,0,41,0
KNEJNWBR,29,1,2,26,2,0,13,1,1,11,2,0,16,0,1,15,0,0,5,0,0,5,0,0,14,16,5,30,0
PVICEPYF,5,0,2,3,0,0,0,0,0,0,0,0,5,0,2,3,0,0,5,0,2,3,0,0,0,5,5,5,0
MCNIZUUY,10,0,1,9,0,0,0,0,0,0,0,0,10,0,1,9,0,0,5,0,1,4,0,0,0,10,5,10,0
MPEMJDFB,22,1,4,17,2,1,12,0,4,7,1,1,10,1,0,10,1,0,0,1,0,1,0,0,12,11,1,23,0
4V1RL3CL,4,0,1,3,0,0,1,0,1,0,0,0,3,0,0,3,0,0,2,0,0,2,0,0,1,3,2,4,0
IASZYFFK,2,3,2,3,0,0,2,3,2,3,0,0,0,0,0,0,0,0,0,0,0,0,0,0,5,0,0,5,0
178PY1Z9,35,2,12,22,0,4,8,2,5,3,0,2,27,0,7,19,0,2,3,0,0,3,0,0,10,27,3,37,0
UCZADI11,14,10,1,9,8,6,8,8,1,4,5,6,6,2,0,5,3,0,0,0,0,0,0,0,16,8,0,24,0
LVJ3AS3V,25,1,3,21,2,1,7,1,1,5,2,1,18,0,2,16,0,0,1,0,0,1,0,0,8,18,1,26,0
3DLNTA6Q,12,4,1,12,3,0,2,3,0,3,2,0,10,1,1,9,1,0,2,0,0,2,0,0,5,11,2,16,0
IISHOUGQ,42,4,11,31,4,0,16,1,5,9,3,0,26,3,6,22,1,0,4,0,1,3,0,0,17,29,4,46,0
PDUNF2HC,108,20,26,94,8,0,44,18,16,39,7,0,64,2,10,55,1,0,14,1,2,13,0,0,62,66,15,128,0
IY4NGQID,15,0,2,12,1,0,5,0,0,4,1,0,10,0,2,8,0,0,2,0,1,1,0,0,5,10,2,15,0
6T1HRL5X,10,0,0,7,3,0,5,0,0,4,1,0,5,0,0,3,2,0,0,0,0,0,0,0,5,5,0,10,0
9MUHT1ZS,89,4,22,63,7,3,34,2,10,21,4,2,55,2,12,42,3,1,8,0,2,4,2,1,36,57,8,93,0
JFJJG8CT,46,8,13,39,2,0,9,2,2,8,1,0,37,6,11,31,1,0,3,0,1,2,0,0,11,43,3,54,0
P2G1T1IC,5,2,5,2,0,0,1,1,2,0,0,0,4,1,3,2,0,0,2,0,1,1,0,0,2,5,2,7,0
KXM2RLBU,88,27,8,44,31,35,43,10,7,22,13,14,45,17,1,22,18,21,3,3,0,2,1,3,53,62,6,115,0
KEKDKWEQ,167,23,55,106,27,17,69,10,22,46,10,7,98,13,33,60,17,10,11,0,4,7,0,2,79,111,11,190,0
BHJMKDKY,2,0,0,2,0,0,0,0,0,0,0,0,2,0,0,2,0,0,2,0,0,2,0,0,0,2,2,2,0
7YXXJWZG,3,0,0,1,2,0,3,0,0,1,2,0,0,0,0,0,0,0,0,0,0,0,0,0,3,0,0,3,0
YPPFTWEB,8,3,1,10,0,0,3,2,1,4,0,0,5,1,0,6,0,0,0,0,0,0,0,0,5,6,0,11,0
72YJJAWC,6,6,2,9,1,0,4,5,1,7,1,0,2,1,1,2,0,0,2,0,0,2,0,0,9,3,2,12,0
VWEYH24V,7,1,1,3,2,3,2,0,0,2,0,0,5,1,1,1,2,3,0,0,0,0,0,0,2,6,0,8,0
W7GGDOLT,9,3,0,9,3,0,5,2,0,6,1,0,4,1,0,3,2,0,3,1,0,2,2,0,7,5,4,12,0
BFRBCVWV,79,2,20,61,0,0,12,2,1,13,0,0,67,0,19,48,0,0,15,0,5,10,0,0,14,67,15,81,0
NJ2EW5XK,39,5,5,18,4,17,14,1,2,6,1,6,25,4,3,12,3,11,9,0,2,6,0,1,15,29,9,44,0
MMEHO9GK,105,23,9,63,37,19,73,13,6,30,31,19,32,10,3,33,6,0,4,0,1,2,1,0,86,42,4,128,0
1C1IBVCG,8,1,0,8,1,0,1,1,0,1,1,0,7,0,0,7,0,0,2,0,0,2,0,0,2,7,2,9,0
1KRXANFV,6,3,1,8,0,0,4,3,1,6,0,0,2,0,0,2,0,0,0,0,0,0,0,0,7,2,0,9,0
5AOMT77N,16,3,0,18,1,0,8,3,0,11,0,0,8,0,0,7,1,0,3,0,0,3,0,0,11,8,3,19,0
QXU7EY88,6,1,0,7,0,0,3,1,0,4,0,0,3,0,0,3,0,0,1,0,0,1,0,0,4,3,1,7,0
5OWIYZR9,9,4,3,8,2,0,0,0,0,0,0,0,9,4,3,8,2,0,9,4,3,8,2,0,0,13,13,13,0
OIT8JVTZ,178,29,32,116,54,5,22,4,4,20,2,0,156,25,28,96,52,5,19,5,4,10,10,0,26,181,24,207,0
8NFXMOUQ,1,0,0,1,0,0,0,0,0,0,0,0,1,0,0,1,0,0,0,0,0,0,0,0,0,1,0,1,0
K3RYEKCB,44,4,8,31,9,0,5,0,0,1,4,0,39,4,8,30,5,0,19,3,2,17,3,0,5,43,22,48,1
ONYAK7YU,11,1,3,8,1,0,10,0,3,7,0,0,1,1,0,1,1,0,0,0,0,0,0,0,10,2,0,12,0
PCCNO4LQ,107,22,22,79,18,11,10,1,2,8,1,0,97,21,20,71,17,11,59,12,13,38,10,11,11,118,71,129,0
KMO7EHI7,2,0,0,0,2,0,1,0,0,0,1,0,1,0,0,0,1,0,0,0,0,0,0,0,1,1,0,2,0
RFWVN1XQ,6,2,0,1,5,2,4,1,0,1,4,0,2,1,0,0,1,2,0,0,0,0,0,0,5,3,0,8,0
7LPNFERZ,141,39,67,100,13,14,52,18,32,33,5,8,89,21,35,67,8,6,17,0,7,10,0,0,70,110,17,180,0
9VUFCQDX,10,0,7,3,0,0,4,0,3,1,0,0,6,0,4,2,0,0,2,0,1,1,0,0,4,6,2,10,0
TJXWM1OZ,23,2,6,18,1,0,12,0,4,7,1,0,11,2,2,11,0,0,2,0,0,2,0,0,12,13,2,25,0
VJQHXNRM,7,0,2,5,0,0,5,0,1,4,0,0,2,0,1,1,0,0,0,0,0,0,0,0,5,2,0,7,0
CGW5PRSF,4,3,0,5,1,1,0,3,0,1,1,1,4,0,0,4,0,0,0,0,0,0,0,0,3,4,0,7,0
BUNLIEVC,37,1,6,32,0,0,4,1,2,3,0,0,33,0,4,29,0,0,7,0,1,6,0,0,5,33,7,38,0
SQNCZ4UJ,69,4,11,56,6,0,24,4,4,22,2,0,45,0,7,34,4,0,9,0,1,7,1,0,28,45,9,73,0
KGESCMFP,16,0,1,12,3,0,10,0,1,8,1,0,6,0,0,4,2,0,0,0,0,0,0,0,10,6,0,16,0
6QHZOAII,6,0,0,2,4,0,6,0,0,2,4,0,0,0,0,0,0,0,0,0,0,0,0,0,6,0,0,6,0
2JZTKZIM,9,1,1,9,0,0,4,0,0,4,0,0,5,1,1,5,0,0,2,1,1,2,0,0,4,6,3,10,0
GRODDTSL,62,0,17,42,3,1,26,0,6,17,3,1,36,0,11,25,0,0,3,0,1,2,0,0,26,36,3,62,0
FOBUTGPI,31,3,9,25,0,1,5,1,2,4,0,0,26,2,7,21,0,1,3,0,2,1,0,1,6,28,3,34,0
XF8F5L69,153,3,28,79,48,3,64,3,17,30,19,3,89,0,11,49,29,0,6,0,2,2,2,0,67,89,6,156,0
BL1MDEXV,57,7,15,46,1,2,12,2,6,7,0,1,45,5,9,39,1,1,8,0,1,7,0,0,14,50,8,64,0
BMV436PA,42,2,4,36,4,0,10,0,3,7,0,0,32,2,1,29,4,0,9,0,0,9,0,0,10,34,9,44,0
NVSMBG5X,15,1,3,13,0,0,4,0,0,4,0,0,11,1,3,9,0,0,1,0,1,0,0,0,4,12,1,16,0
Y7XRYIVN,14,0,6,6,2,0,4,0,0,2,2,0,10,0,6,4,0,0,1,0,1,0,0,0,4,10,1,14,0
2UWQDXIG,41,10,2,44,5,0,7,4,0,11,0,0,34,6,2,33,5,0,15,1,1,13,2,0,11,40,16,51,0
NMWSPABJ,105,18,8,87,21,7,51,1,3,30,12,7,54,17,5,57,9,0,10,0,0,10,0,0,52,71,10,123,0
JVWBCO5R,19,2,9,10,0,1,3,0,2,0,0,0,16,2,7,10,0,1,2,0,1,1,0,0,3,18,2,21,0
LSDUWYVM,97,17,25,56,32,5,50,8,14,30,13,2,47,9,11,26,19,3,5,0,2,3,0,1,58,56,5,114,0
EESFFJAT,44,0,27,17,0,0,6,0,5,1,0,0,38,0,22,16,0,0,6,0,5,1,0,0,6,38,6,44,0
7HWAPQSV,44,2,11,35,0,1,19,1,6,14,0,0,25,1,5,21,0,1,7,1,2,6,0,0,20,26,8,46,0
NADSPUDU,24,6,9,21,0,0,11,2,5,8,0,0,13,4,4,13,0,0,1,0,1,0,0,0,13,17,1,30,0
LXHAM7V9,20,1,5,15,1,0,6,1,1,6,0,0,14,0,4,9,1,0,0,0,0,0,0,0,7,14,0,21,0
CTR57VT1,143,16,31,119,6,3,52,10,19,41,2,0,91,6,12,78,4,3,14,0,0,13,0,1,62,97,14,159,0
ECENXRPW,15,3,4,10,4,0,9,2,2,6,3,0,6,1,2,4,1,0,0,0,0,0,0,0,11,7,0,18,0
8FKFTMFN,50,0,11,39,0,0,17,0,1,16,0,0,33,0,10,23,0,0,5,0,1,4,0,0,17,33,5,50,0
QLIQ93HK,32,6,5,32,1,0,14,4,3,15,0,0,18,2,2,17,1,0,6,0,0,6,0,0,18,20,6,38,0
BEYBVFHB,24,3,9,15,3,0,6,0,1,4,1,0,18,3,8,11,2,0,6,0,2,4,0,0,6,21,6,27,0
K8UXTGYB,9,0,0,3,6,0,4,0,0,3,1,0,5,0,0,0,5,0,0,0,0,0,0,0,4,5,0,9,0
WWDQ1GGM,20,1,7,14,0,0,7,0,0,7,0,0,13,1,7,7,0,0,3,0,2,1,0,0,7,14,3,21,0
Z5XBEIAN,11,0,1,9,1,0,2,0,0,2,0,0,9,0,1,7,1,0,0,0,0,0,0,0,2,9,0,11,0
ZJ6LPFZR,77,12,21,58,10,1,39,7,18,27,1,1,38,5,3,31,9,0,2,0,0,2,0,0,46,43,2,89,0
PUMQO57O,28,0,8,17,3,0,10,0,2,7,1,0,18,0,6,10,2,0,1,0,1,0,0,0,10,18,1,28,0
Z734R7VL,81,19,10,55,14,21,47,13,5,28,10,17,34,6,5,27,4,4,3,0,0,3,0,0,60,40,3,100,0
VXM4KRMJ,27,4,4,26,1,0,13,4,3,13,1,0,14,0,1,13,0,0,3,0,0,3,0,0,17,14,3,31,0
OBPIXH9R,48,47,0,62,32,1,34,29,0,39,23,1,14,18,0,23,9,0,2,0,0,2,0,0,63,32,2,95,0
JY79ZIJ9,7,4,0,4,7,0,2,1,0,1,2,0,5,3,0,3,5,0,0,0,0,0,0,0,3,8,0,11,0
JTRVXYDL,3,1,0,4,0,0,2,1,0,3,0,0,1,0,0,1,0,0,0,0,0,0,0,0,3,1,0,4,0
GPKYJEYX,17,17,6,27,1,2,5,4,3,6,0,2,12,13,3,21,1,0,1,0,0,1,0,0,9,25,1,34,0
ZOHKWRZT,7,0,1,6,0,0,3,0,1,2,0,0,4,0,0,4,0,0,2,0,0,2,0,0,3,4,2,7,0
ZRYUPTKR,74,8,19,54,9,1,42,8,10,31,9,1,32,0,9,23,0,0,0,0,0,0,0,0,50,32,0,82,0
KO15AQJG,58,1,13,37,9,1,29,1,5,19,6,0,29,0,8,18,3,1,1,0,0,1,0,0,30,29,1,59,0
QDU1JTKM,17,6,0,21,2,0,5,2,0,7,0,0,12,4,0,14,2,0,0,0,0,0,0,0,7,16,0,23,0
BPKFF5GX,24,1,5,20,0,0,5,0,1,4,0,0,19,1,4,16,0,0,6,0,0,6,0,0,5,20,6,25,0
H5HKEP6O,70,3,18,51,1,3,16,3,6,11,0,2,54,0,12,40,1,1,10,0,2,7,1,0,19,54,10,73,0
DX1JI8QK,62,13,23,44,0,12,10,11,8,6,0,10,52,2,15,38,0,2,11,0,2,9,0,0,21,54,11,75,0
8ZSGVFGQ,87,8,16,69,10,0,38,7,13,24,8,0,49,1,3,45,2,0,9,0,0,8,1,0,45,50,9,95,0
2OZ3ULYG,20,5,5,15,5,0,1,0,0,0,1,0,19,5,5,15,4,0,0,0,0,0,0,0,1,24,0,25,0
E8ESGU9D,14,1,0,9,6,0,9,0,0,7,2,0,5,1,0,2,4,0,0,0,0,0,0,0,9,6,0,15,0
FTBNGILK,35,9,6,38,0,0,23,6,3,26,0,0,12,3,3,12,0,0,0,0,0,0,0,0,29,15,0,44,0
GMH6HHGZ,47,1,11,35,1,1,11,1,7,4,0,1,36,0,4,31,1,0,9,0,1,7,1,0,12,36,9,48,0
Q5VMFO2C,33,2,6,17,12,0,8,0,0,4,4,0,25,2,6,13,8,0,10,0,2,6,2,0,8,27,10,35,0
CJDG8HNT,32,6,7,28,3,0,15,2,4,12,1,0,17,4,3,16,2,0,3,0,0,3,0,0,17,21,3,38,0
ZX8KRNYL,20,11,1,14,6,11,18,9,1,12,4,11,2,2,0,2,2,0,0,2,0,0,2,0,27,4,2,31,0
RSHCXDWQ,15,0,1,5,8,1,3,0,1,2,0,0,12,0,0,3,8,1,0,0,0,0,0,0,3,12,0,15,0
GPQVNZLO,44,2,8,36,1,3,7,0,2,4,0,1,37,2,6,32,1,2,10,0,1,9,0,1,7,39,10,46,0
GHDSRJWV,66,17,8,70,5,0,35,10,2,40,3,0,31,7,6,30,2,0,1,0,0,1,0,0,45,38,1,83,0
LIAGZMGU,3,0,1,2,0,0,0,0,0,0,0,0,3,0,1,2,0,0,2,0,0,2,0,0,0,3,2,3,0
ERNLDEXX,16,2,0,13,2,3,4,0,0,3,1,0,12,2,0,10,1,3,1,0,0,1,0,0,4,14,1,18,0
XBABI3GW,12,0,0,11,1,0,2,0,0,2,0,0,10,0,0,9,1,0,2,0,0,2,0,0,2,10,2,12,0
HGTGXZIY,46,18,3,53,8,0,19,13,3,24,5,0,27,5,0,29,3,0,8,3,0,9,2,0,32,32,11,64,0
88DKVELO,9,0,2,7,0,0,7,0,2,5,0,0,2,0,0,2,0,0,0,0,0,0,0,0,7,2,0,9,0
WIR6VS7O,21,0,6,15,0,0,3,0,1,2,0,0,18,0,5,13,0,0,5,0,1,4,0,0,3,18,5,21,0
JHKQJWHU,145,5,21,108,21,0,38,1,7,27,5,0,107,4,14,81,16,0,19,1,1,17,2,0,39,111,20,150,0
KZXKGKWL,80,8,33,47,8,5,61,8,27,34,8,4,19,0,6,13,0,1,4,0,2,2,0,0,69,19,4,88,0
NIKYZF32,2,0,1,1,0,0,1,0,1,0,0,0,1,0,0,1,0,0,0,0,0,0,0,0,1,1,0,2,0
TMRXI1D4,69,5,12,57,5,0,11,2,1,9,3,0,58,3,11,48,2,0,9,0,1,8,0,0,13,61,9,74,0
GY4QPNK1,80,14,5,81,8,0,26,7,3,28,2,0,54,7,2,53,6,0,9,0,1,8,0,0,33,61,9,94,0
R6PCLGJH,2,0,1,1,0,0,2,0,1,1,0,0,0,0,0,0,0,0,0,0,0,0,0,0,2,0,0,2,0
V9DAI4PF,41,16,5,31,20,1,22,3,4,18,3,0,19,13,1,13,17,1,9,3,1,5,6,0,25,32,12,57,0
WTWDJFCE,10,1,0,6,5,0,9,0,0,5,4,0,1,1,0,1,1,0,0,0,0,0,0,0,9,2,0,11,0
UPEA1GW8,0,1,1,0,0,1,0,0,0,0,0,0,0,1,1,0,0,1,0,1,1,0,0,1,0,1,1,1,0
SPN1THDY,2,2,0,4,0,0,1,0,0,1,0,0,1,2,0,3,0,0,0,0,0,0,0,0,1,3,0,4,0
IVGRFEUP,18,1,6,13,0,0,9,1,5,5,0,0,9,0,1,8,0,0,0,0,0,0,0,0,10,9,0,19,0
CUWCM3DH,56,1,32,25,0,0,15,1,7,9,0,0,41,0,25,16,0,0,4,0,2,2,0,0,16,41,4,57,0
FABYRPQW,48,3,5,46,0,3,14,2,1,15,0,1,34,1,4,31,0,2,5,0,1,4,0,0,16,35,5,51,0
6NSCJNJ6,33,0,7,25,1,1,5,0,1,4,0,0,28,0,6,21,1,1,6,0,3,3,0,0,5,28,6,33,0
JIRUDBPK,204,69,83,143,43,9,71,32,30,50,22,3,133,37,53,93,21,6,13,3,9,4,3,0,103,170,16,273,0
5QJ3XOVE,58,1,13,45,1,0,14,1,4,10,1,0,44,0,9,35,0,0,4,0,2,2,0,0,15,44,4,59,0
LUA5LNIJ,87,22,33,60,15,0,68,20,26,50,12,0,19,2,7,10,3,0,1,0,0,1,0,0,88,21,1,109,0
WRN5OH2G,51,8,5,36,13,7,17,0,1,11,4,1,34,8,4,25,9,6,4,0,0,4,0,0,17,42,4,59,0
KJXIWJHK,8,3,0,11,0,0,6,3,0,9,0,0,2,0,0,2,0,0,0,0,0,0,0,0,9,2,0,11,0
LYYZ8CL4,120,5,4,75,31,15,25,0,3,17,4,1,95,5,1,58,27,14,10,4,0,8,1,5,25,100,14,125,0
ONOZQH53,31,0,3,23,5,0,1,0,1,0,0,0,30,0,2,23,5,0,6,0,0,5,1,0,1,30,6,31,0
KF4LTKTV,17,0,3,14,0,0,4,0,0,4,0,0,13,0,3,10,0,0,1,0,0,1,0,0,4,13,1,17,0
SMK6H1BV,5,1,2,3,1,0,1,1,0,1,1,0,4,0,2,2,0,0,0,0,0,0,0,0,2,4,0,6,0
IP41DKPO,2,0,0,1,1,0,0,0,0,0,0,0,2,0,0,1,1,0,0,0,0,0,0,0,0,2,0,2,0
EKGEEDEL,169,43,34,133,42,6,59,14,21,37,14,1,110,29,13,96,28,5,27,5,2,24,4,2,73,139,32,212,0
HJL94RCI,1,0,0,1,0,0,0,0,0,0,0,0,1,0,0,1,0,0,1,0,0,1,0,0,0,1,1,1,0
4NYEDKWD,9,1,1,9,0,0,4,1,0,5,0,0,5,0,1,4,0,0,0,0,0,0,0,0,5,5,0,10,0
7KUBAL4D,151,20,36,97,28,12,88,13,29,43,19,12,63,7,7,54,9,0,2,0,0,2,0,0,101,70,2,171,0
SWMTOOVR,8,0,0,8,0,0,0,0,0,0,0,0,8,0,0,8,0,0,4,0,0,4,0,0,0,8,4,8,0
2J3DEHCK,8,0,0,8,0,0,1,0,0,1,0,0,7,0,0,7,0,0,0,0,0,0,0,0,1,7,0,8,0
FOL6MNA5,27,3,4,24,2,0,10,2,1,10,1,0,17,1,3,14,1,0,5,0,0,5,0,0,12,18,5,30,0
OT8KLHOU,84,17,19,74,8,0,49,15,6,54,4,0,35,2,13,20,4,0,5,0,2,2,1,0,64,37,5,101,0
72WTAZTO,35,6,8,32,1,0,8,4,1,11,0,0,27,2,7,21,1,0,5,1,1,5,0,0,12,29,6,41,0
SMALVBLD,12,0,8,4,0,1,5,0,4,1,0,0,7,0,4,3,0,1,3,0,3,0,0,1,5,7,3,12,0
IQLJIOSK,12,1,3,9,0,1,6,1,3,3,0,1,6,0,0,6,0,0,2,0,0,2,0,0,7,6,2,13,0
HWPIRDAB,10,0,3,7,0,0,7,0,1,6,0,0,3,0,2,1,0,0,0,0,0,0,0,0,7,3,0,10,0
GLISUTBV,25,0,6,19,0,0,7,0,0,7,0,0,18,0,6,12,0,0,2,0,0,2,0,0,7,18,2,25,0
C831MALL,67,5,23,48,1,1,26,4,7,22,1,0,41,1,16,26,0,1,4,0,2,2,0,0,30,42,4,72,0
MVCZLWKS,17,18,2,26,7,0,17,16,2,24,7,0,0,2,0,2,0,0,0,0,0,0,0,0,33,2,0,35,0
YUWD9VO7,2,1,0,3,0,0,2,1,0,3,0,0,0,0,0,0,0,0,0,0,0,0,0,0,3,0,0,3,0
ZTUNLUDP,2,1,0,3,0,0,1,0,0,1,0,0,1,1,0,2,0,0,0,0,0,0,0,0,1,2,0,3,0
3LF6GKV9,31,3,4,26,4,0,14,0,2,10,2,0,17,3,2,16,2,0,3,1,1,3,0,0,14,20,4,34,0
QEVOIKCN,4,3,1,5,1,0,1,0,0,1,0,0,3,3,1,4,1,0,0,0,0,0,0,0,1,6,0,7,0
GLNUY8IR,2,0,1,1,0,0,2,0,1,1,0,0,0,0,0,0,0,0,0,0,0,0,0,0,2,0,0,2,0
SN7ZMEIA,12,3,1,10,4,0,7,2,0,6,3,0,5,1,1,4,1,0,0,0,0,0,0,0,9,6,0,15,0
7FMOVIF7,5,4,0,9,0,0,0,4,0,4,0,0,5,0,0,5,0,0,0,0,0,0,0,0,4,5,0,9,0
DQIDYSKP,24,5,2,24,3,0,10,1,1,10,0,0,14,4,1,14,3,0,1,0,0,1,0,0,11,18,1,29,0
MRON5F2X,1,0,0,1,0,0,0,0,0,0,0,0,1,0,0,1,0,0,0,0,0,0,0,0,0,1,0,1,0
9BOZVS95,40,5,13,32,0,0,9,2,1,10,0,0,31,3,12,22,0,0,6,1,3,4,0,0,11,34,7,45,0
EHKEFCN1,21,0,3,17,1,0,11,0,0,10,1,0,10,0,3,7,0,0,0,0,0,0,0,0,11,10,0,21,0
CA1FEY3A,48,11,4,31,19,5,24,11,2,14,16,3,24,0,2,17,3,2,3,0,1,2,0,0,35,24,3,59,0
H4LDKCEV,12,3,2,9,4,0,7,3,0,7,3,0,5,0,2,2,1,0,3,0,2,1,0,0,10,5,3,15,0
EMWOK9BH,205,68,59,130,82,11,79,27,24,50,30,6,126,41,35,80,52,5,38,12,12,19,19,1,106,167,50,273,0
BZ6WA4OD,32,2,12,20,1,2,13,1,7,6,0,2,19,1,5,14,1,0,4,0,2,2,0,0,14,20,4,34,0
ZVD4EHD7,8,1,0,8,1,0,3,1,0,4,0,0,5,0,0,4,1,0,2,0,0,1,1,0,4,5,2,9,0
WNYTVIKY,14,3,1,7,6,3,14,3,1,7,6,3,0,0,0,0,0,0,0,0,0,0,0,0,17,0,0,17,0
AZ2UNWYA,7,5,3,7,2,0,1,4,2,3,0,0,6,1,1,4,2,0,4,0,1,2,1,0,5,7,4,12,0
XGCBTVVT,1,0,0,0,1,0,0,0,0,0,0,0,1,0,0,0,1,0,0,0,0,0,0,0,0,1,0,1,0
Y9FAXYUM,18,7,5,9,9,2,17,6,4,9,8,2,1,1,1,0,1,0,0,0,0,0,0,0,23,2,0,25,0
GJ6DAEOK,11,7,1,14,3,0,0,3,0,3,0,0,11,4,1,11,3,0,4,0,0,4,0,0,3,15,4,18,0
727NDBYD,1,1,0,2,0,0,0,0,0,0,0,0,1,1,0,2,0,0,0,0,0,0,0,0,0,2,0,2,0
9DDZHRJR,74,3,7,63,7,0,24,3,3,22,2,0,50,0,4,41,5,0,6,0,0,5,1,0,27,50,6,77,0
GLUJLBLD,14,1,1,14,0,0,5,1,1,5,0,0,9,0,0,9,0,0,0,0,0,0,0,0,6,9,0,15,0
WEBUAAWG,36,0,14,22,0,0,5,0,0,5,0,0,31,0,14,17,0,0,4,0,2,2,0,0,5,31,4,36,0
VM8EKNKV,3,0,0,3,0,0,1,0,0,1,0,0,2,0,0,2,0,0,0,0,0,0,0,0,1,2,0,3,0
68K1E1FA,33,9,8,31,2,1,9,7,1,13,2,0,24,2,7,18,0,1,3,0,0,3,0,0,16,26,3,42,0
T1MTJT73,41,1,10,29,3,7,14,1,3,12,0,1,27,0,7,17,3,6,5,0,1,2,2,0,15,27,5,42,0
DCWMZCOB,17,9,11,10,5,0,17,9,11,10,5,0,0,0,0,0,0,0,0,0,0,0,0,0,26,0,0,26,0
AOHMUYFG,107,8,28,70,7,11,22,2,4,18,1,1,85,6,24,52,6,10,11,0,4,7,0,0,24,91,11,115,0
AL7EPEUP,7,3,0,7,3,0,1,3,0,4,0,0,6,0,0,3,3,0,1,0,0,0,1,0,4,6,1,10,0
D6GEIOYL,82,6,17,68,3,0,22,5,9,18,0,0,60,1,8,50,3,0,7,0,0,6,1,0,27,61,7,88,0
VMYKVEN4,14,2,1,15,0,0,2,0,0,2,0,0,12,2,1,13,0,0,0,0,0,0,0,0,2,14,0,16,0
IDKFJY6Q,13,3,4,8,4,0,11,3,4,7,3,0,2,0,0,1,1,0,1,0,0,1,0,0,14,2,1,16,0
OZAETWKI,0,4,0,4,0,0,0,4,0,4,0,0,0,0,0,0,0,0,0,0,0,0,0,0,4,0,0,4,0
7LIRBCZN,36,13,0,31,18,0,13,11,0,20,4,0,23,2,0,11,14,0,3,0,0,1,2,0,24,25,3,49,0
OXM2L78K,18,0,0,7,11,0,7,0,0,3,4,0,11,0,0,4,7,0,5,0,0,3,2,0,7,11,5,18,0
C2DTGRDS,51,1,24,27,0,0,10,1,3,8,0,0,41,0,21,19,0,0,2,0,2,0,0,0,11,41,2,52,0
ZFYYGM37,28,1,7,21,1,0,8,0,2,6,0,0,20,1,5,15,1,0,2,0,0,2,0,0,8,21,2,29,0
CQIE5PFM,85,29,5,27,36,45,65,22,4,21,26,36,20,7,1,6,10,9,4,2,0,2,1,3,87,27,6,114,0
PXSM2DXU,29,0,0,26,3,0,10,0,0,7,3,0,19,0,0,19,0,0,4,0,0,4,0,0,10,19,4,29,0
HTSHQETL,97,8,13,85,7,0,28,3,3,25,3,0,69,5,10,60,4,0,8,1,0,9,0,0,31,74,9,105,0
J6SE6KUH,10,1,0,9,2,0,2,1,0,2,1,0,8,0,0,7,1,0,1,0,0,1,0,0,3,8,1,11,0
M4POR6LH,95,8,20,66,15,1,28,1,6,15,6,1,67,7,14,51,9,0,5,1,1,4,1,0,29,74,6,103,0
ZBEX4YG2,35,5,4,35,1,0,9,4,1,12,0,0,26,1,3,23,1,0,4,0,1,3,0,0,13,27,4,40,0
TBXHHWLV,52,0,11,38,3,0,16,0,4,12,0,0,36,0,7,26,3,0,4,0,0,4,0,0,16,36,4,52,0
NIHC9U4Y,73,9,4,70,7,1,35,6,2,33,5,1,38,3,2,37,2,0,6,0,0,6,0,0,41,41,6,82,0
HEA86OFB,2,0,0,2,0,0,0,0,0,0,0,0,2,0,0,2,0,0,0,0,0,0,0,0,0,2,0,2,0
FVLKIQZK,9,5,0,7,7,0,1,5,0,2,4,0,8,0,0,5,3,0,1,0,0,1,0,0,6,8,1,14,0
JUNYF4W4,5,0,0,5,0,0,4,0,0,4,0,0,1,0,0,1,0,0,0,0,0,0,0,0,4,1,0,5,0
VFCZFFIJ,3,0,0,2,1,0,1,0,0,0,1,0,2,0,0,2,0,0,1,0,0,1,0,0,1,2,1,3,0
C9SELP7X,46,1,16,28,1,6,13,0,5,7,0,2,33,1,11,21,1,4,9,0,4,5,0,0,13,34,9,47,0
2QLVZWHJ,6,6,0,6,6,0,4,6,0,6,4,0,2,0,0,0,2,0,0,0,0,0,0,0,10,2,0,12,0
OQUUFRL4,8,0,1,7,0,0,4,0,0,4,0,0,4,0,1,3,0,0,0,0,0,0,0,0,4,4,0,8,0
EMR8IRYB,7,0,2,5,0,0,2,0,1,1,0,0,5,0,1,4,0,0,2,0,0,2,0,0,2,5,2,7,0
FS9H9KQY,35,2,14,23,0,0,12,0,6,6,0,0,23,2,8,17,0,0,3,0,1,2,0,0,12,25,3,37,0
TETCE2M6,2,0,0,2,0,0,0,0,0,0,0,0,2,0,0,2,0,0,0,0,0,0,0,0,0,2,0,2,0
CUIH8CD7,8,1,1,8,0,1,5,0,0,5,0,0,3,1,1,3,0,1,1,0,0,1,0,0,5,4,1,9,0
EXUKOUNI,43,1,1,26,17,0,39,0,1,23,15,0,4,1,0,3,2,0,2,0,0,0,2,0,39,5,2,44,0
V2FAMHDH,65,13,12,62,4,1,11,9,4,14,2,0,54,4,8,48,2,1,4,0,0,4,0,0,20,58,4,78,0
UT8HGKZH,26,0,14,11,1,1,6,0,2,4,0,0,20,0,12,7,1,1,5,0,2,3,0,1,6,20,5,26,0
56TD7FH6,44,5,0,15,8,25,23,2,0,6,6,12,21,3,0,9,2,13,2,0,0,0,0,2,25,24,2,49,0
FQI6T3BE,87,2,30,52,7,0,16,2,9,9,0,0,71,0,21,43,7,0,5,0,4,1,0,0,18,71,5,89,0
EHNARL3I,21,2,1,20,2,0,3,0,0,2,1,0,18,2,1,18,1,0,1,0,0,1,0,0,3,20,1,23,0
K2FSDDKV,20,4,0,18,6,0,6,1,0,6,1,0,14,3,0,12,5,0,4,0,0,2,2,0,7,17,4,24,0
HEXVHPFK,2,7,0,7,2,0,1,7,0,7,1,0,1,0,0,0,1,0,0,0,0,0,0,0,8,1,0,9,0
VK2C6JLT,14,1,4,10,0,0,7,1,1,7,0,0,7,0,3,3,0,0,3,0,1,1,0,0,8,7,3,15,0
TEGKNYJL,11,1,1,3,8,0,5,0,1,1,3,0,6,1,0,2,5,0,3,0,0,1,2,0,5,7,3,12,0
HPZXIGWG,54,3,9,42,6,1,18,2,2,16,2,1,36,1,7,26,4,0,5,0,0,4,1,0,20,37,5,57,0
LAFXPHFV,4,1,0,5,0,0,2,0,0,2,0,0,2,1,0,3,0,0,2,0,0,2,0,0,2,3,2,5,0
1MZ3NCFN,18,11,0,9,15,5,2,3,0,2,1,2,16,8,0,7,14,3,3,1,0,0,4,0,5,24,4,29,0
VEVAYHEC,7,3,0,9,1,0,7,3,0,9,1,0,0,0,0,0,0,0,0,0,0,0,0,0,10,0,0,10,0
RZOFJEZE,10,0,1,8,1,0,6,0,0,6,0,0,4,0,1,2,1,0,0,0,0,0,0,0,6,4,0,10,0
OPAVI2PX,51,17,14,41,12,1,23,15,7,20,10,1,28,2,7,21,2,0,4,2,3,3,0,0,38,30,6,68,0
XQXI34DH,14,0,6,8,0,1,4,0,2,2,0,1,10,0,4,6,0,0,5,0,2,3,0,0,4,10,5,14,0
EKPXNKMB,2,0,0,2,0,0,0,0,0,0,0,0,2,0,0,2,0,0,0,0,0,0,0,0,0,2,0,2,0
VTLGHKTJ,10,0,5,5,0,0,5,0,3,2,0,0,5,0,2,3,0,0,1,0,1,0,0,0,5,5,1,10,0
AXD6PG6E,2,1,0,2,1,0,2,1,0,2,1,0,0,0,0,0,0,0,0,0,0,0,0,0,3,0,0,3,0
GRDBZFCR,2,5,0,5,1,1,2,4,0,5,1,0,0,1,0,0,0,1,0,0,0,0,0,0,6,1,0,7,0
MB2EHXY5,15,1,3,13,0,0,3,0,2,1,0,0,12,1,1,12,0,0,4,0,0,4,0,0,3,13,4,16,0
Q1DYKI3P,32,1,9,22,2,0,12,0,3,9,0,0,20,1,6,13,2,0,2,1,1,2,0,0,12,21,3,33,0
XTYHHYLW,41,0,8,33,0,0,20,0,5,15,0,0,21,0,3,18,0,0,4,0,0,4,0,0,20,21,4,41,0
BNIA9DSH,23,0,2,20,1,0,4,0,1,3,0,0,19,0,1,17,1,0,5,0,1,4,0,0,4,19,5,23,0
9LN7YR1H,5,0,0,5,0,0,0,0,0,0,0,0,5,0,0,5,0,0,5,0,0,5,0,0,0,5,5,5,0
QBRUWONF,14,0,2,12,0,0,1,0,1,0,0,0,13,0,1,12,0,0,3,0,0,3,0,0,1,13,3,14,0
VMQ4ARSI,135,32,40,100,27,5,63,25,19,52,17,1,72,7,21,48,10,4,16,2,6,10,2,0,88,79,18,167,0
A1E5G2AS,22,16,3,17,9,10,16,13,3,8,9,10,6,3,0,9,0,0,1,0,0,1,0,0,29,9,1,38,0
VV2ZQZXM,17,0,2,12,3,0,4,0,0,4,0,0,13,0,2,8,3,0,2,0,1,1,0,0,4,13,2,17,0
RFJDJAD5,11,7,3,11,4,1,0,3,1,2,0,0,11,4,2,9,4,1,4,1,0,3,2,0,3,15,5,18,0
J9COWRVA,4,1,0,4,1,0,3,1,0,3,1,0,1,0,0,1,0,0,0,0,0,0,0,0,4,1,0,5,0
T8KHK4SH,4,2,0,5,1,0,3,2,0,4,1,0,1,0,0,1,0,0,0,0,0,0,0,0,5,1,0,6,0
1K7LNFC4,8,0,1,5,2,0,8,0,1,5,2,0,0,0,0,0,0,0,0,0,0,0,0,0,8,0,0,8,0
8PBS2Z7N,10,15,2,14,9,0,4,14,2,13,3,0,6,1,0,1,6,0,0,0,0,0,0,0,18,7,0,25,0
BDGSHYVE,40,0,8,30,2,0,11,0,4,7,0,0,29,0,4,23,2,0,2,0,0,2,0,0,11,29,2,40,0
HKOPW7DN,7,0,0,6,1,0,2,0,0,2,0,0,5,0,0,4,1,0,2,0,0,1,1,0,2,5,2,7,0
KXO7KWEQ,7,6,0,10,3,0,5,4,0,6,3,0,2,2,0,4,0,0,1,0,0,1,0,0,9,4,1,13,0
AYGE1KUX,15,13,9,13,6,0,15,13,9,13,6,0,0,0,0,0,0,0,0,0,0,0,0,0,28,0,0,28,0
Y6JDBT5Y,41,12,2,45,6,0,22,1,1,19,3,0,19,11,1,26,3,0,2,0,0,2,0,0,23,30,2,53,0
KQKMDCZQ,99,8,13,87,7,0,28,4,3,24,5,0,71,4,10,63,2,0,7,0,2,5,0,0,32,75,7,107,0
LYLPNI8E,4,0,0,3,1,0,0,0,0,0,0,0,4,0,0,3,1,0,0,0,0,0,0,0,0,4,0,4,0
X3WH7LPI,22,4,1,23,2,0,18,3,1,19,1,0,4,1,0,4,1,0,2,0,0,2,0,0,21,5,2,26,0
QNGZACPW,8,6,5,9,0,1,5,3,4,4,0,1,3,3,1,5,0,0,0,0,0,0,0,0,8,6,0,14,0
TJKQRDWD,1,2,1,2,0,0,0,1,0,1,0,0,1,1,1,1,0,0,0,0,0,0,0,0,1,2,0,3,0
JC7JGVZR,52,6,7,34,7,11,32,6,5,24,4,6,20,0,2,10,3,5,1,0,0,1,0,0,38,20,1,58,0
4QPKFBSV,21,1,2,19,1,0,4,0,0,4,0,0,17,1,2,15,1,0,5,0,1,4,0,0,4,18,5,22,0
HCAWWPHC,6,1,1,4,2,0,4,1,1,3,1,0,2,0,0,1,1,0,0,0,0,0,0,0,5,2,0,7,0
ELTFQPNK,1,0,0,1,0,0,0,0,0,0,0,0,1,0,0,1,0,0,1,0,0,1,0,0,0,1,1,1,0
CAMIXHMP,14,0,2,10,2,1,10,0,2,7,1,1,4,0,0,3,1,0,0,0,0,0,0,0,10,4,0,14,0
Y2EZMZRF,56,2,15,43,0,0,12,2,2,12,0,0,44,0,13,31,0,0,5,0,0,5,0,0,14,44,5,58,0
D3OY6QDY,28,0,8,19,1,1,4,0,1,3,0,0,24,0,7,16,1,1,1,0,0,1,0,0,4,24,1,28,0
CQKUPYBA,11,0,1,9,1,0,7,0,0,6,1,0,4,0,1,3,0,0,0,0,0,0,0,0,7,4,0,11,0
LTELPEJP,7,0,0,7,0,0,1,0,0,1,0,0,6,0,0,6,0,0,1,0,0,1,0,0,1,6,1,7,0
RYBJ9FH8,24,5,5,19,5,1,10,3,2,9,2,0,14,2,3,10,3,1,1,1,1,0,1,0,13,16,2,29,0
VVSML3PV,21,0,0,21,0,0,2,0,0,2,0,0,19,0,0,19,0,0,5,0,0,5,0,0,2,19,5,21,0
QQNS9OGK,106,29,32,92,9,5,27,16,16,25,1,3,79,13,16,67,8,2,16,1,3,13,1,0,43,92,17,135,0
UNNDULF7,62,9,12,50,9,0,22,4,6,18,2,0,40,5,6,32,7,0,1,0,0,1,0,0,26,45,1,71,0
Z73OD5OP,13,2,5,10,0,0,13,1,4,10,0,0,0,1,1,0,0,0,0,1,1,0,0,0,14,1,1,15,0
FCR9LRBQ,43,1,5,37,2,0,13,1,3,11,0,0,30,0,2,26,2,0,2,0,0,2,0,0,14,30,2,44,0
3LBVBGEJ,55,11,23,38,5,0,22,11,14,16,3,0,33,0,9,22,2,0,3,0,1,2,0,0,33,33,3,66,0
T7BORSD7,29,1,13,17,0,0,5,0,2,3,0,0,24,1,11,14,0,0,3,0,3,0,0,0,5,25,3,30,0
TMQDIRQB,10,0,2,6,2,0,4,0,0,2,2,0,6,0,2,4,0,0,0,0,0,0,0,0,4,6,0,10,0
S9VECXPQ,2,0,1,1,0,0,0,0,0,0,0,0,2,0,1,1,0,0,0,0,0,0,0,0,0,2,0,2,0
OFM9MSBP,1,0,0,0,1,0,0,0,0,0,0,0,1,0,0,0,1,0,1,0,0,0,1,0,0,1,1,1,0
IDYTJFCA,28,2,3,25,2,0,9,1,0,9,1,0,19,1,3,16,1,0,1,0,0,1,0,0,10,20,1,30,0
XOCEDV53,1,0,0,1,0,0,0,0,0,0,0,0,1,0,0,1,0,0,0,0,0,0,0,0,0,1,0,1,0
SSFMIGNL,3,0,0,3,0,0,0,0,0,0,0,0,3,0,0,3,0,0,3,0,0,3,0,0,0,3,3,3,0
QSYND9UT,7,0,1,5,1,0,2,0,0,2,0,0,5,0,1,3,1,0,3,0,0,2,1,0,2,5,3,7,0
GQTELFUS,35,12,4,38,5,0,12,5,2,14,1,0,23,7,2,24,4,0,3,1,0,4,0,0,17,30,4,47,0
PZ8L4ZIL,89,11,38,62,0,0,26,5,8,23,0,0,63,6,30,39,0,0,2,0,1,1,0,0,31,69,2,100,0
ZUZITBU4,0,2,2,0,0,0,0,0,0,0,0,0,0,2,2,0,0,0,0,0,0,0,0,0,0,2,0,2,0
JNTP3OW9,5,3,5,3,0,0,1,2,3,0,0,0,4,1,2,3,0,0,0,0,0,0,0,0,3,5,0,8,0
2OVDDV42,15,1,7,9,0,0,2,1,1,2,0,0,13,0,6,7,0,0,1,0,0,1,0,0,3,13,1,16,0
VDBRCATL,11,3,1,8,5,0,5,0,0,5,0,0,6,3,1,3,5,0,3,1,1,1,2,0,5,9,4,14,0
QOUKEY95,24,13,4,15,18,0,21,13,4,15,15,0,3,0,0,0,3,0,0,0,0,0,0,0,34,3,0,37,0
YPI3JZZX,209,29,26,160,49,4,81,17,10,65,20,3,128,12,16,95,29,1,20,3,1,16,6,0,98,140,23,238,0
6ALIOKVU,17,5,0,14,8,0,7,4,0,8,3,0,10,1,0,6,5,0,6,1,0,5,2,0,11,11,7,22,0
1RZYODLV,88,31,1,38,32,49,27,9,0,13,12,11,61,22,1,25,20,38,2,0,0,2,0,0,36,83,2,119,0
U7NAH21S,17,5,3,18,1,0,2,2,1,2,1,0,15,3,2,16,0,0,6,0,1,5,0,0,4,18,6,22,0
BITHLSAO,15,11,3,15,8,0,5,4,0,8,1,0,10,7,3,7,7,0,1,0,0,0,1,0,9,17,1,26,0
TSJDTXJJ,32,0,23,9,0,0,5,0,3,2,0,0,27,0,20,7,0,0,5,0,3,2,0,0,5,27,5,32,0
OPNSUQNA,9,0,3,5,1,0,2,0,1,1,0,0,7,0,2,4,1,0,3,0,0,3,0,0,2,7,3,9,0
8P5HYDLR,88,7,29,59,0,8,39,7,12,30,0,6,49,0,17,29,0,2,4,0,2,2,0,0,46,49,4,95,0
F7WN9FJJ,9,7,0,11,5,0,2,2,0,3,1,0,7,5,0,8,4,0,0,1,0,1,0,0,4,12,1,16,0
R95KNWCL,42,7,15,30,4,1,10,5,7,8,0,0,32,2,8,22,4,1,4,0,2,2,0,0,15,34,4,49,0
EKUMNKRQ,18,12,3,10,17,0,10,12,3,7,12,0,8,0,0,3,5,0,0,0,0,0,0,0,22,8,0,30,0
8OA4N9B3,5,2,1,6,0,0,2,1,1,2,0,0,3,1,0,4,0,0,1,0,0,1,0,0,3,4,1,7,0
BPMGFCDN,9,8,2,14,1,0,3,6,1,7,1,0,6,2,1,7,0,0,1,0,0,1,0,0,9,8,1,17,0
5R3A2FPD,3,0,0,2,1,0,3,0,0,2,1,0,0,0,0,0,0,0,0,0,0,0,0,0,3,0,0,3,0
VVZEGS3V,30,0,8,22,0,0,13,0,4,9,0,0,17,0,4,13,0,0,1,0,0,1,0,0,13,17,1,30,0
GT2FLVMO,37,7,6,21,6,10,1,0,0,1,0,0,36,7,6,20,6,10,29,6,5,14,6,10,1,43,35,44,0
W5QBPKWV,15,3,4,14,0,0,3,3,2,4,0,0,12,0,2,10,0,0,4,0,1,3,0,0,6,12,4,18,0
KOUTHI6S,1,0,0,1,0,0,0,0,0,0,0,0,1,0,0,1,0,0,1,0,0,1,0,0,0,1,1,1,0
GAVCHKDV,6,0,1,5,0,0,3,0,1,2,0,0,3,0,0,3,0,0,1,0,0,1,0,0,3,3,1,6,0
LOCYXAFU,49,8,6,43,8,0,20,3,2,19,2,0,29,5,4,24,6,0,2,0,2,0,0,0,23,34,2,57,0
JECDQHWC,42,4,14,29,3,2,22,2,5,17,2,1,20,2,9,12,1,1,3,0,1,2,0,0,24,22,3,46,0
KHD4MMDB,22,1,11,12,0,0,4,1,2,3,0,0,18,0,9,9,0,0,5,0,2,3,0,0,5,18,5,23,0
EYD3TO96,13,9,5,14,1,2,4,4,2,4,0,2,9,5,3,10,1,0,3,4,2,4,1,0,8,14,7,22,0
DJJSH746,12,0,6,6,0,0,2,0,1,1,0,0,10,0,5,5,0,0,3,0,2,1,0,0,2,10,3,12,0
I7YPPJHS,28,1,0,29,0,0,7,1,0,8,0,0,21,0,0,21,0,0,4,0,0,4,0,0,8,21,4,29,0
SJLF2HNQ,8,0,2,6,0,0,3,0,1,2,0,0,5,0,1,4,0,0,2,0,0,2,0,0,3,5,2,8,0
3YQSCTB3,27,23,6,30,14,0,22,20,5,26,11,0,5,3,1,4,3,0,1,0,0,1,0,0,42,8,1,50,0
BEKW7REY,83,15,13,64,20,1,35,9,10,23,11,0,48,6,3,41,9,1,12,1,0,12,1,0,44,54,13,98,0
LACCEYBW,63,30,1,36,56,0,34,13,0,19,28,0,29,17,1,17,28,0,5,4,0,5,4,0,47,46,9,93,0
YEDPNGGJ,139,33,42,116,14,3,57,23,26,41,13,2,82,10,16,75,1,1,8,1,1,8,0,0,80,92,9,172,0
KRYSPNK7,1,2,1,2,0,0,0,0,0,0,0,0,1,2,1,2,0,0,0,0,0,0,0,0,0,3,0,3,0
C4UUCBO6,46,0,10,35,1,0,6,0,1,5,0,0,40,0,9,30,1,0,9,0,1,8,0,0,6,40,9,46,0
KA9HAZRP,33,0,4,28,1,0,5,0,0,4,1,0,28,0,4,24,0,0,5,0,1,4,0,0,5,28,5,33,0
4L618DVU,15,0,3,12,0,1,7,0,3,4,0,1,8,0,0,8,0,0,0,0,0,0,0,0,7,8,0,15,0
8IMBGVB7,27,0,0,27,0,0,7,0,0,7,0,0,20,0,0,20,0,0,1,0,0,1,0,0,7,20,1,27,0
N7DSLXKP,48,0,9,37,2,0,10,0,3,6,1,0,38,0,6,31,1,0,7,0,1,6,0,0,10,38,7,48,0
ZQCBZMAZ,16,0,2,14,0,0,6,0,1,5,0,0,10,0,1,9,0,0,2,0,1,1,0,0,6,10,2,16,0
LWGST38N,4,1,0,3,2,0,1,0,0,1,0,0,3,1,0,2,2,0,1,0,0,1,0,0,1,4,1,5,0
I76XDUWV,1,0,0,1,0,0,1,0,0,1,0,0,0,0,0,0,0,0,0,0,0,0,0,0,1,0,0,1,0
4KITHJIV,295,70,60,156,109,40,136,35,24,74,53,20,159,35,36,82,56,20,4,0,2,2,0,0,171,194,4,365,0
CUMRH8SR,1,0,0,1,0,0,0,0,0,0,0,0,1,0,0,1,0,0,0,0,0,0,0,0,0,1,0,1,0
5IKFE26P,9,2,4,7,0,0,7,1,2,6,0,0,2,1,2,1,0,0,0,0,0,0,0,0,8,3,0,11,0
NXBFNZNQ,143,22,26,111,27,3,37,13,1,41,7,1,106,9,25,70,20,2,23,4,6,16,5,1,50,115,27,165,0
6Y1VKVCQ,2,0,0,2,0,0,1,0,0,1,0,0,1,0,0,1,0,0,0,0,0,0,0,0,1,1,0,2,0
LTCGNJCJ,37,8,4,25,16,0,17,2,3,8,8,0,20,6,1,17,8,0,1,0,0,0,1,0,19,26,1,45,0
X6MQPBUC,36,8,10,32,1,1,20,5,3,20,1,1,16,3,7,12,0,0,2,0,1,1,0,0,25,19,2,44,0
YF7JPU1F,101,0,25,74,2,2,29,0,6,23,0,0,72,0,19,51,2,2,14,0,5,9,0,0,29,72,14,101,0
URRGACRC,53,32,29,50,6,6,50,14,24,38,2,5,3,18,5,12,4,1,1,4,1,4,0,0,64,21,5,85,0
WPDFTRDR,141,28,40,107,22,3,57,12,12,45,12,0,84,16,28,62,10,3,12,0,4,7,1,1,69,100,12,169,0
JNEVW7W3,12,1,1,12,0,0,5,1,0,6,0,0,7,0,1,6,0,0,3,0,0,3,0,0,6,7,3,13,0
NYKOKJS3,3,4,1,6,0,0,1,2,1,2,0,0,2,2,0,4,0,0,2,1,0,3,0,0,3,4,3,7,0
TF4B8VDN,27,4,9,21,1,0,9,4,3,10,0,0,18,0,6,11,1,0,2,0,1,1,0,0,13,18,2,31,0
DV83GXEB,52,0,15,35,2,0,14,0,3,11,0,0,38,0,12,24,2,0,5,0,2,3,0,0,14,38,5,52,0
KFT4Z1PG,139,26,45,111,3,11,50,14,15,44,0,3,89,12,30,67,3,8,31,0,11,19,1,2,64,101,31,165,0
B6H99OYW,1,1,0,1,1,0,0,0,0,0,0,0,1,1,0,1,1,0,0,0,0,0,0,0,0,2,0,2,0
4OWZVOBB,66,1,8,49,10,0,22,1,6,12,5,0,44,0,2,37,5,0,3,0,0,3,0,0,23,44,3,67,0
PGZFENI9,2,1,0,2,1,0,1,1,0,2,0,0,1,0,0,0,1,0,0,0,0,0,0,0,2,1,0,3,0
HYJVRJPE,28,3,5,22,4,0,10,2,2,7,3,0,18,1,3,15,1,0,4,0,1,3,0,0,12,19,4,31,0
PEWRDC6I,9,0,1,8,0,0,0,0,0,0,0,0,9,0,1,8,0,0,0,0,0,0,0,0,0,9,0,9,0
VK3SWWH8,4,0,4,0,0,0,4,0,4,0,0,0,0,0,0,0,0,0,0,0,0,0,0,0,4,0,0,4,0
CMZZKJE7,10,0,1,8,1,0,0,0,0,0,0,0,10,0,1,8,1,0,2,0,0,1,1,0,0,10,2,10,0
POS747YB,17,0,0,17,0,0,1,0,0,1,0,0,16,0,0,16,0,0,6,0,0,6,0,0,1,16,6,17,0
SDIFOIJF,18,15,9,16,8,0,15,15,8,14,8,0,3,0,1,2,0,0,0,0,0,0,0,0,30,3,0,33,0
SVZ4JA98,2,6,3,5,0,1,0,2,1,1,0,0,2,4,2,4,0,1,1,1,0,2,0,0,2,6,2,8,0
K4OI7VMA,19,1,0,18,2,0,2,0,0,2,0,0,17,1,0,16,2,0,7,0,0,7,0,0,2,18,7,20,0
O44HUCQW,13,3,1,12,3,0,3,2,0,4,1,0,10,1,1,8,2,0,2,0,0,1,1,0,5,11,2,16,0
SNWQUZVP,84,36,4,98,18,0,47,20,2,52,13,0,37,16,2,46,5,0,3,0,0,3,0,0,67,53,3,120,0
S2ZKDFWG,87,2,41,44,3,1,17,2,4,12,2,1,70,0,37,32,1,0,18,0,7,11,0,0,19,70,18,89,0
UE1KNQMF,69,7,3,55,15,3,35,6,3,26,9,3,34,1,0,29,6,0,2,0,0,2,0,0,41,35,2,76,0
QPILLDBD,74,15,25,60,4,1,18,11,7,21,1,0,56,4,18,39,3,1,11,0,7,4,0,1,29,60,11,89,0
VS2KPTUE,32,2,10,23,1,0,8,0,4,4,0,0,24,2,6,19,1,0,3,0,0,3,0,0,8,26,3,34,0
IBONMKHL,11,2,0,10,3,0,2,0,0,2,0,0,9,2,0,8,3,0,3,0,0,2,1,0,2,11,3,13,0
TZK3XTYC,1,0,0,0,1,0,0,0,0,0,0,0,1,0,0,0,1,0,1,0,0,0,1,0,0,1,1,1,0
ZYPHATXG,112,68,52,83,40,14,83,37,40,46,29,13,29,31,12,37,11,1,4,8,2,9,1,0,120,60,12,180,0
HIJZYPMT,50,16,10,47,9,0,26,14,7,26,7,0,24,2,3,21,2,0,2,0,0,2,0,0,40,26,2,66,0
RGIFS2VP,14,0,3,10,1,0,2,0,0,1,1,0,12,0,3,9,0,0,0,0,0,0,0,0,2,12,0,14,0
TUJT1L5I,8,2,0,8,2,0,3,2,0,4,1,0,5,0,0,4,1,0,0,0,0,0,0,0,5,5,0,10,0
BLWS7RPK,26,1,3,20,4,0,5,0,0,4,1,0,21,1,3,16,3,0,1,0,0,1,0,0,5,22,1,27,0
OILSYBPR,7,0,2,5,0,0,5,0,2,3,0,0,2,0,0,2,0,0,1,0,0,1,0,0,5,2,1,7,0
YWDSJQOO,9,1,6,4,0,0,3,1,0,4,0,0,6,0,6,0,0,0,0,0,0,0,0,0,4,6,0,10,0
DHHMGTAP,17,1,4,13,0,1,9,1,3,7,0,0,8,0,1,6,0,1,3,0,0,2,0,1,10,8,3,18,0
4CZ4T7U4,181,53,24,170,40,2,50,26,16,51,9,1,131,27,8,119,31,1,39,3,5,31,6,1,76,158,42,234,0
5TNZALSO,33,6,5,22,9,3,18,6,1,11,9,3,15,0,4,11,0,0,0,0,0,0,0,0,24,15,0,39,0
YMNZ4NIX,8,0,1,7,0,0,4,0,0,4,0,0,4,0,1,3,0,0,1,0,0,1,0,0,4,4,1,8,0
Q7HQKFFC,9,0,2,6,1,0,2,0,1,1,0,0,7,0,1,5,1,0,0,0,0,0,0,0,2,7,0,9,0
DDCBCVNM,10,1,2,5,0,5,3,0,1,2,0,1,7,1,1,3,0,4,0,0,0,0,0,0,3,8,0,11,0
SY2GYCC6,2,0,0,2,0,0,0,0,0,0,0,0,2,0,0,2,0,0,0,0,0,0,0,0,0,2,0,2,0
3CCYLM72,12,0,1,10,1,0,5,0,0,5,0,0,7,0,1,5,1,0,1,0,0,1,0,0,5,7,1,12,0
FPIXVSBS,17,2,7,11,1,0,7,1,3,4,1,0,10,1,4,7,0,0,4,0,2,2,0,0,8,11,4,19,0
JSAOJ2ZB,10,11,0,14,7,0,10,11,0,14,7,0,0,0,0,0,0,0,0,0,0,0,0,0,21,0,0,21,0
CRHZBJZY,99,13,2,69,41,0,47,8,0,33,22,0,52,5,2,36,19,0,1,0,0,1,0,0,55,57,1,112,0
QW3QDGEZ,150,5,56,99,0,1,35,5,15,25,0,0,115,0,41,74,0,1,11,0,5,6,0,0,40,115,11,155,0
RUXYCPHD,3,10,1,12,0,0,1,7,1,7,0,0,2,3,0,5,0,0,0,0,0,0,0,0,8,5,0,13,0
1PROG6MH,0,1,0,1,0,0,0,0,0,0,0,0,0,1,0,1,0,0,0,1,0,1,0,0,0,1,1,1,0
QKS7D6FB,7,6,3,9,1,0,5,6,3,7,1,0,2,0,0,2,0,0,0,0,0,0,0,0,11,2,0,13,0
DDJDMCTU,12,3,0,11,4,0,6,2,0,7,1,0,6,1,0,4,3,0,0,0,0,0,0,0,8,7,0,15,0
EUPUHXCF,27,0,0,12,8,7,8,0,0,4,4,0,19,0,0,8,4,7,10,0,0,4,2,4,8,19,10,27,0
OVOVHQEK,5,3,0,5,3,0,4,3,0,5,2,0,1,0,0,0,1,0,0,0,0,0,0,0,7,1,0,8,0
KSDEU9ER,12,12,0,17,7,0,6,10,0,12,4,0,6,2,0,5,3,0,2,2,0,2,2,0,16,8,4,24,0
SBK8WJ1F,5,0,1,4,0,0,2,0,0,2,0,0,3,0,1,2,0,0,1,0,0,1,0,0,2,3,1,5,0
ANVGK85V,4,8,0,12,0,0,4,5,0,9,0,0,0,3,0,3,0,0,0,0,0,0,0,0,9,3,0,12,0
LUE9XCHQ,64,0,11,51,2,0,19,0,4,15,0,0,45,0,7,36,2,0,9,0,1,8,0,0,19,45,9,64,0
6BXP4PDN,15,1,1,12,3,0,0,0,0,0,0,0,15,1,1,12,3,0,3,0,1,2,0,0,0,16,3,16,0
NDVWFRLG,19,0,2,16,1,0,8,0,1,7,0,0,11,0,1,9,1,0,1,0,0,1,0,0,8,11,1,19,0
KLFFPRCD,11,0,0,5,6,0,4,0,0,2,2,0,7,0,0,3,4,0,1,0,0,1,0,0,4,7,1,11,0
WWULDOOL,62,24,35,42,9,6,15,15,12,12,6,4,47,9,23,30,3,2,12,1,3,9,1,0,30,56,13,86,0
AHD8LUXF,148,46,23,119,42,9,66,20,9,46,25,4,82,26,14,73,17,5,18,5,3,20,0,0,86,108,23,194,0
CYW19NH1,9,0,0,4,5,0,9,0,0,4,5,0,0,0,0,0,0,0,0,0,0,0,0,0,9,0,0,9,0
HKZIDRWG,2,7,1,8,0,0,2,1,0,3,0,0,0,6,1,5,0,0,0,0,0,0,0,0,3,6,0,9,0
CUHT7YJA,1,0,0,1,0,0,0,0,0,0,0,0,1,0,0,1,0,0,0,0,0,0,0,0,0,1,0,1,0
GX23I5UB,10,0,5,5,0,1,4,0,2,2,0,1,6,0,3,3,0,0,3,0,1,2,0,0,4,6,3,10,0
KDDHNHF3,22,4,16,10,0,0,19,4,15,8,0,0,3,0,1,2,0,0,0,0,0,0,0,0,23,3,0,26,0
XACMZQVS,13,13,7,12,7,0,13,13,7,12,7,0,0,0,0,0,0,0,0,0,0,0,0,0,26,0,0,26,0
DUEOYJSY,18,0,10,8,0,1,3,0,3,0,0,1,15,0,7,8,0,0,1,0,0,1,0,0,3,15,1,18,0
4MSIXETR,27,0,8,18,1,2,7,0,2,4,1,0,20,0,6,14,0,2,5,0,2,3,0,1,7,20,5,27,0
ANPSTJ4B,46,1,5,42,0,0,8,1,1,8,0,0,38,0,4,34,0,0,6,0,0,6,0,0,9,38,6,47,0
LJ4MF2NV,126,30,5,89,43,19,45,9,0,36,11,7,81,21,5,53,32,12,11,1,0,7,4,1,54,102,12,156,0
PNGDCXIB,10,0,4,6,0,0,3,0,0,3,0,0,7,0,4,3,0,0,3,0,1,2,0,0,3,7,3,10,0
MJERWCFQ,177,23,37,114,48,1,66,17,17,45,20,1,111,6,20,69,28,0,13,1,5,7,2,0,83,117,14,200,0
VZKMZW48,48,3,17,26,2,3,14,2,7,7,0,0,34,1,10,19,2,3,6,0,3,2,1,0,16,35,6,51,0
KGM4S73K,48,2,14,31,4,1,24,0,7,15,1,1,24,2,7,16,3,0,5,1,0,5,1,0,24,26,6,50,0
LZS27HZN,6,0,0,6,0,0,1,0,0,1,0,0,5,0,0,5,0,0,0,0,0,0,0,0,1,5,0,6,0
LNJYYEPU,1,0,0,1,0,0,0,0,0,0,0,0,1,0,0,1,0,0,0,0,0,0,0,0,0,1,0,1,0
TTFZGKHN,42,0,16,25,1,2,9,0,3,5,1,1,33,0,13,20,0,1,5,0,4,1,0,0,9,33,5,42,0
9PMWQPGS,23,1,5,19,0,0,9,0,0,9,0,0,14,1,5,10,0,0,4,0,0,4,0,0,9,15,4,24,0
EAGZFTDI,25,1,11,15,0,0,8,1,4,5,0,0,17,0,7,10,0,0,3,0,2,1,0,0,9,17,3,26,0
QVAOUKMG,65,7,25,44,3,3,26,3,8,18,3,3,39,4,17,26,0,0,4,0,2,2,0,0,29,43,4,72,0
IZHCM7AM,32,6,15,19,3,1,9,1,5,5,0,0,23,5,10,14,3,1,2,0,2,0,0,0,10,28,2,38,0
WZYOB2PR,1,0,0,1,0,0,0,0,0,0,0,0,1,0,0,1,0,0,1,0,0,1,0,0,0,1,1,1,0
VBMEQRCQ,7,9,1,13,2,0,3,2,1,2,2,0,4,7,0,11,0,0,1,2,0,3,0,0,5,11,3,16,0
ELIBEIBB,1,0,0,1,0,0,0,0,0,0,0,0,1,0,0,1,0,0,1,0,0,1,0,0,0,1,1,1,0
OHFI8APF,12,3,1,8,6,0,6,2,1,3,4,0,6,1,0,5,2,0,0,0,0,0,0,0,8,7,0,15,0
EIFFL9KV,2,0,0,0,2,0,0,0,0,0,0,0,2,0,0,0,2,0,2,0,0,0,2,0,0,2,2,2,0
6ZSZ3BWG,24,1,12,12,1,0,13,1,6,7,1,0,11,0,6,5,0,0,0,0,0,0,0,0,14,11,0,25,0
NLSYHMAI,35,7,3,15,18,6,19,7,2,9,13,2,16,0,1,6,5,4,0,0,0,0,0,0,26,16,0,42,0
EJB54W8X,9,6,1,9,5,0,5,4,1,5,3,0,4,2,0,4,2,0,0,0,0,0,0,0,9,6,0,15,0
UDQDIHKE,24,6,7,15,8,0,17,6,7,13,3,0,7,0,0,2,5,0,0,0,0,0,0,0,23,7,0,30,0
FWXI5VHS,51,1,18,34,0,2,23,0,12,11,0,2,28,1,6,23,0,0,3,0,1,2,0,0,23,29,3,52,0
B21THN4Y,34,0,10,24,0,0,10,0,5,5,0,0,24,0,5,19,0,0,4,0,1,3,0,0,10,24,4,34,0
SXGOCPFV,0,1,0,1,0,0,0,0,0,0,0,0,0,1,0,1,0,0,0,1,0,1,0,0,0,1,1,1,0
G1LFQSL7,65,9,6,63,5,0,27,3,2,26,2,0,38,6,4,37,3,0,6,0,1,4,1,0,30,44,6,74,0
RCWHKLAZ,6,0,3,3,0,0,1,0,0,1,0,0,5,0,3,2,0,0,0,0,0,0,0,0,1,5,0,6,0
T2KY7JNZ,51,5,10,38,4,4,21,1,5,10,3,4,30,4,5,28,1,0,5,0,1,4,0,0,22,34,5,56,0
ICWRMOLD,66,3,12,57,0,0,14,2,3,13,0,0,52,1,9,44,0,0,8,0,2,6,0,0,16,53,8,69,0
N9HBRWD3,89,1,24,62,4,1,32,1,10,19,4,1,57,0,14,43,0,0,8,0,1,7,0,0,33,57,8,90,0
F6FJIWJI,7,1,0,7,1,0,6,1,0,6,1,0,1,0,0,1,0,0,0,0,0,0,0,0,7,1,0,8,0
8KQSXEDN,83,11,14,64,12,4,36,5,6,28,5,2,47,6,8,36,7,2,4,3,2,5,0,0,41,53,7,94,0
8PHDARY5,20,2,0,22,0,0,10,0,0,10,0,0,10,2,0,12,0,0,0,0,0,0,0,0,10,12,0,22,0
BMRGLNZK,7,0,1,6,0,0,5,0,0,5,0,0,2,0,1,1,0,0,1,0,1,0,0,0,5,2,1,7,0
Q3JOCN7Z,82,9,43,47,1,0,16,2,10,8,0,0,66,7,33,39,1,0,12,0,5,7,0,0,18,73,12,91,0
8XZH9KPQ,4,0,1,3,0,0,0,0,0,0,0,0,4,0,1,3,0,0,0,0,0,0,0,0,0,4,0,4,1
JCB7XGJE,42,2,15,29,0,0,10,0,3,7,0,0,32,2,12,22,0,0,7,0,1,6,0,0,10,34,7,44,0
ZZDEABFR,0,1,1,0,0,0,0,0,0,0,0,0,0,1,1,0,0,0,0,1,1,0,0,0,0,1,1,1,0
BLUXFCIU,3,0,2,1,0,0,1,0,1,0,0,0,2,0,1,1,0,0,2,0,1,1,0,0,1,2,2,3,0
3RZO8KAL,4,0,1,3,0,0,4,0,1,3,0,0,0,0,0,0,0,0,0,0,0,0,0,0,4,0,0,4,0
WYMFZ9N7,71,21,19,54,18,1,48,21,16,37,15,1,23,0,3,17,3,0,1,0,1,0,0,0,69,23,1,92,0
T4JEEV9C,6,2,1,4,1,2,0,0,0,0,0,0,6,2,1,4,1,2,5,0,1,4,0,0,0,8,5,8,0
MCTIHFIP,7,0,2,5,0,0,3,0,1,2,0,0,4,0,1,3,0,0,0,0,0,0,0,0,3,4,0,7,0
IFDIIV9B,30,1,5,16,6,5,16,0,3,6,3,5,14,1,2,10,3,0,0,0,0,0,0,0,16,15,0,31,0
5MSIDJM7,9,0,1,8,0,0,3,0,0,3,0,0,6,0,1,5,0,0,1,0,1,0,0,0,3,6,1,9,0
9UA89FRT,8,1,4,5,0,0,4,1,2,3,0,0,4,0,2,2,0,0,0,0,0,0,0,0,5,4,0,9,0
7MU2TLIC,16,0,0,16,0,0,5,0,0,5,0,0,11,0,0,11,0,0,3,0,0,3,0,0,5,11,3,16,0
5GJDKXWQ,71,14,11,54,15,5,25,6,4,18,7,2,46,8,7,36,8,3,4,0,0,3,1,0,31,54,4,85,0
F48IKAKS,15,0,3,12,0,0,10,0,2,8,0,0,5,0,1,4,0,0,2,0,1,1,0,0,10,5,2,15,0
DCS1ZSC7,13,0,4,9,0,0,5,0,3,2,0,0,8,0,1,7,0,0,0,0,0,0,0,0,5,8,0,13,0
VDEBUG5Z,26,8,9,22,2,0,18,4,7,14,0,0,8,4,2,8,2,0,3,2,1,3,1,0,22,12,5,34,0
O4B1RVQH,3,6,1,5,3,0,1,2,1,1,1,0,2,4,0,4,2,0,0,0,0,0,0,0,3,6,0,9,0
2EPCNIGM,29,0,2,23,4,0,11,0,0,10,1,0,18,0,2,13,3,0,1,0,0,1,0,0,11,18,1,29,0
7ETMOPF9,5,16,8,13,0,0,3,5,4,4,0,0,2,11,4,9,0,0,0,0,0,0,0,0,8,13,0,21,0
FPALQTRI,6,3,2,6,1,0,6,3,2,6,1,0,0,0,0,0,0,0,0,0,0,0,0,0,9,0,0,9,0
RLHAAPPB,4,1,1,4,0,0,1,1,0,2,0,0,3,0,1,2,0,0,0,0,0,0,0,0,2,3,0,5,0
X7XFKHXI,28,3,2,25,4,0,14,3,1,14,2,0,14,0,1,11,2,0,4,0,0,4,0,0,17,14,4,31,0
ATPIQJG8,34,7,3,21,16,1,25,7,3,17,11,1,9,0,0,4,5,0,0,0,0,0,0,0,32,9,0,41,0
IR82HRKM,32,9,7,29,5,1,8,4,1,11,0,0,24,5,6,18,5,1,3,2,0,5,0,0,12,29,5,41,0
8WPEJ2XK,97,6,25,67,11,0,37,4,10,29,2,0,60,2,15,38,9,0,10,0,4,5,1,0,41,62,10,103,0
IRKUTVSE,26,0,3,21,2,0,7,0,0,7,0,0,19,0,3,14,2,0,5,0,0,4,1,0,7,19,5,26,0
LBHSDJV7,22,0,2,20,0,0,4,0,2,2,0,0,18,0,0,18,0,0,4,0,0,4,0,0,4,18,4,22,0
OWNOJUEZ,1,0,0,1,0,0,1,0,0,1,0,0,0,0,0,0,0,0,0,0,0,0,0,0,1,0,0,1,0
XJIYQAJV,65,2,17,48,0,4,16,2,6,10,0,2,49,0,11,38,0,2,6,0,1,5,0,0,18,49,6,67,0
DVVSLR93,11,1,3,8,1,1,3,0,1,2,0,0,8,1,2,6,1,1,2,0,0,2,0,0,3,9,2,12,0
GS5TFCD2,30,11,4,32,5,0,21,10,4,22,5,0,9,1,0,10,0,0,1,0,0,1,0,0,31,10,1,41,0
J6XLZ7I5,46,6,2,45,4,1,10,5,2,11,2,0,36,1,0,34,2,1,6,0,0,6,0,0,15,37,6,52,0
MBKWOBMI,43,2,26,19,0,0,10,0,4,6,0,0,33,2,22,13,0,0,7,0,4,3,0,0,10,35,7,45,0
IR35MDVZ,82,4,32,50,4,4,34,4,14,22,2,2,48,0,18,28,2,2,5,0,1,4,0,1,38,48,5,86,0
J7LCKDMQ,36,0,13,19,1,2,11,0,0,9,0,2,25,0,13,10,1,0,6,0,3,2,0,0,11,25,6,36,0
5W7D94FN,2,1,0,3,0,0,1,1,0,2,0,0,1,0,0,1,0,0,0,0,0,0,0,0,2,1,0,3,0
OP7KZJT5,11,3,8,6,0,0,9,2,6,5,0,0,2,1,2,1,0,0,0,1,1,0,0,0,11,3,1,14,0
LLRWLQ7T,79,4,3,52,28,0,32,4,3,21,12,0,47,0,0,31,16,0,5,0,0,4,1,0,36,47,5,83,0
SUBGJHTU,33,3,2,26,7,1,6,1,1,3,2,1,27,2,1,23,5,0,1,0,0,1,0,0,7,29,1,36,0
FKRZFHHH,3,0,0,1,2,0,1,0,0,1,0,0,2,0,0,0,2,0,1,0,0,0,1,0,1,2,1,3,0
KBM2RBOH,161,44,38,151,15,1,60,19,20,55,3,1,101,25,18,96,12,0,23,0,5,15,3,0,79,126,23,205,0
EFPRODU9,17,3,2,13,5,0,3,3,1,3,2,0,14,0,1,10,3,0,3,0,1,1,1,0,6,14,3,20,0
PI88ESV4,0,1,0,1,0,0,0,0,0,0,0,0,0,1,0,1,0,0,0,0,0,0,0,0,0,1,0,1,0
AREJ9CM1,164,11,47,111,16,7,39,0,16,21,2,0,125,11,31,90,14,7,0,0,0,0,0,0,39,136,0,175,0
M6FDMAEB,33,0,12,21,0,0,9,0,3,6,0,0,24,0,9,15,0,0,2,0,1,1,0,0,9,24,2,33,0
TBPYUGZG,66,2,23,40,5,0,22,2,9,14,1,0,44,0,14,26,4,0,1,0,1,0,0,0,24,44,1,68,0
NH8ZCJWZ,3,8,2,9,0,0,3,2,1,4,0,0,0,6,1,5,0,0,0,1,0,1,0,0,5,6,1,11,0
Y2CCSLRM,119,12,24,88,17,3,53,10,14,36,13,1,66,2,10,52,4,2,4,1,1,4,0,0,63,68,5,131,0
I45XRXER,15,8,0,10,11,2,13,8,0,9,10,2,2,0,0,1,1,0,0,0,0,0,0,0,21,2,0,23,0
GPILMBUW,3,0,0,3,0,0,0,0,0,0,0,0,3,0,0,3,0,0,0,0,0,0,0,0,0,3,0,3,0
3A67GFBY,209,58,68,145,52,3,100,34,35,75,24,0,109,24,33,70,28,3,15,2,4,12,1,0,134,133,17,267,0
NH5UCB7D,24,3,1,8,6,12,3,2,0,3,1,1,21,1,1,5,5,11,2,1,0,3,0,0,5,22,3,27,0
RBYKSEWC,60,8,33,31,4,5,49,7,27,25,4,5,11,1,6,6,0,0,3,0,2,1,0,0,56,12,3,68,0
LCHIK2US,27,4,4,25,2,0,5,1,2,3,1,0,22,3,2,22,1,0,2,0,0,2,0,0,6,25,2,31,0
1NT5LH7P,82,8,12,68,10,1,30,4,8,21,5,0,52,4,4,47,5,1,5,0,0,5,0,0,34,56,5,90,0
CMBJXQJ3,101,16,39,60,18,9,91,16,37,52,18,9,10,0,2,8,0,0,1,0,0,1,0,0,107,10,1,117,0
KC15ILLQ,0,1,0,1,0,0,0,0,0,0,0,0,0,1,0,1,0,0,0,1,0,1,0,0,0,1,1,1,0
LHVRFLHE,28,3,3,19,9,0,15,2,1,12,4,0,13,1,2,7,5,0,0,0,0,0,0,0,17,14,0,31,0
E9HN3UAQ,28,5,10,18,5,0,7,3,3,4,3,0,21,2,7,14,2,0,4,1,0,5,0,0,10,23,5,33,0
TDTZUC2N,20,2,8,14,0,0,7,1,3,5,0,0,13,1,5,9,0,0,2,1,1,2,0,0,8,14,3,22,0
NSXL6JSN,2,0,0,1,1,0,0,0,0,0,0,0,2,0,0,1,1,0,1,0,0,1,0,0,0,2,1,2,0
MVR3T6TV,17,0,3,12,0,0,2,0,2,0,0,0,15,0,1,12,0,0,5,0,0,4,0,0,2,15,5,17,0
IJLZUAUN,69,23,13,63,15,1,30,9,5,28,6,0,39,14,8,35,9,1,3,6,0,6,3,0,39,53,9,92,0
S7BWB9S4,1,0,0,1,0,0,1,0,0,1,0,0,0,0,0,0,0,0,0,0,0,0,0,0,1,0,0,1,0
1Y3DHUJD,5,0,0,5,0,0,2,0,0,2,0,0,3,0,0,3,0,0,0,0,0,0,0,0,2,3,0,5,0
AVOD3X7P,100,15,37,74,4,1,27,6,14,19,0,1,73,9,23,55,4,0,10,0,3,7,0,0,33,82,10,115,0
GXQVUHSR,18,3,7,14,0,1,2,1,0,3,0,0,16,2,7,11,0,1,1,0,1,0,0,0,3,18,1,21,0
CMUUHL63,169,18,64,111,12,0,74,8,30,49,3,0,95,10,34,62,9,0,1,0,0,1,0,0,82,105,1,187,0
SRJUDNP5,6,0,1,5,0,0,0,0,0,0,0,0,6,0,1,5,0,0,1,0,1,0,0,0,0,6,1,6,0
PGFKTXSO,9,8,1,12,4,0,5,3,1,5,2,0,4,5,0,7,2,0,0,0,0,0,0,0,8,9,0,17,0
ST5H6UP1,13,0,0,12,1,0,7,0,0,6,1,0,6,0,0,6,0,0,1,0,0,1,0,0,7,6,1,13,0
JQ89OOLX,24,0,3,19,2,0,3,0,0,3,0,0,21,0,3,16,2,0,7,0,2,4,1,0,3,21,7,24,0
BLEIIVBO,8,0,0,7,1,0,6,0,0,5,1,0,2,0,0,2,0,0,0,0,0,0,0,0,6,2,0,8,0
OVJ9TEE7,17,8,4,21,0,0,5,1,1,5,0,0,12,7,3,16,0,0,9,4,3,10,0,0,6,19,13,25,0
QY59IDL6,8,3,2,9,0,0,4,3,2,5,0,0,4,0,0,4,0,0,1,0,0,1,0,0,7,4,1,11,0
EJB2FMLN,17,4,3,13,5,0,6,0,0,5,1,0,11,4,3,8,4,0,1,0,1,0,0,0,6,15,1,21,0
G2YDFMI6,69,8,10,55,12,0,34,8,9,25,8,0,35,0,1,30,4,0,3,0,0,3,0,0,42,35,3,77,0
2UIMHDYH,29,1,4,23,3,0,8,0,0,8,0,0,21,1,4,15,3,0,4,0,0,4,0,0,8,22,4,30,0
MTTMR96D,56,11,5,49,13,0,7,0,1,4,2,0,49,11,4,45,11,0,9,0,2,7,0,0,7,60,9,67,0
S743BNQY,63,0,9,51,3,0,28,0,3,23,2,0,35,0,6,28,1,0,6,0,2,4,0,0,28,35,6,63,0
AP4DSNUT,161,20,103,73,4,30,68,12,51,29,0,21,93,8,52,44,4,9,8,1,3,6,0,0,80,101,9,181,0
AMECVOBW,4,0,0,4,0,0,2,0,0,2,0,0,2,0,0,2,0,0,0,0,0,0,0,0,2,2,0,4,0
VFWAAETF,60,5,23,40,2,2,6,5,7,3,1,2,54,0,16,37,1,0,11,0,0,10,1,0,11,54,11,65,0
SOBOIPPC,6,2,0,6,2,0,0,0,0,0,0,0,6,2,0,6,2,0,5,2,0,5,2,0,0,8,7,8,0
XEOTYCYB,11,2,2,8,3,0,1,0,0,1,0,0,10,2,2,7,3,0,0,0,0,0,0,0,1,12,0,13,0
N5CU34S3,101,19,30,80,5,8,30,5,11,22,2,1,71,14,19,58,3,7,1,0,0,1,0,0,35,85,1,120,0
W78EDQUN,106,27,54,75,4,7,38,10,23,22,3,5,68,17,31,53,1,2,0,0,0,0,0,0,48,85,0,133,0
NMT6NVZX,2,0,0,1,0,1,0,0,0,0,0,0,2,0,0,1,0,1,0,0,0,0,0,0,0,2,0,2,0
7CIC6JBQ,19,15,6,24,4,0,9,7,6,8,2,0,10,8,0,16,2,0,5,0,0,3,2,0,16,18,5,34,0
FU9COTHP,3,0,0,2,1,0,1,0,0,1,0,0,2,0,0,1,1,0,0,0,0,0,0,0,1,2,0,3,0
GTHGKM7I,7,0,0,6,1,0,2,0,0,1,1,0,5,0,0,5,0,0,1,0,0,1,0,0,2,5,1,7,0
PG4VCT6W,2,1,2,1,0,0,2,1,2,1,0,0,0,0,0,0,0,0,0,0,0,0,0,0,3,0,0,3,0
HJCBGHDR,24,1,6,18,1,1,3,0,0,3,0,0,21,1,6,15,1,1,2,0,0,2,0,0,3,22,2,25,0
DKNUX4YC,23,4,2,3,12,10,17,3,2,3,9,6,6,1,0,0,3,4,0,0,0,0,0,0,20,7,0,27,0
HCLE7KDY,22,7,1,25,3,0,6,0,0,6,0,0,16,7,1,19,3,0,0,2,0,2,0,0,6,23,2,29,0
NYJI5VNG,195,49,39,140,63,3,64,16,18,45,17,0,131,33,21,95,46,3,18,6,1,17,6,0,80,164,24,244,0
XJYD3DIC,17,0,5,11,1,0,0,0,0,0,0,0,17,0,5,11,1,0,2,0,1,1,0,0,0,17,2,17,0
TIRPJTKN,22,7,8,21,0,0,3,0,1,2,0,0,19,7,7,19,0,0,7,0,1,6,0,0,3,26,7,29,0
PO1ECOZQ,38,4,4,36,2,0,13,1,3,11,0,0,25,3,1,25,2,0,6,2,0,8,0,0,14,28,8,42,0
ONPIRN9J,17,3,2,18,0,0,3,1,0,4,0,0,14,2,2,14,0,0,6,0,0,6,0,0,4,16,6,20,0
ZHJLK6PY,84,16,20,75,5,0,31,10,9,30,2,0,53,6,11,45,3,0,9,0,2,7,0,0,41,59,9,100,0
EGVHTCRD,44,8,21,30,1,0,20,2,7,15,0,0,24,6,14,15,1,0,5,0,3,2,0,0,22,30,5,52,0
WTIF4JX8,18,4,0,7,3,11,8,2,0,1,3,5,10,2,0,6,0,6,0,0,0,0,0,0,10,12,0,22,0
AOI5YMCX,7,0,2,4,1,0,3,0,1,1,1,0,4,0,1,3,0,0,1,0,1,0,0,0,3,4,1,7,0
9BS6IPRI,7,2,1,4,4,0,4,2,0,2,4,0,3,0,1,2,0,0,1,0,0,1,0,0,6,3,1,9,0
CEKJR9VA,25,3,9,17,2,2,9,3,4,6,2,2,16,0,5,11,0,0,2,0,0,2,0,0,12,16,2,28,0
UZPLSFBI,5,0,1,3,1,0,3,0,0,2,1,0,2,0,1,1,0,0,1,0,0,1,0,0,3,2,1,5,0
RCPBAR76,15,1,7,9,0,0,6,1,2,5,0,0,9,0,5,4,0,0,0,0,0,0,0,0,7,9,0,16,0
9MBY85QX,4,0,1,3,0,0,3,0,1,2,0,0,1,0,0,1,0,0,0,0,0,0,0,0,3,1,0,4,0
TWXOP5W2,26,3,9,19,1,0,2,0,0,2,0,0,24,3,9,17,1,0,8,1,3,6,0,0,2,27,9,29,0
E2QBVAHO,60,4,8,47,9,0,20,4,1,18,5,0,40,0,7,29,4,0,5,0,1,4,0,0,24,40,5,64,0
GRT2FSEN,13,0,0,11,2,0,3,0,0,2,1,0,10,0,0,9,1,0,4,0,0,4,0,0,3,10,4,13,0
ZWEM3WB4,67,3,11,58,1,0,16,1,3,14,0,0,51,2,8,44,1,0,7,0,0,7,0,0,17,53,7,70,0
8JUYDV6I,4,0,1,2,1,0,3,0,1,2,0,0,1,0,0,0,1,0,0,0,0,0,0,0,3,1,0,4,0
FZ2NK6PZ,1,0,0,1,0,0,1,0,0,1,0,0,0,0,0,0,0,0,0,0,0,0,0,0,1,0,0,1,0
YLFNDBWL,12,0,5,7,0,0,3,0,2,1,0,0,9,0,3,6,0,0,4,0,1,3,0,0,3,9,4,12,0
GNK5WC59,1,1,0,2,0,0,0,0,0,0,0,0,1,1,0,2,0,0,1,0,0,1,0,0,0,2,1,2,0
IFKFFCZS,42,8,5,29,11,5,33,5,4,22,8,4,9,3,1,7,3,1,2,0,0,2,0,0,38,12,2,50,0
MWTYAIPB,45,6,9,36,6,2,11,3,2,10,2,1,34,3,7,26,4,1,6,0,2,4,0,0,14,37,6,51,0
YS15BDBD,140,21,43,108,6,6,40,9,13,34,1,0,100,12,30,74,5,6,22,2,8,15,1,0,49,112,24,161,0
1ZBLXFUY,10,3,0,9,4,0,9,3,0,8,4,0,1,0,0,1,0,0,0,0,0,0,0,0,12,1,0,13,0
WXZX115P,2,0,1,1,0,0,0,0,0,0,0,0,2,0,1,1,0,0,2,0,1,1,0,0,0,2,2,2,0
F6TDISYI,9,0,1,8,0,0,4,0,0,4,0,0,5,0,1,4,0,0,0,0,0,0,0,0,4,5,0,9,0
J8DEBOAT,13,0,1,12,0,0,8,0,1,7,0,0,5,0,0,5,0,0,0,0,0,0,0,0,8,5,0,13,0
VQGZMEXJ,42,3,1,42,2,0,11,3,0,13,1,0,31,0,1,29,1,0,0,0,0,0,0,0,14,31,0,45,0
E3ZOPY3I,10,0,0,10,0,0,5,0,0,5,0,0,5,0,0,5,0,0,0,0,0,0,0,0,5,5,0,10,0
ROK3TCJI,4,0,0,4,0,0,2,0,0,2,0,0,2,0,0,2,0,0,0,0,0,0,0,0,2,2,0,4,0
5PFLKAL3,6,4,3,5,2,0,5,3,1,5,2,0,1,1,2,0,0,0,0,0,0,0,0,0,8,2,0,10,0
8DFBK4JL,32,7,1,16,11,11,20,6,1,7,8,10,12,1,0,9,3,1,4,0,0,3,1,0,26,13,4,39,0
T5OJQWCB,105,37,8,107,26,1,48,21,5,52,11,1,57,16,3,55,15,0,1,0,0,0,1,0,69,73,1,142,0
FXKFJNQD,183,28,90,107,13,3,72,21,47,44,2,0,111,7,43,63,11,3,13,0,3,10,0,0,93,118,13,211,0
QMEBBSQG,41,11,0,30,16,6,38,10,0,27,15,6,3,1,0,3,1,0,0,0,0,0,0,0,48,4,0,52,0
GBPQDTDD,0,4,1,3,0,0,0,0,0,0,0,0,0,4,1,3,0,0,0,1,1,0,0,0,0,4,1,4,0
MLZMCMUP,70,0,22,48,0,4,47,0,18,29,0,4,23,0,4,19,0,0,7,0,2,5,0,0,47,23,7,70,0
URJOQ3MJ,8,3,0,10,1,0,1,1,0,2,0,0,7,2,0,8,1,0,3,0,0,3,0,0,2,9,3,11,0
QYKSFEYK,35,2,11,26,0,0,15,1,4,12,0,0,20,1,7,14,0,0,3,0,2,1,0,0,16,21,3,37,0
EMSNI65M,31,2,10,22,1,0,5,0,1,4,0,0,26,2,9,18,1,0,3,1,0,4,0,0,5,28,4,33,0
KFDDOPNL,27,0,7,18,2,0,9,0,2,5,2,0,18,0,5,13,0,0,3,0,1,2,0,0,9,18,3,27,0
VDB2Y5RW,1,0,0,1,0,0,0,0,0,0,0,0,1,0,0,1,0,0,1,0,0,1,0,0,0,1,1,1,0
UAI164SM,8,4,4,8,0,0,5,1,3,3,0,0,3,3,1,5,0,0,2,0,0,2,0,0,6,6,2,12,0
WECW4BNO,44,11,3,40,7,5,37,5,3,29,5,5,7,6,0,11,2,0,2,4,0,4,2,0,42,13,6,55,0
LI3BDMXI,20,2,1,14,7,0,9,0,1,6,2,0,11,2,0,8,5,0,1,0,0,1,0,0,9,13,1,22,0
YSBMWQUD,18,0,6,12,0,0,0,0,0,0,0,0,18,0,6,12,0,0,8,0,1,7,0,0,0,18,8,18,0
H2OZ5R7X,8,4,0,12,0,0,4,3,0,7,0,0,4,1,0,5,0,0,0,1,0,1,0,0,7,5,1,12,0
QMHANUDQ,43,3,9,37,0,0,15,0,1,14,0,0,28,3,8,23,0,0,2,0,0,2,0,0,15,31,2,46,0
SHJ8SNMH,58,1,10,46,3,0,15,0,1,13,1,0,43,1,9,33,2,0,5,0,1,4,0,0,15,44,5,59,0
QRCIPNKK,38,9,7,30,9,1,11,3,1,8,4,1,27,6,6,22,5,0,10,1,5,4,2,0,14,33,11,47,0
ZBISPQJE,24,0,0,13,2,9,17,0,0,8,1,8,7,0,0,5,1,1,2,0,0,2,0,0,17,7,2,24,0
QJ7N9MX7,38,4,8,32,2,0,14,2,3,12,1,0,24,2,5,20,1,0,4,1,0,5,0,0,16,26,5,42,0
96TAEBHJ,31,2,6,14,5,8,22,0,0,9,5,7,9,2,6,5,0,1,3,0,2,1,0,0,22,11,3,33,0
SKSLHEPS,31,0,9,21,0,1,5,0,2,3,0,0,26,0,7,18,0,1,5,0,0,5,0,0,5,26,5,31,0
HFFCBHTM,6,3,4,5,0,0,6,1,3,4,0,0,0,2,1,1,0,0,0,0,0,0,0,0,7,2,0,9,0
HVNGPBBC,24,14,8,28,2,0,2,4,2,4,0,0,22,10,6,24,2,0,0,0,0,0,0,0,6,32,0,38,0
HWCXNTTD,20,2,8,13,1,0,3,1,1,3,0,0,17,1,7,10,1,0,2,0,0,2,0,0,4,18,2,22,0
2L3WRONG,41,15,7,44,5,0,23,9,2,25,5,0,18,6,5,19,0,0,0,0,0,0,0,0,32,24,0,56,0
GIF3WRXO,52,3,14,41,0,2,18,1,1,18,0,0,34,2,13,23,0,2,4,2,2,4,0,0,19,36,6,55,0
MBGSVICL,33,1,12,21,1,0,20,1,9,11,1,0,13,0,3,10,0,0,0,0,0,0,0,0,21,13,0,34,0
AJOUUUZK,41,6,7,40,0,1,12,5,0,17,0,0,29,1,7,23,0,1,1,1,0,2,0,0,17,30,2,47,0
FELRFELO,6,0,1,5,0,0,1,0,1,0,0,0,5,0,0,5,0,0,0,0,0,0,0,0,1,5,0,6,0
X88ITULZ,5,6,0,8,3,0,1,0,0,1,0,0,4,6,0,7,3,0,0,0,0,0,0,0,1,10,0,11,0
OQF9GTN4,57,12,9,46,12,2,8,3,3,6,1,1,49,9,6,40,11,1,4,0,0,4,0,0,11,58,4,69,0
HTCSCPQA,32,5,11,23,2,1,7,2,2,7,0,0,25,3,9,16,2,1,5,0,2,3,0,0,9,28,5,37,0
JJ3TOPNG,41,5,11,34,1,0,18,5,3,19,1,0,23,0,8,15,0,0,0,0,0,0,0,0,23,23,0,46,0
7NBODIPC,48,2,19,26,0,3,10,2,5,7,0,0,38,0,14,19,0,3,5,0,2,3,0,0,12,38,5,50,0
HBX4F1YD,3,0,1,2,0,0,0,0,0,0,0,0,3,0,1,2,0,0,1,0,0,1,0,0,0,3,1,3,0
C3YAUMGC,47,1,11,34,3,0,12,0,1,10,1,0,35,1,10,24,2,0,3,0,0,3,0,0,12,36,3,48,0
UF46E8MU,17,0,4,8,5,0,1,0,0,1,0,0,16,0,4,7,5,0,5,0,1,0,4,0,1,16,5,17,0
2WUJMEYL,27,3,3,25,2,0,10,2,0,12,0,0,17,1,3,13,2,0,2,0,0,2,0,0,12,18,2,30,0
VIHAI3AE,11,0,1,9,1,0,4,0,1,3,0,0,7,0,0,6,1,0,2,0,0,1,1,0,4,7,2,11,0
OGJ5WO4R,47,2,15,34,0,0,14,2,3,13,0,0,33,0,12,21,0,0,4,0,1,3,0,0,16,33,4,49,0
CHKHCK4U,19,2,9,11,1,0,8,0,2,6,0,0,11,2,7,5,1,0,1,2,2,1,0,0,8,13,3,21,0
69YQEEWJ,29,6,4,30,1,0,11,0,3,8,0,0,18,6,1,22,1,0,6,5,0,10,1,0,11,24,11,35,0
O9YI6O1H,90,22,13,66,32,1,43,10,8,27,18,0,47,12,5,39,14,1,10,0,0,8,1,1,53,59,10,112,0
DCB1C9AT,51,7,15,41,2,1,16,3,5,13,1,1,35,4,10,28,1,0,5,2,0,7,0,0,19,39,7,58,0
VJLLEQWV,6,4,0,9,1,0,4,4,0,7,1,0,2,0,0,2,0,0,0,0,0,0,0,0,8,2,0,10,0
G7THJ3FB,63,6,25,43,0,1,29,6,14,20,0,1,34,0,11,23,0,0,9,0,1,8,0,0,35,34,9,69,0
AEBHBHWQ,69,21,2,47,35,6,33,8,2,26,10,3,36,13,0,21,25,3,6,3,0,5,4,0,41,49,9,90,0
BFPLFGGI,4,2,2,4,0,0,3,1,2,2,0,0,1,1,0,2,0,0,1,1,0,2,0,0,4,2,2,6,0
OZEOFK8I,22,1,1,19,3,0,6,0,0,6,0,0,16,1,1,13,3,0,2,0,0,2,0,0,6,17,2,23,0
E5JPG9FQ,12,0,3,1,8,1,7,0,1,1,5,0,5,0,2,0,3,1,2,0,1,0,1,0,7,5,2,12,0
BCYTPQAN,5,0,0,5,0,0,2,0,0,2,0,0,3,0,0,3,0,0,2,0,0,2,0,0,2,3,2,5,0
XIABESZO,17,0,1,16,0,0,9,0,1,8,0,0,8,0,0,8,0,0,0,0,0,0,0,0,9,8,0,17,0
BM4KRO5L,3,0,0,3,0,0,3,0,0,3,0,0,0,0,0,0,0,0,0,0,0,0,0,0,3,0,0,3,0
IPA2OSO8,24,5,6,21,2,0,8,2,3,6,1,0,16,3,3,15,1,0,0,0,0,0,0,0,10,19,0,29,0
1JQD3G9R,2,1,0,3,0,0,1,1,0,2,0,0,1,0,0,1,0,0,1,0,0,1,0,0,2,1,1,3,0
EGPVKK37,9,2,0,7,4,0,7,2,0,6,3,0,2,0,0,1,1,0,1,0,0,1,0,0,9,2,1,11,0
BVK4PMND,24,0,14,9,1,0,16,0,10,6,0,0,8,0,4,3,1,0,0,0,0,0,0,0,16,8,0,24,0
L96BNNSH,9,0,1,8,0,0,1,0,0,1,0,0,8,0,1,7,0,0,1,0,0,1,0,0,1,8,1,9,0
UVO7GDBB,16,2,4,14,0,1,4,2,0,6,0,0,12,0,4,8,0,1,2,0,1,1,0,0,6,12,2,18,0
RFGMDRWT,65,2,14,53,0,0,39,0,7,32,0,0,26,2,7,21,0,0,4,0,1,3,0,0,39,28,4,67,0
RFLUIIFO,6,1,1,6,0,0,4,0,1,3,0,0,2,1,0,3,0,0,0,0,0,0,0,0,4,3,0,7,0
3JPJFVOC,21,17,6,13,13,6,13,12,6,10,6,4,8,5,0,3,7,2,5,0,0,0,2,2,25,13,5,38,0
MDZVCWSI,1,1,0,2,0,0,1,1,0,2,0,0,0,0,0,0,0,0,0,0,0,0,0,0,2,0,0,2,0
HMSTA36C,4,4,0,7,1,0,4,4,0,7,1,0,0,0,0,0,0,0,0,0,0,0,0,0,8,0,0,8,0
QQ7XWZHG,16,0,1,15,0,0,12,0,1,11,0,0,4,0,0,4,0,0,3,0,0,3,0,0,12,4,3,16,0
QP7TUXAM,326,68,42,218,101,34,192,43,26,117,63,30,134,25,16,101,38,4,15,0,0,11,4,0,235,159,15,394,0
YDOUACMM,8,0,2,6,0,0,4,0,1,3,0,0,4,0,1,3,0,0,1,0,0,1,0,0,4,4,1,8,0
XYNAW61U,2,0,2,0,0,0,1,0,1,0,0,0,1,0,1,0,0,0,0,0,0,0,0,0,1,1,0,2,0
QJ58GGQE,6,11,6,10,1,3,0,4,3,1,0,0,6,7,3,9,1,3,2,0,0,2,0,0,4,13,2,17,0
FBPKQ2H8,15,2,1,11,5,0,4,1,0,3,2,0,11,1,1,8,3,0,0,0,0,0,0,0,5,12,0,17,0
YMAGFZR1,19,0,5,14,0,1,7,0,3,4,0,1,12,0,2,10,0,0,1,0,0,1,0,0,7,12,1,19,0
S6T9WNSK,6,0,4,2,0,0,2,0,1,1,0,0,4,0,3,1,0,0,2,0,2,0,0,0,2,4,2,6,0
AKU9T6CK,5,0,0,4,1,0,4,0,0,3,1,0,1,0,0,1,0,0,0,0,0,0,0,0,4,1,0,5,0
ISM5CVLQ,15,0,3,11,1,0,5,0,0,4,1,0,10,0,3,7,0,0,2,0,0,2,0,0,5,10,2,15,0
HYUBIGR9,50,0,8,38,4,0,22,0,4,16,2,0,28,0,4,22,2,0,7,0,1,6,0,0,22,28,7,50,0
87TLH6GH,5,2,2,4,1,0,0,0,0,0,0,0,5,2,2,4,1,0,1,0,0,0,1,0,0,7,1,7,0
Z7IDIM2X,5,3,0,8,0,0,0,1,0,1,0,0,5,2,0,7,0,0,3,0,0,3,0,0,1,7,3,8,0
9OGVRD1T,17,4,1,5,0,16,10,0,0,2,0,8,7,4,1,3,0,8,0,0,0,0,0,0,10,11,0,21,0
XFLVV4GC,5,2,3,4,0,0,5,2,3,4,0,0,0,0,0,0,0,0,0,0,0,0,0,0,7,0,0,7,0
SLCQ3DWU,130,22,29,71,25,31,74,19,13,42,20,20,56,3,16,29,5,11,0,3,0,0,3,0,93,59,3,152,0
8KH1LAVD,68,7,16,59,0,1,29,4,10,23,0,1,39,3,6,36,0,0,5,0,2,3,0,0,33,42,5,75,0
J8IAGEDY,4,0,0,4,0,0,4,0,0,4,0,0,0,0,0,0,0,0,0,0,0,0,0,0,4,0,0,4,0
QC3XC8LM,85,11,21,64,11,1,60,8,16,41,11,1,25,3,5,23,0,0,5,0,1,4,0,0,68,28,5,96,0
CZXHRWTY,231,46,28,146,84,19,93,29,13,68,29,12,138,17,15,78,55,7,27,0,4,11,10,2,122,155,27,277,0
C1DDWUXJ,42,1,15,24,4,1,14,1,7,5,3,1,28,0,8,19,1,0,1,0,0,1,0,0,15,28,1,43,0
4CNXHLBC,32,11,6,28,7,2,14,10,3,17,4,0,18,1,3,11,3,2,0,0,0,0,0,0,24,19,0,43,0
NQSKLNXV,13,2,2,10,3,0,1,2,0,2,1,0,12,0,2,8,2,0,2,0,0,2,0,0,3,12,2,15,0
XZHUOCOR,30,3,6,23,4,0,10,0,3,3,4,0,20,3,3,20,0,0,0,0,0,0,0,0,10,23,0,33,0
NQ6VXCDO,44,0,12,30,0,3,15,0,4,11,0,2,29,0,8,19,0,1,8,0,3,4,0,0,15,29,8,44,0
IPS93SHA,23,2,4,17,4,1,9,2,3,6,2,0,14,0,1,11,2,1,6,0,0,4,2,0,11,14,6,25,0
V6NUQVX4,11,0,4,5,2,0,4,0,1,2,1,0,7,0,3,3,1,0,2,0,1,1,0,0,4,7,2,11,0
6V3ENI8Z,31,3,1,21,9,3,24,0,0,16,5,3,7,3,1,5,4,0,5,3,1,3,4,0,24,10,8,34,0
USUKOE5E,11,4,0,8,7,0,6,3,0,4,5,0,5,1,0,4,2,0,1,0,0,0,1,0,9,6,1,15,0
R8LMO3TB,12,0,1,10,1,0,5,0,0,5,0,0,7,0,1,5,1,0,0,0,0,0,0,0,5,7,0,12,0
WTZ7TCTR,17,7,7,15,2,0,8,0,3,5,0,0,9,7,4,10,2,0,0,0,0,0,0,0,8,16,0,24,0
UZFP8BHT,19,3,4,17,1,0,3,1,0,4,0,0,16,2,4,13,1,0,4,1,1,4,0,0,4,18,5,22,0
IZRTFMDQ,11,0,1,10,0,0,2,0,1,1,0,0,9,0,0,9,0,0,2,0,0,2,0,0,2,9,2,11,0
BIHNFONA,30,4,10,20,4,1,16,3,6,10,3,0,14,1,4,10,1,1,5,1,2,4,0,1,19,15,6,34,0
1EM8FEUG,102,41,17,83,43,0,19,9,5,18,5,0,83,32,12,65,38,0,12,0,3,5,4,0,28,115,12,143,0
GJGKRZTP,29,11,0,26,14,0,22,6,0,18,10,0,7,5,0,8,4,0,3,0,0,3,0,0,28,12,3,40,0
E2JIWMB5,6,0,1,5,0,0,3,0,0,3,0,0,3,0,1,2,0,0,0,0,0,0,0,0,3,3,0,6,0
YUEBMQUS,72,25,5,52,30,10,45,23,4,34,21,9,27,2,1,18,9,1,1,0,0,1,0,0,68,29,1,97,0
C4YPXYO6,32,9,2,10,7,22,22,7,2,4,4,19,10,2,0,6,3,3,2,0,0,1,0,1,29,12,2,41,0
EAJEV12U,7,3,2,5,1,2,2,0,1,0,1,0,5,3,1,5,0,2,1,0,0,1,0,0,2,8,1,10,0
WHQXNISX,2,0,0,2,0,0,2,0,0,2,0,0,0,0,0,0,0,0,0,0,0,0,0,0,2,0,0,2,0
Z8IXVZ49,33,7,10,30,0,1,16,6,6,16,0,1,17,1,4,14,0,0,0,0,0,0,0,0,22,18,0,40,0
7OV82R5Y,24,0,5,18,1,0,6,0,1,4,1,0,18,0,4,14,0,0,6,0,3,3,0,0,6,18,6,24,0
JXZ32FO1,40,1,10,29,2,0,16,0,4,12,0,0,24,1,6,17,2,0,6,0,2,2,2,0,16,25,6,41,0
KFFZ1SVI,61,0,7,51,3,0,20,0,1,18,1,0,41,0,6,33,2,0,8,0,2,5,1,0,20,41,8,61,0
BGH1C2SW,17,0,3,14,0,0,4,0,1,3,0,0,13,0,2,11,0,0,3,0,0,3,0,0,4,13,3,17,0
CDWALMU3,1,1,0,1,1,0,0,1,0,0,1,0,1,0,0,1,0,0,1,0,0,1,0,0,1,1,1,2,0
ZDMZC7GR,168,63,31,169,15,17,52,22,10,44,8,13,116,41,21,125,7,4,35,9,5,38,1,0,74,157,44,231,0
OOQXSI7W,36,1,8,29,0,0,13,1,1,13,0,0,23,0,7,16,0,0,4,0,2,2,0,0,14,23,4,37,0
PHMKGPZN,18,0,6,12,0,0,4,0,2,2,0,0,14,0,4,10,0,0,1,0,1,0,0,0,4,14,1,18,0
Q6HCLYIL,39,0,11,27,1,0,11,0,2,9,0,0,28,0,9,18,1,0,4,0,0,4,0,0,11,28,4,39,0
ODOZNXOF,53,19,4,52,14,2,29,4,2,26,5,0,24,15,2,26,9,2,3,0,1,2,0,0,33,39,3,72,0
L9ACQKSK,70,6,23,52,1,0,24,4,9,18,1,0,46,2,14,34,0,0,3,1,1,3,0,0,28,48,4,76,0
6X1XNU5P,15,0,10,5,0,0,8,0,5,3,0,0,7,0,5,2,0,0,1,0,0,1,0,0,8,7,1,15,0
DZAVNYJC,152,20,51,110,11,2,47,12,15,39,5,0,105,8,36,71,6,2,13,2,3,11,1,0,59,113,15,172,0
LBQNI9VE,71,6,9,57,11,0,33,6,7,27,5,0,38,0,2,30,6,0,8,0,0,7,1,0,39,38,8,77,0
ECWS3TBR,58,8,6,35,18,7,35,7,3,17,16,6,23,1,3,18,2,1,3,0,0,3,0,0,42,24,3,66,0
TP8TAIHK,98,42,41,90,9,6,24,26,16,28,6,4,74,16,25,62,3,2,10,0,5,5,0,1,50,90,10,140,0
AWDHAMV3,5,0,0,5,0,0,1,0,0,1,0,0,4,0,0,4,0,0,2,0,0,2,0,0,1,4,2,5,0
RXIPCK5K,5,0,0,5,0,0,2,0,0,2,0,0,3,0,0,3,0,0,1,0,0,1,0,0,2,3,1,5,0
OOQAILVG,0,2,2,0,0,0,0,0,0,0,0,0,0,2,2,0,0,0,0,2,2,0,0,0,0,2,2,2,0
CLAKDBDA,7,2,0,7,2,0,4,2,0,4,2,0,3,0,0,3,0,0,1,0,0,1,0,0,6,3,1,9,0
HAFBCQFA,20,2,9,13,0,0,0,0,0,0,0,0,20,2,9,13,0,0,15,2,9,8,0,0,0,22,17,22,0
X913HGSV,11,5,0,12,4,0,3,3,0,4,2,0,8,2,0,8,2,0,1,1,0,1,1,0,6,10,2,16,0
FAFWFWAE,43,2,18,27,0,0,10,0,2,8,0,0,33,2,16,19,0,0,6,1,6,1,0,0,10,35,7,45,0
YNKODWXM,3,0,0,2,1,0,0,0,0,0,0,0,3,0,0,2,1,0,1,0,0,1,0,0,0,3,1,3,0
CUOAILDA,5,0,0,4,1,0,2,0,0,2,0,0,3,0,0,2,1,0,0,0,0,0,0,0,2,3,0,5,0
YEC9IW1Y,50,5,9,46,0,2,25,4,3,26,0,0,25,1,6,20,0,2,2,0,1,1,0,0,29,26,2,55,0
7YI158VR,6,4,0,8,2,0,6,4,0,8,2,0,0,0,0,0,0,0,0,0,0,0,0,0,10,0,0,10,0
PFQETTWI,18,1,5,14,0,0,6,1,1,6,0,0,12,0,4,8,0,0,1,0,0,1,0,0,7,12,1,19,0
OIIAHAIW,74,10,11,61,12,0,38,5,7,30,6,0,36,5,4,31,6,0,5,0,0,5,0,0,43,41,5,84,0
LGJRCWUB,3,0,0,3,0,0,0,0,0,0,0,0,3,0,0,3,0,0,2,0,0,2,0,0,0,3,2,3,0
W1CR7GJB,2,0,0,2,0,0,2,0,0,2,0,0,0,0,0,0,0,0,0,0,0,0,0,0,2,0,0,2,0
BK2G39AG,385,109,182,203,96,33,132,42,70,76,24,14,253,67,112,127,72,19,62,19,32,34,13,7,174,320,81,494,0
7IHLEVXS,28,4,3,23,6,0,12,2,0,11,3,0,16,2,3,12,3,0,4,0,2,1,1,0,14,18,4,32,0
6XBXEJPY,42,5,10,34,2,1,20,4,6,17,0,1,22,1,4,17,2,0,9,0,2,6,1,0,24,23,9,47,0
JACSLMTF,13,3,2,11,3,0,2,0,0,2,0,0,11,3,2,9,3,0,1,0,0,1,0,0,2,14,1,16,0
ACFJIMAH,17,1,8,10,0,0,4,0,2,2,0,0,13,1,6,8,0,0,0,1,1,0,0,0,4,14,1,18,0
D6XWST6M,39,8,9,35,3,0,9,3,2,8,2,0,30,5,7,27,1,0,6,0,1,4,1,0,12,35,6,47,0
SRJR8LB8,2,0,0,0,2,0,1,0,0,0,1,0,1,0,0,0,1,0,0,0,0,0,0,0,1,1,0,2,0
DN1S6KYW,5,2,1,3,2,1,0,0,0,0,0,0,5,2,1,3,2,1,0,0,0,0,0,0,0,7,0,7,0
KCT6CNUD,4,5,4,4,1,0,2,1,1,2,0,0,2,4,3,2,1,0,0,0,0,0,0,0,3,6,0,9,0
GCFKDIDL,55,14,1,36,32,0,34,5,1,23,15,0,21,9,0,13,17,0,0,0,0,0,0,0,39,30,0,69,0
A3YSETAQ,71,3,21,53,0,0,22,0,7,15,0,0,49,3,14,38,0,0,6,0,2,4,0,0,22,52,6,74,0
PPFKJLXU,9,7,2,13,1,0,5,2,1,5,1,0,4,5,1,8,0,0,1,0,0,1,0,0,7,9,1,16,0
YCADACXI,4,1,1,4,0,0,1,1,1,1,0,0,3,0,0,3,0,0,0,0,0,0,0,0,2,3,0,5,0
PROBXY6Z,5,1,2,4,0,0,1,1,1,1,0,0,4,0,1,3,0,0,3,0,1,2,0,0,2,4,3,6,0
HSE2JYZV,18,28,9,36,1,2,10,11,4,16,1,0,8,17,5,20,0,2,0,2,1,1,0,0,21,25,2,46,0
ENACKAWB,17,0,2,11,4,0,10,0,2,6,2,0,7,0,0,5,2,0,0,0,0,0,0,0,10,7,0,17,0
XLIV8WH2,4,1,0,5,0,0,2,1,0,3,0,0,2,0,0,2,0,0,0,0,0,0,0,0,3,2,0,5,0
IIPVTDEV,10,0,1,7,2,0,4,0,1,2,1,0,6,0,0,5,1,0,3,0,0,2,1,0,4,6,3,10,0
VDBYBCHX,67,5,11,60,1,0,25,5,5,25,0,0,42,0,6,35,1,0,0,0,0,0,0,0,30,42,0,72,0
CLWZIKBM,12,3,3,11,1,0,4,2,1,5,0,0,8,1,2,6,1,0,0,1,1,0,0,0,6,9,1,15,0
UNWYX6SO,61,3,18,46,0,1,19,3,6,16,0,0,42,0,12,30,0,1,5,0,1,4,0,0,22,42,5,64,0
AKOPUG4O,75,8,18,57,8,0,29,4,4,25,4,0,46,4,14,32,4,0,7,0,0,5,2,0,33,50,7,83,0
BFNOBNJF,84,12,15,76,5,0,10,0,1,9,0,0,74,12,14,67,5,0,7,0,1,6,0,0,10,86,7,96,0
1RQ3CEQX,81,13,36,53,5,0,37,10,18,27,2,0,44,3,18,26,3,0,10,0,5,5,0,0,47,47,10,94,0
UIP2QZVO,5,0,0,5,0,0,0,0,0,0,0,0,5,0,0,5,0,0,1,0,0,1,0,0,0,5,1,5,0
EVX5VTAW,9,2,1,10,0,0,4,0,0,4,0,0,5,2,1,6,0,0,1,0,0,1,0,0,4,7,1,11,0
SPPZ721Q,15,3,7,5,6,0,5,2,0,3,4,0,10,1,7,2,2,0,5,0,2,1,2,0,7,11,5,18,0
EHTJHDF9,95,7,19,80,3,0,28,2,9,20,1,0,67,5,10,60,2,0,19,0,3,16,0,0,30,72,19,102,0
XHYJPK3B,61,5,15,49,2,0,12,1,4,8,1,0,49,4,11,41,1,0,0,0,0,0,0,0,13,53,0,66,0
IBGU978Y,1,0,0,0,1,0,0,0,0,0,0,0,1,0,0,0,1,0,1,0,0,0,1,0,0,1,1,1,0
WMV5K5QF,39,0,9,27,3,2,8,0,2,6,0,0,31,0,7,21,3,2,10,0,0,8,2,0,8,31,10,39,0
UW8983N6,49,2,4,43,2,1,21,2,2,20,0,1,28,0,2,23,2,0,3,0,0,3,0,0,23,28,3,51,0
8FWN8Q2H,39,21,4,26,30,0,28,14,4,18,20,0,11,7,0,8,10,0,2,0,0,0,2,0,42,18,2,60,0
M9SBWTIB,24,3,1,25,1,0,8,3,1,10,0,0,16,0,0,15,1,0,1,0,0,1,0,0,11,16,1,27,0
LPGMNWG7,4,0,0,2,2,0,1,0,0,1,0,0,3,0,0,1,2,0,0,0,0,0,0,0,1,3,0,4,0
YSWQJO2K,16,0,3,12,1,0,6,0,2,4,0,0,10,0,1,8,1,0,0,0,0,0,0,0,6,10,0,16,0
SMBEHANK,36,0,4,30,2,0,12,0,3,7,2,0,24,0,1,23,0,0,3,0,0,3,0,0,12,24,3,36,0
FNYLOOR4,19,9,8,17,3,0,9,8,4,10,3,0,10,1,4,7,0,0,4,0,1,3,0,0,17,11,4,28,0
U2LSSVCJ,8,1,0,9,0,0,1,0,0,1,0,0,7,1,0,8,0,0,2,0,0,2,0,0,1,8,2,9,0
DBUEW7SF,5,2,1,3,3,0,5,0,1,1,3,0,0,2,0,2,0,0,0,0,0,0,0,0,5,2,0,7,0
RQ8VDNOF,5,0,0,5,0,0,2,0,0,2,0,0,3,0,0,3,0,0,0,0,0,0,0,0,2,3,0,5,0
CWLO91WF,43,4,7,40,0,1,7,0,1,6,0,1,36,4,6,34,0,0,7,2,0,9,0,0,7,40,9,47,0
MSQFWVKO,52,0,12,39,1,0,10,0,0,9,1,0,42,0,12,30,0,0,9,0,3,6,0,0,10,42,9,52,0
SFQBKOUW,43,1,10,34,0,0,16,1,6,11,0,0,27,0,4,23,0,0,4,0,1,3,0,0,17,27,4,44,0
HUKJK9US,4,3,0,7,0,0,0,2,0,2,0,0,4,1,0,5,0,0,0,0,0,0,0,0,2,5,0,7,0
IP3E9RN5,103,8,9,95,7,0,41,4,4,38,3,0,62,4,5,57,4,0,13,0,2,11,0,0,45,66,13,111,0
UCUPIBVR,45,4,5,32,5,7,30,4,4,18,5,7,15,0,1,14,0,0,2,0,1,1,0,0,34,15,2,49,0
BRPGW3CH,2,0,0,2,0,0,0,0,0,0,0,0,2,0,0,2,0,0,0,0,0,0,0,0,0,2,0,2,0
DFTDJLL6,4,0,0,4,0,0,1,0,0,1,0,0,3,0,0,3,0,0,1,0,0,1,0,0,1,3,1,4,0
5DMTCVXF,5,9,2,5,7,0,1,9,1,2,7,0,4,0,1,3,0,0,0,0,0,0,0,0,10,4,0,14,0
QKURBPSP,29,0,10,19,0,0,11,0,6,5,0,0,18,0,4,14,0,0,6,0,2,4,0,0,11,18,6,29,0
WKOAO4WC,16,0,5,9,2,0,5,0,0,3,2,0,11,0,5,6,0,0,2,0,1,1,0,0,5,11,2,16,0
L7IZXUJD,12,0,2,10,0,0,5,0,2,3,0,0,7,0,0,7,0,0,3,0,0,3,0,0,5,7,3,12,0
H8QX1CPV,11,2,2,10,1,0,5,2,0,6,1,0,6,0,2,4,0,0,0,0,0,0,0,0,7,6,0,13,0
9BGFRMJL,19,1,3,17,0,0,1,1,0,2,0,0,18,0,3,15,0,0,4,0,2,2,0,0,2,18,4,20,0
XI5PBPMM,11,3,4,10,0,0,2,3,0,5,0,0,9,0,4,5,0,0,1,0,1,0,0,0,5,9,1,14,0
NSXTRZJ6,25,8,5,16,12,0,21,8,5,14,10,0,4,0,0,2,2,0,0,0,0,0,0,0,29,4,0,33,0
1UGGOROB,29,2,7,22,0,2,10,0,2,6,0,2,19,2,5,16,0,0,7,0,0,7,0,0,10,21,7,31,0
NL458DBW,18,12,8,18,4,0,5,1,3,2,1,0,13,11,5,16,3,0,1,0,0,1,0,0,6,24,1,30,0
6JMNBCK4,8,2,0,9,1,0,4,2,0,5,1,0,4,0,0,4,0,0,1,0,0,1,0,0,6,4,1,10,0
LO13S7JU,18,0,0,9,9,0,4,0,0,2,2,0,14,0,0,7,7,0,4,0,0,3,1,0,4,14,4,18,0
XGNYRCUB,33,4,6,27,4,1,21,2,4,17,2,1,12,2,2,10,2,0,0,2,0,2,0,0,23,14,2,37,0
VIJ2ALY2,8,9,3,14,0,0,2,4,1,5,0,0,6,5,2,9,0,0,1,0,1,0,0,0,6,11,1,17,0
VJJOEWEP,44,8,5,45,1,2,17,5,1,20,1,0,27,3,4,25,0,2,4,0,2,2,0,0,22,30,4,52,0
C8CVJUPH,2,1,0,3,0,0,0,1,0,1,0,0,2,0,0,2,0,0,0,0,0,0,0,0,1,2,0,3,0
MJ6IWHAF,2,0,2,0,0,0,2,0,2,0,0,0,0,0,0,0,0,0,0,0,0,0,0,0,2,0,0,2,0
MYGZNXCD,14,1,0,11,4,0,2,0,0,2,0,0,12,1,0,9,4,0,2,0,0,2,0,0,2,13,2,15,0
F1NVKIGW,38,1,8,31,0,0,6,0,1,5,0,0,32,1,7,26,0,0,3,0,1,2,0,0,6,33,3,39,0
JTNF4KHL,41,2,0,39,4,0,15,2,0,16,1,0,26,0,0,23,3,0,1,0,0,0,1,0,17,26,1,43,0
AMQTTABJ,20,1,7,13,1,0,7,0,3,4,0,0,13,1,4,9,1,0,2,0,1,1,0,0,7,14,2,21,0
ENTNYYSG,78,1,19,55,5,0,35,1,8,24,4,0,43,0,11,31,1,0,8,0,0,8,0,0,36,43,8,79,0
MKH5Y6ZG,3,0,0,3,0,0,0,0,0,0,0,0,3,0,0,3,0,0,3,0,0,3,0,0,0,3,3,3,0
1CELIH1W,128,37,37,84,35,14,60,21,17,38,21,6,68,16,20,46,14,8,3,1,2,2,0,0,81,84,4,165,0
UABNZYWJ,71,13,7,69,8,0,28,9,3,27,7,0,43,4,4,42,1,0,15,2,0,16,1,0,37,47,17,84,0
IJY6KKQ5,2,0,0,2,0,0,1,0,0,1,0,0,1,0,0,1,0,0,0,0,0,0,0,0,1,1,0,2,0
J4KVVHKB,63,5,23,43,2,4,23,0,10,13,0,0,40,5,13,30,2,4,0,0,0,0,0,0,23,45,0,68,0
KV48CNFD,87,13,15,72,13,0,58,10,10,46,12,0,29,3,5,26,1,0,3,0,1,2,0,0,68,32,3,100,0
OGTVWKRD,31,4,4,31,0,0,18,4,4,18,0,0,13,0,0,13,0,0,0,0,0,0,0,0,22,13,0,35,0
MJRFDDEQ,32,1,11,21,1,0,12,0,3,9,0,0,20,1,8,12,1,0,1,0,0,1,0,0,12,21,1,33,0
55DSKYUU,240,37,58,161,57,1,87,25,22,66,23,1,153,12,36,95,34,0,21,0,3,16,2,0,112,165,21,277,0
RJSHZ1ER,86,9,26,67,1,0,25,3,7,20,0,0,61,6,19,47,1,0,5,0,1,4,0,0,28,67,5,95,0
1VA6MXOG,94,10,26,65,10,1,22,0,5,15,2,0,72,10,21,50,8,1,34,2,9,17,7,1,22,82,36,104,0
SDKTLHLO,45,7,17,31,3,3,23,7,7,19,3,2,22,0,10,12,0,1,4,0,2,2,0,0,30,22,4,52,0
ULAOUUZT,12,0,0,11,1,0,4,0,0,3,1,0,8,0,0,8,0,0,5,0,0,5,0,0,4,8,5,12,0
TM7JMFWD,61,4,24,41,0,1,12,1,4,9,0,0,49,3,20,32,0,1,6,0,4,2,0,0,13,52,6,65,0
INHJLBFZ,164,31,63,106,11,11,67,20,23,44,7,8,97,11,40,62,4,3,13,1,4,9,0,0,87,108,14,195,0
S2IZN7CJ,29,3,8,24,0,0,8,1,1,8,0,0,21,2,7,16,0,0,3,0,1,2,0,0,9,23,3,32,0
6TUM5HGS,1,0,0,1,0,0,0,0,0,0,0,0,1,0,0,1,0,0,1,0,0,1,0,0,0,1,1,1,0
VFXHJ59U,8,7,3,12,0,0,3,0,0,3,0,0,5,7,3,9,0,0,1,0,0,1,0,0,3,12,1,15,0
USJBFDIF,41,1,14,24,3,0,15,1,8,7,1,0,26,0,6,17,2,0,8,0,1,6,1,0,16,26,8,42,0
DJQ6C2HF,46,0,28,18,0,0,11,0,5,6,0,0,35,0,23,12,0,0,4,0,2,2,0,0,11,35,4,46,0
5GJ2R4NH,31,0,17,13,0,1,17,0,10,6,0,1,14,0,7,7,0,0,2,0,0,2,0,0,17,14,2,31,0
AKVHRPFZ,51,4,15,37,3,0,15,4,1,16,2,0,36,0,14,21,1,0,7,0,1,6,0,0,19,36,7,55,0
3F8J7EYF,171,36,37,166,4,0,84,21,16,88,1,0,87,15,21,78,3,0,14,0,0,13,1,0,105,102,14,207,0
L4TSDISE,61,28,4,76,6,3,28,15,1,33,6,3,33,13,3,43,0,0,5,0,0,5,0,0,43,46,5,89,0
SV16FUJX,21,1,2,19,1,0,6,0,1,5,0,0,15,1,1,14,1,0,4,0,1,3,0,0,6,16,4,22,0
MDTJPYEW,5,0,1,3,1,0,3,0,0,2,1,0,2,0,1,1,0,0,0,0,0,0,0,0,3,2,0,5,0
DSP8EBRO,39,2,17,22,2,0,9,0,3,6,0,0,30,2,14,16,2,0,4,1,3,2,0,0,9,32,5,41,0
C6KHLEY9,17,7,12,11,0,1,6,3,5,4,0,0,11,4,7,7,0,1,1,1,2,0,0,0,9,15,2,24,0
BKFADRMV,33,0,2,31,0,0,13,0,1,12,0,0,20,0,1,19,0,0,4,0,0,4,0,0,13,20,4,33,0
NVBCGEM6,20,0,3,11,6,0,7,0,0,5,2,0,13,0,3,6,4,0,2,0,1,1,0,0,7,13,2,20,0
FMF1MID8,26,1,2,22,3,0,16,1,1,13,3,0,10,0,1,9,0,0,0,0,0,0,0,0,17,10,0,27,0
6ANCSEFI,11,0,2,9,0,0,5,0,1,4,0,0,6,0,1,5,0,0,0,0,0,0,0,0,5,6,0,11,0
BBKWTT7A,75,16,14,48,29,0,44,14,10,26,22,0,31,2,4,22,7,0,4,0,0,4,0,0,58,33,4,91,0
D2FCMEBK,28,0,11,17,0,0,7,0,1,6,0,0,21,0,10,11,0,0,1,0,0,1,0,0,7,21,1,28,0
FUFF31CR,32,3,3,23,7,2,23,3,2,15,7,2,9,0,1,8,0,0,0,0,0,0,0,0,26,9,0,35,0
DRVHFKGQ,10,1,1,10,0,0,4,1,0,5,0,0,6,0,1,5,0,0,1,0,0,1,0,0,5,6,1,11,0
QMS9PTUL,7,0,0,7,0,0,1,0,0,1,0,0,6,0,0,6,0,0,1,0,0,1,0,0,1,6,1,7,0
LUALNS4O,15,5,2,13,5,0,7,2,2,4,3,0,8,3,0,9,2,0,1,1,0,2,0,0,9,11,2,20,0
LOLHDVXE,8,2,2,8,0,0,3,1,1,3,0,0,5,1,1,5,0,0,0,0,0,0,0,0,4,6,0,10,0
ILDWRM55,21,2,5,18,0,0,8,1,2,7,0,0,13,1,3,11,0,0,2,0,0,2,0,0,9,14,2,23,0
RJOFMIZD,64,5,15,50,4,0,20,2,5,15,2,0,44,3,10,35,2,0,6,1,1,6,0,0,22,47,7,69,0
MGRFLKDO,36,11,13,27,7,0,28,11,11,23,5,0,8,0,2,4,2,0,1,0,1,0,0,0,39,8,1,47,0
SG9BTNNR,41,3,23,20,1,0,7,3,4,5,1,0,34,0,19,15,0,0,6,0,2,4,0,0,10,34,6,44,0
5WA2S4UC,39,5,9,22,13,0,9,1,3,7,0,0,30,4,6,15,13,0,11,0,3,5,3,0,10,34,11,44,0
8HKUGAEU,35,15,10,35,4,1,28,12,9,26,4,1,7,3,1,9,0,0,1,0,0,1,0,0,40,10,1,50,0
S6F3V9DN,6,0,1,5,0,0,4,0,1,3,0,0,2,0,0,2,0,0,0,0,0,0,0,0,4,2,0,6,0
XPBW3JPN,70,10,11,40,12,17,54,9,8,28,11,16,16,1,3,12,1,1,2,0,0,1,0,1,63,17,2,80,0
LXTNAHH2,192,18,143,66,1,21,82,14,63,32,1,15,110,4,80,34,0,6,28,0,19,9,0,0,96,114,28,210,0
ZY1W7EPB,124,19,33,97,13,1,56,16,16,47,9,0,68,3,17,50,4,1,11,0,3,7,1,0,72,71,11,143,0
IQZCKQ2S,100,26,13,77,35,1,44,14,5,37,15,1,56,12,8,40,20,0,12,0,1,5,6,0,58,68,12,126,0
K995APSH,144,42,56,93,36,1,63,23,31,33,21,1,81,19,25,60,15,0,10,0,4,6,0,0,86,100,10,186,0
VNFICQ5D,59,0,4,52,3,0,20,0,3,14,3,0,39,0,1,38,0,0,3,0,0,3,0,0,20,39,3,59,0
G1PVWZ7B,18,3,3,18,0,0,5,3,0,8,0,0,13,0,3,10,0,0,6,0,2,4,0,0,8,13,6,21,0
JTZREZ8N,119,12,10,82,26,13,29,3,5,12,9,6,90,9,5,70,17,7,10,0,1,8,1,0,32,99,10,131,0
MZWZG9ZC,36,2,9,22,7,0,1,0,0,1,0,0,35,2,9,21,7,0,5,0,0,5,0,0,1,37,5,38,0
WPY1JM22,229,28,72,160,20,15,54,9,18,42,3,1,175,19,54,118,17,14,39,10,13,23,8,8,63,194,49,257,0
C4PVSCZD,18,5,8,15,0,0,7,0,2,5,0,0,11,5,6,10,0,0,6,0,4,2,0,0,7,16,6,23,0
SDTALGHM,29,0,6,23,0,0,10,0,1,9,0,0,19,0,5,14,0,0,1,0,0,1,0,0,10,19,1,29,0
VPJMHOEB,33,11,1,15,10,18,19,11,0,9,6,15,14,0,1,6,4,3,3,0,1,2,0,0,30,14,3,44,0
EF7NGMRR,74,20,6,51,37,0,55,10,5,41,19,0,19,10,1,10,18,0,3,1,1,0,3,0,65,29,4,94,0
FIVHONNE,91,8,10,63,26,0,15,6,1,12,8,0,76,2,9,51,18,0,11,0,2,8,1,0,21,78,11,99,0
JBUV3VDR,2,0,0,2,0,0,0,0,0,0,0,0,2,0,0,2,0,0,2,0,0,2,0,0,0,2,2,2,0
ONPTU2VX,27,2,4,25,0,0,14,1,4,11,0,0,13,1,0,14,0,0,1,0,0,1,0,0,15,14,1,29,0
RDHOAYEE,21,3,2,19,0,3,5,0,1,4,0,0,16,3,1,15,0,3,2,0,0,2,0,0,5,19,2,24,0
SOTWO9O8,19,3,4,17,1,0,5,0,2,3,0,0,14,3,2,14,1,0,1,1,0,2,0,0,5,17,2,22,0
S4TNZZAZ,14,3,3,14,0,0,0,0,0,0,0,0,14,3,3,14,0,0,3,0,1,2,0,0,0,17,3,17,0
Q6ILENXL,142,2,51,90,2,7,67,2,31,38,0,5,75,0,20,52,2,2,18,0,7,10,1,1,69,75,18,144,0
YTWOQAZJ,39,1,6,34,0,0,16,0,1,15,0,0,23,1,5,19,0,0,3,0,1,2,0,0,16,24,3,40,0
PPWNHTH2,64,0,13,47,4,0,44,0,12,28,4,0,20,0,1,19,0,0,0,0,0,0,0,0,44,20,0,64,0
C96B3MWW,56,4,20,36,4,2,22,1,9,13,1,2,34,3,11,23,3,0,7,0,1,6,0,0,23,37,7,60,0
DIMIGQYG,5,0,0,5,0,0,1,0,0,1,0,0,4,0,0,4,0,0,3,0,0,3,0,0,1,4,3,5,0
NUFKYGHE,12,0,0,12,0,0,2,0,0,2,0,0,10,0,0,10,0,0,1,0,0,1,0,0,2,10,1,12,0
CB4H4U25,21,0,8,13,0,0,9,0,5,4,0,0,12,0,3,9,0,0,1,0,1,0,0,0,9,12,1,21,0
ZQPHF3DI,97,9,39,60,7,4,57,5,25,32,5,2,40,4,14,28,2,2,3,0,0,3,0,0,62,44,3,106,0
ULXXCIUK,46,14,1,53,6,0,29,14,1,36,6,0,17,0,0,17,0,0,2,0,0,2,0,0,43,17,2,60,0
OTGWHIH6,4,0,0,4,0,0,0,0,0,0,0,0,4,0,0,4,0,0,2,0,0,2,0,0,0,4,2,4,0
QNGNGXBT,291,41,27,222,75,8,109,29,11,85,34,8,182,12,16,137,41,0,27,0,1,21,5,0,138,194,27,332,0
RRKEASCE,17,7,1,23,0,0,4,5,1,8,0,0,13,2,0,15,0,0,3,1,0,4,0,0,9,15,4,24,0
QXWTSOBT,0,3,1,2,0,0,0,2,1,1,0,0,0,1,0,1,0,0,0,0,0,0,0,0,2,1,0,3,0
PYTSW7ME,35,1,17,13,0,7,7,0,5,2,0,1,28,1,12,11,0,6,7,0,2,4,0,1,7,29,7,36,0
QRLPITW5,148,21,11,102,54,2,60,12,3,43,24,2,88,9,8,59,30,0,11,0,1,7,3,0,72,97,11,169,0
KKHRUM5P,2,1,1,2,0,0,1,1,1,1,0,0,1,0,0,1,0,0,0,0,0,0,0,0,2,1,0,3,0
VQXLNPPD,40,11,17,33,1,0,21,11,14,18,0,0,19,0,3,15,1,0,3,0,0,3,0,0,32,19,3,51,0
WGODO9WS,22,2,8,16,0,0,12,2,8,6,0,0,10,0,0,10,0,0,1,0,0,1,0,0,14,10,1,24,0
KOWDPCIC,37,10,9,33,5,0,17,10,5,17,5,0,20,0,4,16,0,0,2,0,1,1,0,0,27,20,2,47,0
5NJ6PNOU,34,0,4,24,5,1,12,0,0,7,4,1,22,0,4,17,1,0,1,0,0,1,0,0,12,22,1,34,0
7PAVWPRR,6,0,0,6,0,0,1,0,0,1,0,0,5,0,0,5,0,0,2,0,0,2,0,0,1,5,2,6,0
JJU5VCUA,14,0,3,11,0,0,1,0,0,1,0,0,13,0,3,10,0,0,4,0,1,3,0,0,1,13,4,14,0
SLYDVIIB,60,1,21,38,2,2,23,0,6,16,1,0,37,1,15,22,1,2,3,0,1,2,0,0,23,38,3,61,0
R98YWDCU,80,2,7,73,2,0,18,1,1,16,2,0,62,1,6,57,0,0,9,0,0,9,0,0,19,63,9,82,0
6SXA9399,39,1,3,36,1,0,28,0,0,27,1,0,11,1,3,9,0,0,0,0,0,0,0,0,28,12,0,40,0
F7UUSVKE,2,0,2,0,0,0,2,0,2,0,0,0,0,0,0,0,0,0,0,0,0,0,0,0,2,0,0,2,0
QDON5AFW,55,7,7,50,4,2,18,3,1,16,4,0,37,4,6,34,0,2,1,0,1,0,0,0,21,41,1,62,0
PXMJVSZ7,22,17,4,29,6,0,9,8,2,13,2,0,13,9,2,16,4,0,0,1,0,1,0,0,17,22,1,39,0
SKJKYXVT,1,0,0,1,0,0,0,0,0,0,0,0,1,0,0,1,0,0,0,0,0,0,0,0,0,1,0,1,0
XYTOPRQV,62,9,5,49,13,4,30,6,5,26,4,1,32,3,0,23,9,3,1,1,0,2,0,0,36,35,2,71,0
MLWCENH1,136,6,30,98,14,0,32,5,9,24,4,0,104,1,21,74,10,0,18,0,5,13,0,0,37,105,18,142,0
YVJJHD3M,13,2,3,10,1,1,6,0,1,4,0,1,7,2,2,6,1,0,2,0,0,2,0,0,6,9,2,15,0
WGNYLDL4,5,0,1,4,0,0,0,0,0,0,0,0,5,0,1,4,0,0,3,0,0,3,0,0,0,5,3,5,0
15DDZMVQ,4,5,2,3,4,0,0,1,0,1,0,0,4,4,2,2,4,0,1,0,1,0,0,0,1,8,1,9,0
7QN344RJ,11,0,1,10,0,0,2,0,0,2,0,0,9,0,1,8,0,0,0,0,0,0,0,0,2,9,0,11,0
NRTWGSLD,0,3,2,1,0,0,0,1,1,0,0,0,0,2,1,1,0,0,0,0,0,0,0,0,1,2,0,3,0
2SL84JXA,18,4,0,22,0,0,5,1,0,6,0,0,13,3,0,16,0,0,0,0,0,0,0,0,6,16,0,22,0
JY4X8UGN,17,2,14,5,0,0,5,1,5,1,0,0,12,1,9,4,0,0,3,0,2,1,0,0,6,13,3,19,0
KHYOKGSA,1,0,1,0,0,0,0,0,0,0,0,0,1,0,1,0,0,0,0,0,0,0,0,0,0,1,0,1,0
HHKKFE4E,4,0,2,2,0,0,4,0,2,2,0,0,0,0,0,0,0,0,0,0,0,0,0,0,4,0,0,4,0
HEZXPHGR,7,0,2,4,1,0,3,0,2,1,0,0,4,0,0,3,1,0,0,0,0,0,0,0,3,4,0,7,0
34EOVF8S,18,2,2,13,3,1,9,0,2,7,0,0,9,2,0,6,3,1,1,0,0,0,1,0,9,11,1,20,0
UUWRGM2U,52,1,19,31,2,1,10,0,5,4,0,1,42,1,14,27,2,0,5,1,2,4,0,0,10,43,6,53,0
8YOQ49V5,20,0,2,17,1,0,4,0,1,3,0,0,16,0,1,14,1,0,7,0,0,7,0,0,4,16,7,20,0
PILQOUL2,25,4,9,19,1,2,10,3,6,7,0,1,15,1,3,12,1,1,2,0,0,2,0,0,13,16,2,29,0
TTDZHBQD,15,0,1,13,1,0,4,0,0,3,1,0,11,0,1,10,0,0,0,0,0,0,0,0,4,11,0,15,0
NGUB5B9Y,23,3,1,17,8,0,12,1,1,10,2,0,11,2,0,7,6,0,1,0,0,0,1,0,13,13,1,26,0
8BRFZMFM,35,19,3,41,6,4,7,10,2,11,2,2,28,9,1,30,4,2,0,0,0,0,0,0,17,37,0,54,0
JVFASYOS,6,10,3,10,3,0,6,10,3,10,3,0,0,0,0,0,0,0,0,0,0,0,0,0,16,0,0,16,0
EKRTIBU4,25,8,0,17,16,0,12,5,0,7,10,0,13,3,0,10,6,0,3,0,0,2,1,0,17,16,3,33,0
BMBV14ER,1,3,3,1,0,0,1,3,3,1,0,0,0,0,0,0,0,0,0,0,0,0,0,0,4,0,0,4,0
CPCLPVRO,116,17,15,99,18,0,26,7,3,26,4,0,90,10,12,73,14,0,27,1,6,17,5,0,33,100,28,133,0
XR3JKQIW,4,4,3,5,0,0,0,0,0,0,0,0,4,4,3,5,0,0,0,0,0,0,0,0,0,8,0,8,0
8JEMK7LL,1,0,0,1,0,0,0,0,0,0,0,0,1,0,0,1,0,0,0,0,0,0,0,0,0,1,0,1,0
6M8ZBKGO,145,18,58,93,6,10,70,16,29,49,3,8,75,2,29,44,3,2,5,0,3,2,0,0,86,77,5,163,0
2JCU2FYD,42,4,3,38,5,0,11,3,0,11,3,0,31,1,3,27,2,0,3,0,0,3,0,0,14,32,3,46,0
IK3SKSVI,21,3,2,16,6,0,8,1,1,6,2,0,13,2,1,10,4,0,0,0,0,0,0,0,9,15,0,24,1
K9RVFKCW,101,18,12,81,26,0,40,11,3,35,13,0,61,7,9,46,13,0,2,0,0,2,0,0,51,68,2,119,0
TQNOWKTB,57,2,14,42,3,0,16,1,1,15,1,0,41,1,13,27,2,0,7,0,2,5,0,0,17,42,7,59,0
AHCJNHKO,134,16,33,97,15,8,36,8,11,26,4,5,98,8,22,71,11,3,13,2,3,12,0,0,44,106,15,150,0
LH6OFODP,34,0,8,26,0,0,9,0,0,9,0,0,25,0,8,17,0,0,6,0,3,3,0,0,9,25,6,34,0
CG3YHUA6,54,2,25,30,1,2,15,2,10,7,0,1,39,0,15,23,1,1,9,0,2,7,0,0,17,39,9,56,0
T1D8FCDC,33,1,4,30,0,0,12,1,1,12,0,0,21,0,3,18,0,0,6,0,3,3,0,0,13,21,6,34,0
9DPHMJWH,29,7,5,25,3,3,13,3,1,13,1,1,16,4,4,12,2,2,2,2,0,4,0,0,16,20,4,36,0
NXCDYU6N,57,12,13,27,27,1,39,11,8,21,21,0,18,1,5,6,6,1,0,0,0,0,0,0,50,19,0,69,0
TDSCBAJZ,58,5,12,46,5,0,16,5,4,14,3,0,42,0,8,32,2,0,4,0,0,3,1,0,21,42,4,63,0
1JTRCSGE,12,0,2,10,0,1,6,0,2,4,0,1,6,0,0,6,0,0,0,0,0,0,0,0,6,6,0,12,0
S8X62DKK,21,0,6,15,0,0,9,0,1,8,0,0,12,0,5,7,0,0,2,0,0,2,0,0,9,12,2,21,0
NJRSYASV,1,2,0,3,0,0,1,0,0,1,0,0,0,2,0,2,0,0,0,1,0,1,0,0,1,2,1,3,0
RCHKMSVG,2,1,1,1,1,0,2,0,0,1,1,0,0,1,1,0,0,0,0,0,0,0,0,0,2,1,0,3,0
HTNXBF77,11,0,2,5,1,4,9,0,1,4,1,4,2,0,1,1,0,0,0,0,0,0,0,0,9,2,0,11,0
TW6JNKEF,8,1,0,9,0,0,1,0,0,1,0,0,7,1,0,8,0,0,1,0,0,1,0,0,1,8,1,9,0
7YCIGQTU,21,2,6,17,0,0,8,2,2,8,0,0,13,0,4,9,0,0,1,0,1,0,0,0,10,13,1,23,0
PGWHFJBQ,18,4,1,16,5,0,12,3,1,9,5,0,6,1,0,7,0,0,0,0,0,0,0,0,15,7,0,22,0
GL8AC9QJ,16,1,2,15,0,0,8,0,0,8,0,0,8,1,2,7,0,0,3,0,0,3,0,0,8,9,3,17,0
SXU976TI,296,101,119,170,81,29,140,60,62,71,45,22,156,41,57,99,36,7,22,0,7,14,1,0,200,197,22,397,0
DPAJSDAQ,30,2,9,21,1,1,8,2,2,7,0,1,22,0,7,14,1,0,3,0,0,3,0,0,10,22,3,32,0
4J4X18LS,16,4,4,11,4,1,4,3,0,4,2,1,12,1,4,7,2,0,0,1,0,1,0,0,7,13,1,20,0
FGK9P3DO,5,0,1,4,0,0,1,0,0,1,0,0,4,0,1,3,0,0,1,0,0,1,0,0,1,4,1,5,0
VVPC1U5J,29,20,18,28,3,4,13,13,7,17,2,2,16,7,11,11,1,2,4,1,2,3,0,0,26,23,5,49,0
S9HJK4QX,28,0,3,25,0,0,5,0,2,3,0,0,23,0,1,22,0,0,1,0,1,0,0,0,5,23,1,28,0
Z4JOGEUD,90,25,8,54,43,10,24,7,4,10,14,3,66,18,4,44,29,7,21,1,2,11,7,2,31,84,22,115,0
RNNRHTH6,51,6,9,26,20,2,19,6,0,13,10,2,32,0,9,13,10,0,5,0,1,4,0,0,25,32,5,57,0
YJG77LRG,46,4,17,27,0,4,9,0,3,4,0,1,37,4,14,23,0,3,14,1,5,8,0,1,9,41,15,50,0
X2GLYM1N,75,6,18,52,11,5,24,6,9,15,6,5,51,0,9,37,5,0,6,0,0,6,0,0,30,51,6,81,0
JZ5FYRFM,91,5,22,50,24,0,58,0,19,31,8,0,33,5,3,19,16,0,8,3,3,5,3,0,58,38,11,96,0
FVLB5V78,90,11,14,70,17,0,42,3,5,32,8,0,48,8,9,38,9,0,11,0,2,9,0,0,45,56,11,101,0
U1EDLT4P,21,2,2,16,4,1,5,1,0,6,0,0,16,1,2,10,4,1,4,1,0,3,1,1,6,17,5,23,0
JJYGRE7A,25,1,1,25,0,0,5,0,0,5,0,0,20,1,1,20,0,0,4,0,0,4,0,0,5,21,4,26,0
KZNTC2QO,2,0,0,2,0,0,0,0,0,0,0,0,2,0,0,2,0,0,2,0,0,2,0,0,0,2,2,2,0
BHMFEPTE,61,5,16,43,1,6,25,5,7,19,0,6,36,0,9,24,1,0,3,0,0,3,0,0,30,36,3,66,0
RN4ETJKP,26,0,6,20,0,0,3,0,1,2,0,0,23,0,5,18,0,0,4,0,0,4,0,0,3,23,4,26,0
QCSU3U8B,37,5,19,22,0,2,12,0,6,5,0,1,25,5,13,17,0,1,4,0,3,1,0,0,12,30,4,42,0
XD1AYCXM,38,1,21,16,0,1,10,1,4,6,0,0,28,0,17,10,0,1,4,0,4,0,0,0,11,28,4,39,0
MU3SIFM7,49,5,9,35,9,1,29,1,4,17,8,1,20,4,5,18,1,0,4,0,1,3,0,0,30,24,4,54,0
MK167L6X,51,10,8,34,15,4,21,5,3,11,9,3,30,5,5,23,6,1,9,0,1,8,0,0,26,35,9,61,0
F2H1QMUT,2,0,0,2,0,0,2,0,0,2,0,0,0,0,0,0,0,0,0,0,0,0,0,0,2,0,0,2,0
SGMLQ5NC,4,0,0,4,0,0,0,0,0,0,0,0,4,0,0,4,0,0,0,0,0,0,0,0,0,4,0,4,0
3XWO5ND7,2,0,2,0,0,0,2,0,2,0,0,0,0,0,0,0,0,0,0,0,0,0,0,0,2,0,0,2,0
CHOCH71H,28,5,2,25,6,0,20,5,2,18,5,0,8,0,0,7,1,0,1,0,0,1,0,0,25,8,1,33,0
6HU7TJN4,2,0,1,1,0,0,1,0,0,1,0,0,1,0,1,0,0,0,0,0,0,0,0,0,1,1,0,2,0
P1PXGS54,7,2,4,5,0,0,4,2,4,2,0,0,3,0,0,3,0,0,0,0,0,0,0,0,6,3,0,9,0
KEHD1UHN,5,0,1,4,0,0,5,0,1,4,0,0,0,0,0,0,0,0,0,0,0,0,0,0,5,0,0,5,0
YPNYUCIP,2,0,0,2,0,0,1,0,0,1,0,0,1,0,0,1,0,0,0,0,0,0,0,0,1,1,0,2,0
JUW2B2VU,7,0,0,6,1,0,1,0,0,1,0,0,6,0,0,5,1,0,1,0,0,1,0,0,1,6,1,7,0
YJXTUCXL,47,6,0,48,5,0,31,5,0,31,5,0,16,1,0,17,0,0,2,1,0,3,0,0,36,17,3,53,0
VIYHVCWM,81,5,10,73,2,1,35,4,4,33,1,1,46,1,6,40,1,0,6,0,2,4,0,0,39,47,6,86,0
YBMUUAWD,63,5,4,58,6,1,25,3,3,22,3,1,38,2,1,36,3,0,9,0,0,9,0,0,28,40,9,68,0
HJQME8X4,8,0,2,6,0,0,2,0,0,2,0,0,6,0,2,4,0,0,0,0,0,0,0,0,2,6,0,8,0
SZEOZXW2,28,0,12,16,0,0,19,0,9,10,0,0,9,0,3,6,0,0,3,0,1,2,0,0,19,9,3,28,0
QXXWYKFR,13,0,4,9,0,0,6,0,2,4,0,0,7,0,2,5,0,0,1,0,0,1,0,0,6,7,1,13,0
8DT3DYQ5,9,4,2,6,5,0,0,1,0,1,0,0,9,3,2,5,5,0,0,0,0,0,0,0,1,12,0,13,0
FBCRIFLL,12,0,0,8,4,0,3,0,0,2,1,0,9,0,0,6,3,0,0,0,0,0,0,0,3,9,0,12,0
GDKE7OMN,8,0,1,7,0,0,4,0,1,3,0,0,4,0,0,4,0,0,0,0,0,0,0,0,4,4,0,8,0
UCCODC3O,23,1,7,15,1,1,14,1,6,9,0,0,9,0,1,6,1,1,1,0,0,1,0,0,15,9,1,24,0
KO4MWFTJ,21,21,6,30,6,0,16,13,3,23,3,0,5,8,3,7,3,0,2,0,2,0,0,0,29,13,2,42,0
CUCWFJ3L,60,9,9,52,8,1,20,5,5,15,5,1,40,4,4,37,3,0,2,0,0,2,0,0,25,44,2,69,0
WOAXPJZF,9,0,1,7,1,0,6,0,1,5,0,0,3,0,0,2,1,0,0,0,0,0,0,0,6,3,0,9,0
LGKZZ6QK,12,7,4,8,7,0,7,7,4,5,5,0,5,0,0,3,2,0,0,0,0,0,0,0,14,5,0,19,0
C154L7BI,79,1,24,52,4,1,19,0,4,12,3,0,60,1,20,40,1,1,11,0,3,7,1,0,19,61,11,80,0
CCR8NOYF,110,18,28,77,22,1,38,8,6,31,8,1,72,10,22,46,14,0,4,0,3,1,0,0,46,82,4,128,0
VDVHGW1V,54,24,17,61,0,1,54,19,16,57,0,1,0,5,1,4,0,0,0,0,0,0,0,0,73,5,0,78,0
ZGRT14WR,92,24,39,71,6,0,48,8,15,38,3,0,44,16,24,33,3,0,9,2,4,7,0,0,56,60,11,116,0
TQPODAZE,18,1,10,9,0,0,10,0,5,5,0,0,8,1,5,4,0,0,2,0,0,2,0,0,10,9,2,19,0
7ITLSLJF,2,1,0,3,0,0,2,1,0,3,0,0,0,0,0,0,0,0,0,0,0,0,0,0,3,0,0,3,0
5VOWJ5TK,145,19,25,91,42,7,62,18,13,46,19,2,83,1,12,45,23,5,0,0,0,0,0,0,80,84,0,164,0
KNTIDUIG,70,2,5,46,21,0,22,2,0,13,11,0,48,0,5,33,10,0,4,0,1,1,2,0,24,48,4,72,0
YOPHS2LZ,137,32,2,114,43,10,55,25,0,45,26,9,82,7,2,69,17,1,18,1,1,18,0,0,80,89,19,169,0
7J1H7EPM,57,2,19,39,0,3,10,0,3,6,0,2,47,2,16,33,0,1,0,0,0,0,0,0,10,49,0,59,0
X4MVBHHG,11,2,0,11,2,0,6,1,0,6,1,0,5,1,0,5,1,0,0,0,0,0,0,0,7,6,0,13,0
BGHRUBRU,46,0,12,26,4,3,12,0,1,10,0,1,34,0,11,16,4,2,8,0,2,5,0,1,12,34,8,46,0
CIVADHQG,5,3,2,6,0,0,0,2,0,2,0,0,5,1,2,4,0,0,2,0,0,2,0,0,2,6,2,8,0
YQWWXRHA,1,1,0,1,1,0,1,1,0,1,1,0,0,0,0,0,0,0,0,0,0,0,0,0,2,0,0,2,0
LSE8UFE7,0,3,1,2,0,0,0,3,1,2,0,0,0,0,0,0,0,0,0,0,0,0,0,0,3,0,0,3,0
RFHPMBDC,20,3,3,14,6,0,6,0,0,4,2,0,14,3,3,10,4,0,2,0,0,2,0,0,6,17,2,23,0
YS9MBDBP,27,0,9,14,4,0,8,0,1,4,3,0,19,0,8,10,1,0,6,0,2,3,1,0,8,19,6,27,0
8IPUVJQS,6,4,0,8,2,0,4,3,0,6,1,0,2,1,0,2,1,0,0,1,0,1,0,0,7,3,1,10,0
QHUWIRHH,59,14,8,63,0,3,24,11,6,27,0,3,35,3,2,36,0,0,7,0,0,7,0,0,35,38,7,73,0
7U3WGX3T,31,1,12,19,1,0,5,1,2,4,0,0,26,0,10,15,1,0,6,0,4,2,0,0,6,26,6,32,0
D5CORDNA,23,8,8,23,0,0,11,3,2,12,0,0,12,5,6,11,0,0,0,0,0,0,0,0,14,17,0,31,0
38WFEDR8,143,10,5,120,28,0,44,2,0,39,7,0,99,8,5,81,21,0,17,1,1,14,3,0,46,107,18,153,0
UEXELVHM,60,21,13,50,16,2,29,18,7,27,11,2,31,3,6,23,5,0,6,2,2,4,2,0,47,34,8,81,0
VJFRU3JM,2,0,0,2,0,0,1,0,0,1,0,0,1,0,0,1,0,0,0,0,0,0,0,0,1,1,0,2,0
FMXTUSVO,19,1,1,19,0,0,9,0,0,9,0,0,10,1,1,10,0,0,0,0,0,0,0,0,9,11,0,20,0
DIXCAR9T,20,0,1,18,1,0,6,0,0,6,0,0,14,0,1,12,1,0,8,0,1,7,0,0,6,14,8,20,0
XYMQXG4M,45,8,1,51,1,0,39,7,1,45,0,0,6,1,0,6,1,0,1,0,0,1,0,0,46,7,1,53,0
RDFOXMVP,62,3,19,40,6,2,10,1,2,7,2,1,52,2,17,33,4,1,13,0,3,9,1,0,11,54,13,65,0
BXLXR2SX,8,0,0,7,1,0,3,0,0,2,1,0,5,0,0,5,0,0,1,0,0,1,0,0,3,5,1,8,0
PXNMMQGF,11,4,4,4,7,0,10,4,4,4,6,0,1,0,0,0,1,0,0,0,0,0,0,0,14,1,0,15,0
FNCVXKHB,6,0,0,4,2,0,3,0,0,1,2,0,3,0,0,3,0,0,0,0,0,0,0,0,3,3,0,6,0
E4F8VEMP,45,2,14,32,1,0,18,1,5,14,0,0,27,1,9,18,1,0,5,0,3,2,0,0,19,28,5,47,0
IDROMWZY,26,0,4,14,1,6,7,0,0,6,0,1,19,0,4,8,1,5,5,0,0,1,0,4,7,19,5,26,0
AEC4TUYC,119,25,32,102,10,3,53,20,17,49,7,0,66,5,15,53,3,3,10,0,1,9,0,0,73,71,10,144,0
IGAF7W4W,12,4,3,9,4,0,5,2,2,5,0,0,7,2,1,4,4,0,3,0,0,2,1,0,7,9,3,16,0
WFCJLDZT,42,3,11,27,7,1,15,3,2,13,3,0,27,0,9,14,4,1,3,0,3,0,0,0,18,27,3,45,0
FJQGNFKV,16,0,4,12,0,0,5,0,2,3,0,0,11,0,2,9,0,0,2,0,1,1,0,0,5,11,2,16,0
MV9VEVLD,62,9,2,43,16,10,32,7,0,27,7,5,30,2,2,16,9,5,5,0,0,5,0,0,39,32,5,71,0
TLRASUUO,12,4,1,5,10,0,11,4,1,4,10,0,1,0,0,1,0,0,0,0,0,0,0,0,15,1,0,16,0
OKZRKTYD,26,2,2,24,2,0,8,0,1,6,1,0,18,2,1,18,1,0,4,0,0,4,0,0,8,20,4,28,0
XDLBNQKW,101,12,25,86,2,0,17,1,5,13,0,0,84,11,20,73,2,0,5,0,0,5,0,0,18,95,5,113,0
HSEGSVIJ,14,0,10,4,0,0,3,0,2,1,0,0,11,0,8,3,0,0,5,0,3,2,0,0,3,11,5,14,0
VNLIFFVN,43,3,8,37,1,0,12,1,2,11,0,0,31,2,6,26,1,0,4,0,2,2,0,0,13,33,4,46,0
US8EYYMN,4,1,1,4,0,0,3,0,1,2,0,0,1,1,0,2,0,0,0,0,0,0,0,0,3,2,0,5,0
MMEHOELY,11,0,1,10,0,0,9,0,1,8,0,0,2,0,0,2,0,0,0,0,0,0,0,0,9,2,0,11,0
IWEW5NQU,80,19,5,64,22,8,48,14,3,35,16,8,32,5,2,29,6,0,6,1,1,6,0,0,62,37,7,99,0
C9BSZNSE,64,6,14,53,3,0,21,4,0,22,3,0,43,2,14,31,0,0,10,0,5,5,0,0,25,45,10,70,0
1GRKCK64,11,2,0,3,10,0,3,2,0,2,3,0,8,0,0,1,7,0,1,0,0,1,0,0,5,8,1,13,0
KFCOTG2X,16,4,0,15,5,0,10,4,0,9,5,0,6,0,0,6,0,0,0,0,0,0,0,0,14,6,0,20,0
2HTKKMZK,21,5,2,16,8,0,5,5,1,4,5,0,16,0,1,12,3,0,2,0,0,2,0,0,10,16,2,26,0
CQFDNFRD,5,0,0,5,0,0,1,0,0,1,0,0,4,0,0,4,0,0,1,0,0,1,0,0,1,4,1,5,0
LLAV5JZV,10,1,1,8,2,1,9,1,1,7,2,1,1,0,0,1,0,0,0,0,0,0,0,0,10,1,0,11,0
1YZF7IJR,5,0,0,4,1,0,3,0,0,3,0,0,2,0,0,1,1,0,1,0,0,0,1,0,3,2,1,5,0
OQXPFRSN,104,11,8,76,27,4,31,7,5,23,10,0,73,4,3,53,17,4,11,0,0,10,1,0,38,77,11,115,0
13EA11YA,25,5,15,12,3,1,11,3,8,5,1,1,14,2,7,7,2,0,0,0,0,0,0,0,14,16,0,30,0
EYTAEJLE,32,9,6,35,0,0,5,3,3,5,0,0,27,6,3,30,0,0,0,0,0,0,0,0,8,33,0,41,0
YHFMHPE3,121,5,23,89,11,3,43,4,6,34,6,1,78,1,17,55,5,2,8,0,3,4,1,0,47,79,8,126,0
UFDK684M,28,1,11,18,0,0,7,1,3,5,0,0,21,0,8,13,0,0,2,0,1,1,0,0,8,21,2,29,0
ZD7XWLBD,99,18,21,59,25,12,30,6,11,20,5,0,69,12,10,39,20,12,36,7,7,14,13,9,36,81,43,117,0
CDW6IRDA,7,0,1,6,0,0,4,0,1,3,0,0,3,0,0,3,0,0,0,0,0,0,0,0,4,3,0,7,0
IU1R6VHY,3,0,1,2,0,0,0,0,0,0,0,0,3,0,1,2,0,0,0,0,0,0,0,0,0,3,0,3,0
QV962CBO,2,0,1,1,0,0,1,0,1,0,0,0,1,0,0,1,0,0,0,0,0,0,0,0,1,1,0,2,0
8OMKPN27,24,3,10,16,1,0,4,0,1,3,0,0,20,3,9,13,1,0,5,1,4,2,0,0,4,23,6,27,0
U2KDGXLQ,18,0,1,17,0,0,7,0,1,6,0,0,11,0,0,11,0,0,3,0,0,3,0,0,7,11,3,18,0
NJ8LAEU7,9,0,4,5,0,0,1,0,0,1,0,0,8,0,4,4,0,0,3,0,3,0,0,0,1,8,3,9,0
H4VU4TTA,16,0,6,10,0,1,8,0,4,4,0,1,8,0,2,6,0,0,3,0,1,2,0,0,8,8,3,16,0
HPNSBQD5,38,5,15,26,2,1,16,1,7,10,0,0,22,4,8,16,2,1,3,0,2,0,1,0,17,26,3,43,0
XPKPUBWU,50,12,2,28,19,13,44,11,1,22,19,13,6,1,1,6,0,0,0,0,0,0,0,0,55,7,0,62,0
VGBTIRAF,54,2,3,38,15,0,32,0,2,23,7,0,22,2,1,15,8,0,4,0,0,3,1,0,32,24,4,56,0
O38VAYCA,15,2,8,6,3,0,7,2,6,3,0,0,8,0,2,3,3,0,2,0,0,2,0,0,9,8,2,17,0
CXWSOEHL,94,11,9,79,17,3,31,6,6,30,1,2,63,5,3,49,16,1,13,0,1,8,4,0,37,68,13,105,0
7IEA26KH,16,1,1,12,3,1,10,1,1,6,3,1,6,0,0,6,0,0,1,0,0,1,0,0,11,6,1,17,0
CPZFXUFL,19,5,0,13,11,0,13,3,0,8,8,0,6,2,0,5,3,0,0,0,0,0,0,0,16,8,0,24,0
KNLBAYAD,28,0,6,22,0,0,5,0,1,4,0,0,23,0,5,18,0,0,10,0,2,8,0,0,5,23,10,28,0
R9WOJICE,18,7,3,16,6,0,11,7,2,11,5,0,7,0,1,5,1,0,0,0,0,0,0,0,18,7,0,25,0
CNLZ5PCP,47,8,14,37,4,0,24,6,9,17,4,0,23,2,5,20,0,0,5,0,2,3,0,0,30,25,5,55,0
CC1YRYEH,20,1,1,18,2,0,3,0,0,3,0,0,17,1,1,15,2,0,9,1,0,9,1,0,3,18,10,21,0
KORAF3WI,50,1,11,33,7,0,9,0,1,8,0,0,41,1,10,25,7,0,0,0,0,0,0,0,9,42,0,51,0
FPCW37WM,11,0,1,7,3,0,5,0,1,3,1,0,6,0,0,4,2,0,1,0,0,1,0,0,5,6,1,11,0
VXH6GXVM,7,0,1,4,2,0,3,0,0,1,2,0,4,0,1,3,0,0,0,0,0,0,0,0,3,4,0,7,0
OZYTPSJM,35,0,14,20,1,1,15,0,4,11,0,1,20,0,10,9,1,0,4,0,1,3,0,0,15,20,4,35,0
LSDUP8LL,59,5,2,55,7,0,11,3,0,14,0,0,48,2,2,41,7,0,5,0,2,3,0,0,14,50,5,64,0
SPWQN9AZ,10,1,7,4,0,1,1,0,0,1,0,0,9,1,7,3,0,1,1,0,0,1,0,0,1,10,1,11,0
FROB76SJ,21,0,13,8,0,0,11,0,3,8,0,0,10,0,10,0,0,0,0,0,0,0,0,0,11,10,0,21,0
6L9RDAPY,4,2,0,5,1,0,0,1,0,0,1,0,4,1,0,5,0,0,2,0,0,2,0,0,1,5,2,6,0
RKLEAAYZ,102,34,7,78,50,2,44,17,5,36,20,0,58,17,2,42,30,2,3,2,0,3,2,0,61,75,5,136,0
DEMLZXR2,22,1,10,13,0,0,5,0,2,3,0,0,17,1,8,10,0,0,3,1,3,1,0,0,5,18,4,23,0
3XKTOMLI,177,29,49,139,18,0,59,13,21,47,4,0,118,16,28,92,14,0,11,0,3,6,2,0,72,134,11,206,0
SZSTBUW6,93,0,24,68,1,0,25,0,5,20,0,0,68,0,19,48,1,0,9,0,2,7,0,0,25,68,9,93,0
TYSPLPYH,12,0,1,8,3,0,5,0,1,4,0,0,7,0,0,4,3,0,1,0,0,1,0,0,5,7,1,12,0
HYFV6ZRV,90,4,25,68,1,0,47,4,17,34,0,0,43,0,8,34,1,0,5,0,2,3,0,0,51,43,5,94,0
ICJEYZAD,2,0,0,2,0,0,0,0,0,0,0,0,2,0,0,2,0,0,2,0,0,2,0,0,0,2,2,2,0
EJGCNJOE,3,0,0,2,1,0,2,0,0,2,0,0,1,0,0,0,1,0,1,0,0,0,1,0,2,1,1,3,0
FGTE1C6O,29,5,4,27,3,0,11,1,3,6,3,0,18,4,1,21,0,0,2,0,0,2,0,0,12,22,2,34,0
QAAVG5RL,66,8,25,46,3,0,26,7,12,18,3,0,40,1,13,28,0,0,4,0,1,3,0,0,33,41,4,74,0
EGUN7CQY,5,2,2,5,0,0,1,2,0,3,0,0,4,0,2,2,0,0,3,0,2,1,0,0,3,4,3,7,0
TNYPT7DG,1,0,0,1,0,0,1,0,0,1,0,0,0,0,0,0,0,0,0,0,0,0,0,0,1,0,0,1,0
YWFIRICE,1,6,0,4,3,0,0,6,0,3,3,0,1,0,0,1,0,0,0,0,0,0,0,0,6,1,0,7,0
MOQMRKOX,21,3,3,17,4,0,11,3,2,9,3,0,10,0,1,8,1,0,3,0,1,2,0,0,14,10,3,24,0
Y2SWOILM,15,0,1,1,13,0,7,0,1,0,6,0,8,0,0,1,7,0,3,0,0,0,3,0,7,8,3,15,0
EZNY1UCW,20,13,4,21,8,0,17,10,4,17,6,0,3,3,0,4,2,0,0,0,0,0,0,0,27,6,0,33,0
SZF1PVBQ,10,1,3,7,1,0,4,1,1,3,1,0,6,0,2,4,0,0,0,0,0,0,0,0,5,6,0,11,0
PMYFNRCD,8,1,0,7,2,0,3,0,0,3,0,0,5,1,0,4,2,0,0,0,0,0,0,0,3,6,0,9,0
NKG8VYGK,1,6,4,3,0,2,0,1,1,0,0,0,1,5,3,3,0,2,0,1,0,1,0,0,1,6,1,7,0
L54EJP1L,53,6,14,44,1,0,25,4,9,19,1,0,28,2,5,25,0,0,4,0,0,4,0,0,29,30,4,59,0
U3SYXR8B,82,24,3,79,24,0,32,14,2,29,15,0,50,10,1,50,9,0,28,0,0,27,1,0,46,60,28,106,0
7KLNMJKY,48,4,9,31,10,2,13,2,3,11,1,0,35,2,6,20,9,2,9,1,1,5,3,1,15,37,10,52,0
ISRFOAON,10,0,2,6,2,0,4,0,1,1,2,0,6,0,1,5,0,0,2,0,0,2,0,0,4,6,2,10,0
6WA1S6LI,20,0,5,13,1,1,7,0,2,5,0,0,13,0,3,8,1,1,2,0,0,2,0,0,7,13,2,20,0
JWSIJB7F,30,3,4,22,6,1,17,3,1,13,5,1,13,0,3,9,1,0,2,0,1,1,0,0,20,13,2,33,0
MUH69PSD,3,1,2,2,0,0,2,0,2,0,0,0,1,1,0,2,0,0,1,1,0,2,0,0,2,2,2,4,0
XWHJFMQL,91,3,13,76,5,0,21,2,5,17,1,0,70,1,8,59,4,0,15,1,0,15,1,0,23,71,16,94,0
VTVUJMQE,35,8,2,24,17,0,26,7,1,23,9,0,9,1,1,1,8,0,0,0,0,0,0,0,33,10,0,43,0
VYB4WUEO,1,0,0,0,1,0,1,0,0,0,1,0,0,0,0,0,0,0,0,0,0,0,0,0,1,0,0,1,0
LCZBT5EZ,44,1,10,30,5,1,20,0,5,14,1,0,24,1,5,16,4,1,3,0,0,3,0,0,20,25,3,45,0
LRLSVZL6,6,2,0,8,0,0,2,1,0,3,0,0,4,1,0,5,0,0,0,0,0,0,0,0,3,5,0,8,0
GZVRLNFP,14,0,0,14,0,0,11,0,0,11,0,0,3,0,0,3,0,0,0,0,0,0,0,0,11,3,0,14,0
TCLVDEA6,10,3,2,8,3,0,6,1,1,5,1,0,4,2,1,3,2,0,1,0,1,0,0,0,7,6,1,13,0
UVDQOYTN,24,2,6,20,0,1,11,2,4,9,0,1,13,0,2,11,0,0,0,0,0,0,0,0,13,13,0,26,0
RS9MG6WY,7,0,0,7,0,0,2,0,0,2,0,0,5,0,0,5,0,0,2,0,0,2,0,0,2,5,2,7,0
A58GUGK2,37,4,18,23,0,0,8,4,4,8,0,0,29,0,14,15,0,0,7,0,4,3,0,0,12,29,7,41,0
JMR8BLG9,67,8,41,34,0,6,18,8,14,12,0,2,49,0,27,22,0,4,11,0,6,5,0,1,26,49,11,75,0
LLLGXEHM,74,17,32,55,4,1,17,8,10,14,1,0,57,9,22,41,3,1,10,1,4,6,1,0,25,66,11,91,0
SNMLK9RV,43,2,8,32,2,3,11,1,5,4,1,2,32,1,3,28,1,1,3,0,0,3,0,0,12,33,3,45,0
RPRBXTFO,3,0,0,3,0,0,0,0,0,0,0,0,3,0,0,3,0,0,0,0,0,0,0,0,0,3,0,3,0
EWROKOLV,2,0,0,1,1,0,1,0,0,0,1,0,1,0,0,1,0,0,0,0,0,0,0,0,1,1,0,2,0
ZY1GMVZD,13,12,4,19,2,0,9,8,3,13,1,0,4,4,1,6,1,0,0,0,0,0,0,0,17,8,0,25,0
UDTB1ED9,1,0,0,0,1,0,0,0,0,0,0,0,1,0,0,0,1,0,0,0,0,0,0,0,0,1,0,1,0
OUOC2C6G,12,1,0,13,0,0,0,0,0,0,0,0,12,1,0,13,0,0,3,0,0,3,0,0,0,13,3,13,0
LNMQHOK1,42,4,12,27,5,3,22,1,5,12,5,1,20,3,7,15,0,2,7,0,1,6,0,0,23,23,7,46,0
UJFEXWEX,11,8,8,11,0,0,6,4,7,3,0,0,5,4,1,8,0,0,1,0,0,1,0,0,10,9,1,19,0
PTMR4S1E,24,0,3,18,3,0,6,0,1,5,0,0,18,0,2,13,3,0,1,0,0,1,0,0,6,18,1,24,0
DPYYRFHZ,112,15,13,96,18,0,56,7,3,48,12,0,56,8,10,48,6,0,8,1,2,7,0,0,63,64,9,127,0
FUKXKAKQ,151,36,30,125,32,1,60,12,15,45,12,0,91,24,15,80,20,1,13,7,3,15,2,0,72,115,20,187,0
RGXBRKJF,4,1,2,3,0,0,4,0,1,3,0,0,0,1,1,0,0,0,0,0,0,0,0,0,4,1,0,5,0
WBGA6WKL,2,1,0,3,0,0,2,0,0,2,0,0,0,1,0,1,0,0,0,0,0,0,0,0,2,1,0,3,0
LUVNLWX2,73,48,29,65,26,3,59,28,26,40,20,1,14,20,3,25,6,2,1,0,0,1,0,0,87,34,1,121,0
NCJR1CHE,25,5,1,24,5,0,5,3,0,7,1,0,20,2,1,17,4,0,5,0,0,4,1,0,8,22,5,30,0
RGVBJGSD,50,11,11,47,3,0,26,8,4,27,3,0,24,3,7,20,0,0,3,0,1,2,0,0,34,27,3,61,0
BT3U3MAI,6,0,0,5,1,0,0,0,0,0,0,0,6,0,0,5,1,0,6,0,0,5,1,0,0,6,6,6,0
PK2YTQ2E,13,4,7,10,0,0,8,4,6,6,0,0,5,0,1,4,0,0,2,0,1,1,0,0,12,5,2,17,0
JMQCUDTG,11,1,3,4,1,4,4,1,0,0,1,4,7,0,3,4,0,0,0,0,0,0,0,0,5,7,0,12,0
OYIKTRIW,62,1,10,52,1,0,22,1,4,19,0,0,40,0,6,33,1,0,4,0,1,3,0,0,23,40,4,63,0
SNQYFUYL,4,0,0,2,0,2,0,0,0,0,0,0,4,0,0,2,0,2,0,0,0,0,0,0,0,4,0,4,0
KDMXKXPU,21,1,1,6,7,7,17,0,1,4,6,5,4,1,0,2,1,2,3,1,0,1,1,2,17,5,4,22,0
UYQCIBWG,3,0,3,0,0,0,0,0,0,0,0,0,3,0,3,0,0,0,0,0,0,0,0,0,0,3,0,3,0
WZDO91XE,76,4,21,48,10,1,40,4,13,22,8,1,36,0,8,26,2,0,2,0,0,2,0,0,44,36,2,80,0
5CSGVYD3,5,0,3,2,0,0,1,0,1,0,0,0,4,0,2,2,0,0,2,0,1,1,0,0,1,4,2,5,0
1VZBGUUT,7,0,0,7,0,0,3,0,0,3,0,0,4,0,0,4,0,0,0,0,0,0,0,0,3,4,0,7,0
UVDH9UPX,9,6,3,9,2,1,1,6,0,5,1,1,8,0,3,4,1,0,2,0,2,0,0,0,7,8,2,15,0
4MAUOGHD,132,55,32,108,45,2,66,38,24,59,19,2,66,17,8,49,26,0,1,1,0,2,0,0,104,83,2,187,0
W6W2D8M2,61,3,23,39,2,0,14,1,2,12,1,0,47,2,21,27,1,0,13,0,5,7,1,0,15,49,13,64,0
5FNFISYX,43,2,3,41,1,1,27,2,1,27,1,1,16,0,2,14,0,0,3,0,0,3,0,0,29,16,3,45,0
XNC6PPVA,55,2,22,31,4,0,29,1,11,18,1,0,26,1,11,13,3,0,9,0,4,5,0,0,30,27,9,57,0
5IPFILP5,5,2,2,4,1,0,2,2,2,2,0,0,3,0,0,2,1,0,0,0,0,0,0,0,4,3,0,7,0
PZZ7HMFH,30,10,0,29,11,0,27,10,0,26,11,0,3,0,0,3,0,0,1,0,0,1,0,0,37,3,1,40,0
IND72POS,4,1,1,3,1,0,3,1,1,2,1,0,1,0,0,1,0,0,0,0,0,0,0,0,4,1,0,5,0
SLRJULE2,7,7,0,12,2,0,5,7,0,12,0,0,2,0,0,0,2,0,0,0,0,0,0,0,12,2,0,14,0
Y2M28GYT,4,1,0,1,3,1,3,1,0,0,3,1,1,0,0,1,0,0,0,0,0,0,0,0,4,1,0,5,0
JH4KT3DS,4,2,1,4,1,0,2,0,0,2,0,0,2,2,1,2,1,0,0,0,0,0,0,0,2,4,0,6,0
KA5AM4IG,3,2,1,4,0,0,1,0,0,1,0,0,2,2,1,3,0,0,0,0,0,0,0,0,1,4,0,5,0
GHLN2KRE,8,0,3,2,3,0,6,0,2,1,3,0,2,0,1,1,0,0,1,0,0,1,0,0,6,2,1,8,0
AUVVKX3H,40,2,17,24,1,0,7,1,3,5,0,0,33,1,14,19,1,0,1,0,1,0,0,0,8,34,1,42,0
UJXMOM7B,32,2,12,21,1,0,11,1,5,6,1,0,21,1,7,15,0,0,3,1,0,4,0,0,12,22,4,34,0
HZT4YTIG,0,1,0,0,1,0,0,1,0,0,1,0,0,0,0,0,0,0,0,0,0,0,0,0,1,0,0,1,0
7ZZPLWDG,67,3,14,46,10,0,33,3,3,24,9,0,34,0,11,22,1,0,6,0,2,4,0,0,36,34,6,70,0
EEHMSPCN,12,0,7,5,0,0,2,0,1,1,0,0,10,0,6,4,0,0,1,0,1,0,0,0,2,10,1,12,0
9BK5XGVM,2,0,0,2,0,0,0,0,0,0,0,0,2,0,0,2,0,0,2,0,0,2,0,0,0,2,2,2,0
Z63DL7BJ,20,0,4,16,0,0,8,0,3,5,0,0,12,0,1,11,0,0,3,0,0,3,0,0,8,12,3,20,0
XIPCVSOB,4,1,0,5,0,0,0,1,0,1,0,0,4,0,0,4,0,0,2,0,0,2,0,0,1,4,2,5,0
IRAEJBFR,3,2,2,2,1,0,3,2,2,2,1,0,0,0,0,0,0,0,0,0,0,0,0,0,5,0,0,5,0
VELVPEAV,1,0,0,1,0,0,0,0,0,0,0,0,1,0,0,1,0,0,1,0,0,1,0,0,0,1,1,1,0
36NBXEAY,0,1,1,0,0,0,0,1,1,0,0,0,0,0,0,0,0,0,0,0,0,0,0,0,1,0,0,1,0
3LJCRZNT,0,3,2,1,0,0,0,3,2,1,0,0,0,0,0,0,0,0,0,0,0,0,0,0,3,0,0,3,0
ROM1ZSK1,80,29,8,91,10,0,12,7,2,14,3,0,68,22,6,77,7,0,13,5,0,18,0,0,19,90,18,109,0
NTXCOYHJ,4,0,0,3,1,0,2,0,0,2,0,0,2,0,0,1,1,0,0,0,0,0,0,0,2,2,0,4,0
I9FEIRFJ,5,1,1,5,0,0,3,0,1,2,0,0,2,1,0,3,0,0,0,0,0,0,0,0,3,3,0,6,0
IDJNSVCI,7,4,1,6,3,1,4,3,1,4,1,1,3,1,0,2,2,0,0,1,0,0,1,0,7,4,1,11,0
NDMPHFV3,5,0,0,5,0,0,0,0,0,0,0,0,5,0,0,5,0,0,3,0,0,3,0,0,0,5,3,5,0
M7OZWD1C,52,13,3,51,11,0,31,11,2,31,9,0,21,2,1,20,2,0,3,0,0,3,0,0,42,23,3,65,0
IOMFPWLW,4,0,4,0,0,0,3,0,3,0,0,0,1,0,1,0,0,0,0,0,0,0,0,0,3,1,0,4,0
X7E75AY6,6,0,0,6,0,0,1,0,0,1,0,0,5,0,0,5,0,0,1,0,0,1,0,0,1,5,1,6,0
KXR6DDPI,10,1,1,10,0,0,1,0,0,1,0,0,9,1,1,9,0,0,0,0,0,0,0,0,1,10,0,11,0
QYENKBPM,6,1,0,3,0,4,2,1,0,2,0,1,4,0,0,1,0,3,0,0,0,0,0,0,3,4,0,7,0
TZE6NURA,18,2,5,15,0,0,5,1,1,5,0,0,13,1,4,10,0,0,4,0,1,3,0,0,6,14,4,20,0
9BWRJAQK,24,2,10,16,0,3,9,2,3,8,0,1,15,0,7,8,0,2,1,0,0,1,0,0,11,15,1,26,0
ZILWL5GK,3,1,0,4,0,0,2,1,0,3,0,0,1,0,0,1,0,0,0,0,0,0,0,0,3,1,0,4,0
Z7K9LB85,59,2,6,52,3,0,21,2,1,21,1,0,38,0,5,31,2,0,3,0,0,3,0,0,23,38,3,61,0
JZ3PWNK1,15,0,6,7,1,1,0,0,0,0,0,0,15,0,6,7,1,1,4,0,1,2,0,1,0,15,4,15,0
ZQMMZIGQ,13,1,3,10,1,0,4,0,0,4,0,0,9,1,3,6,1,0,0,0,0,0,0,0,4,10,0,14,0
ZIPNWF1E,6,0,1,5,0,0,5,0,1,4,0,0,1,0,0,1,0,0,0,0,0,0,0,0,5,1,0,6,0
62UQPHPI,23,7,9,19,0,1,5,3,1,7,0,0,18,4,8,12,0,1,4,0,1,3,0,0,8,22,4,30,0
KGDBDJCA,5,0,0,5,0,0,2,0,0,2,0,0,3,0,0,3,0,0,0,0,0,0,0,0,2,3,0,5,0
2NBRXAVV,11,1,0,12,0,0,3,1,0,4,0,0,8,0,0,8,0,0,2,0,0,2,0,0,4,8,2,12,0
RW1XQO9O,57,9,12,49,3,2,29,8,5,30,2,0,28,1,7,19,1,2,1,0,0,1,0,0,37,29,1,66,0
XZ8MKFBO,58,2,16,44,0,1,14,2,4,12,0,0,44,0,12,32,0,1,9,0,1,8,0,1,16,44,9,60,0
3I7IZYAZ,14,2,5,11,0,0,2,2,1,3,0,0,12,0,4,8,0,0,4,0,2,2,0,0,4,12,4,16,0
TZBKJGPR,87,13,0,89,11,0,26,7,0,28,5,0,61,6,0,61,6,0,15,0,0,12,3,0,33,67,15,100,0
TAUEXEOP,11,0,1,9,1,0,2,0,0,2,0,0,9,0,1,7,1,0,3,0,0,2,1,0,2,9,3,11,0
JWQ3TJKT,2,0,0,2,0,0,0,0,0,0,0,0,2,0,0,2,0,0,2,0,0,2,0,0,0,2,2,2,0
VD1SIO1C,14,1,5,10,0,0,7,1,4,4,0,0,7,0,1,6,0,0,0,0,0,0,0,0,8,7,0,15,0
XDKHNPIT,5,0,0,5,0,0,1,0,0,1,0,0,4,0,0,4,0,0,0,0,0,0,0,0,1,4,0,5,0
FFYEQQGR,48,3,17,30,4,0,11,0,4,7,0,0,37,3,13,23,4,0,7,0,4,3,0,0,11,40,7,51,0
QJYX4GGY,45,12,4,40,10,3,20,6,3,20,3,0,25,6,1,20,7,3,4,3,0,2,2,3,26,31,7,57,0
C63D5NAG,28,0,5,23,0,1,10,0,4,6,0,0,18,0,1,17,0,1,2,0,0,2,0,0,10,18,2,28,0
AV7DPLLE,9,4,2,11,0,0,3,3,1,5,0,0,6,1,1,6,0,0,3,0,0,3,0,0,6,7,3,13,0
3NLLUO1H,43,8,24,27,0,0,32,8,18,22,0,0,11,0,6,5,0,0,0,0,0,0,0,0,40,11,0,51,0
UDCVFFIM,54,13,24,38,5,0,43,10,20,28,5,0,11,3,4,10,0,0,0,0,0,0,0,0,53,14,0,67,0
SH8FMEV6,13,1,5,8,1,0,6,1,3,3,1,0,7,0,2,5,0,0,2,0,1,1,0,0,7,7,2,14,0
BZJ8NHCV,35,5,18,21,1,0,12,0,6,6,0,0,23,5,12,15,1,0,0,0,0,0,0,0,12,28,0,40,0
EWRHPB1S,33,3,7,25,4,0,3,1,0,4,0,0,30,2,7,21,4,0,19,0,3,12,4,0,4,32,19,36,0
MTJEEGT2,194,25,52,153,14,3,52,11,19,39,5,1,142,14,33,114,9,2,27,0,10,17,0,1,63,156,27,219,0
X1GA5X7G,176,19,26,121,48,2,48,6,4,38,12,0,128,13,22,83,36,2,20,0,6,11,3,1,54,141,20,195,0
QSEX2QEZ,16,0,2,14,0,0,5,0,1,4,0,0,11,0,1,10,0,0,2,0,1,1,0,0,5,11,2,16,0
JRNDCZ6R,18,0,7,11,0,0,1,0,1,0,0,0,17,0,6,11,0,0,1,0,1,0,0,0,1,17,1,18,0
PN6L3PBS,49,0,21,27,1,2,18,0,12,5,1,2,31,0,9,22,0,0,7,0,4,3,0,0,18,31,7,49,0
Q3NEC2LQ,77,15,7,62,14,9,21,2,3,14,3,3,56,13,4,48,11,6,7,1,1,4,1,2,23,69,8,92,0
EWP9FGPS,12,3,3,12,0,0,1,1,0,2,0,0,11,2,3,10,0,0,0,0,0,0,0,0,2,13,0,15,0
RSN6H3NK,40,1,1,21,19,0,17,1,1,9,8,0,23,0,0,12,11,0,3,0,0,2,1,0,18,23,3,41,0
FSDORQ3C,73,53,16,76,32,2,56,32,13,54,19,2,17,21,3,22,13,0,2,1,0,2,1,0,88,38,3,126,0
KPU5FXRZ,24,7,4,10,15,2,19,7,4,9,11,2,5,0,0,1,4,0,0,0,0,0,0,0,26,5,0,31,0
NILWLCG2,2,2,0,3,1,0,1,2,0,2,1,0,1,0,0,1,0,0,0,0,0,0,0,0,3,1,0,4,0
TFYC2IOV,3,1,1,3,0,0,3,1,1,3,0,0,0,0,0,0,0,0,0,0,0,0,0,0,4,0,0,4,0
GVDIIXIQ,3,2,0,3,2,0,0,2,0,1,1,0,3,0,0,2,1,0,0,0,0,0,0,0,2,3,0,5,0
NMC69VTN,1,0,0,0,1,0,0,0,0,0,0,0,1,0,0,0,1,0,0,0,0,0,0,0,0,1,0,1,0
MCHGKXPI,6,9,2,9,4,0,6,9,2,9,4,0,0,0,0,0,0,0,0,0,0,0,0,0,15,0,0,15,0
UOCMZNV4,27,0,4,17,6,0,7,0,1,3,3,0,20,0,3,14,3,0,6,0,1,5,0,0,7,20,6,27,0
DJPLC1BB,13,2,0,8,7,0,4,0,0,3,1,0,9,2,0,5,6,0,0,0,0,0,0,0,4,11,0,15,0
D1OWI5HY,4,0,0,2,2,0,1,0,0,0,1,0,3,0,0,2,1,0,0,0,0,0,0,0,1,3,0,4,0
KXMJE3NM,14,13,0,15,12,0,11,11,0,11,11,0,3,2,0,4,1,0,2,0,0,2,0,0,22,5,2,27,0
VL154IIB,0,3,1,1,1,0,0,3,1,1,1,0,0,0,0,0,0,0,0,0,0,0,0,0,3,0,0,3,0
4OKI8PTG,29,0,6,23,0,0,10,0,4,6,0,0,19,0,2,17,0,0,4,0,0,4,0,0,10,19,4,29,0
DBQV1I9L,17,2,3,15,1,0,5,0,0,5,0,0,12,2,3,10,1,0,5,2,0,7,0,0,5,14,7,19,0
BKYLKVVL,115,25,23,84,19,17,48,11,5,34,9,12,67,14,18,50,10,5,25,5,10,11,7,3,59,81,30,140,0
CKYORZJF,1,0,0,0,1,0,0,0,0,0,0,0,1,0,0,0,1,0,0,0,0,0,0,0,0,1,0,1,0
GLVTZXKT,20,1,0,19,2,0,6,1,0,6,1,0,14,0,0,13,1,0,1,0,0,1,0,0,7,14,1,21,0
PRAAAEVM,25,1,1,22,3,0,9,1,1,8,1,0,16,0,0,14,2,0,1,0,0,0,1,0,10,16,1,26,0
MIC9UFS9,4,0,1,2,1,0,4,0,1,2,1,0,0,0,0,0,0,0,0,0,0,0,0,0,4,0,0,4,0
9U6GOXML,12,3,0,13,2,0,9,3,0,11,1,0,3,0,0,2,1,0,0,0,0,0,0,0,12,3,0,15,0
RFPUAGT6,4,2,2,4,0,0,1,1,1,1,0,0,3,1,1,3,0,0,1,0,1,0,0,0,2,4,1,6,0
BJNUSQEB,39,5,3,31,10,0,22,5,2,17,8,0,17,0,1,14,2,0,1,0,1,0,0,0,27,17,1,44,0
TYZFTBCW,15,0,5,10,0,0,7,0,3,4,0,0,8,0,2,6,0,0,0,0,0,0,0,0,7,8,0,15,0
4IO2KSLA,7,0,1,6,0,0,3,0,1,2,0,0,4,0,0,4,0,0,0,0,0,0,0,0,3,4,0,7,0
URZT9XLC,1,1,0,2,0,0,1,0,0,1,0,0,0,1,0,1,0,0,0,1,0,1,0,0,1,1,1,2,0
DTEFD46B,16,0,3,13,0,0,3,0,0,3,0,0,13,0,3,10,0,0,0,0,0,0,0,0,3,13,0,16,0
EE2WXU5Q,7,1,0,8,0,0,4,0,0,4,0,0,3,1,0,4,0,0,0,0,0,0,0,0,4,4,0,8,0
ZBNE7YWL,6,4,3,7,0,0,0,0,0,0,0,0,6,4,3,7,0,0,1,0,0,1,0,0,0,10,1,10,0
HLGBIECY,0,1,0,1,0,0,0,1,0,1,0,0,0,0,0,0,0,0,0,0,0,0,0,0,1,0,0,1,0
E2ERDLTE,59,1,17,42,1,0,19,0,6,13,0,0,40,1,11,29,1,0,3,0,1,2,0,0,19,41,3,60,0
K6O7CIK7,0,1,0,1,0,0,0,1,0,1,0,0,0,0,0,0,0,0,0,0,0,0,0,0,1,0,0,1,0
JZLDAGBJ,2,1,0,1,1,1,0,0,0,0,0,0,2,1,0,1,1,1,2,1,0,1,1,1,0,3,3,3,0
F1RDLQKU,82,53,19,74,42,0,57,29,16,44,26,0,25,24,3,30,16,0,0,1,0,1,0,0,86,49,1,135,0
W5CFGJQA,21,6,1,22,4,0,2,0,1,1,0,0,19,6,0,21,4,0,1,0,0,1,0,0,2,25,1,27,0
Q2XRUTCA,10,0,2,8,0,0,3,0,1,2,0,0,7,0,1,6,0,0,0,0,0,0,0,0,3,7,0,10,0
VBOPUNLA,3,0,0,3,0,0,1,0,0,1,0,0,2,0,0,2,0,0,0,0,0,0,0,0,1,2,0,3,0
1DZI6EO4,7,0,2,5,0,0,4,0,1,3,0,0,3,0,1,2,0,0,1,0,1,0,0,0,4,3,1,7,0
RCUBVIFA,14,2,7,8,1,0,14,2,7,8,1,0,0,0,0,0,0,0,0,0,0,0,0,0,16,0,0,16,0
EPEEOABS,22,2,5,17,0,2,3,0,0,3,0,0,19,2,5,14,0,2,0,0,0,0,0,0,3,21,0,24,0
QE4CMWIT,3,2,2,2,1,0,2,0,2,0,0,0,1,2,0,2,1,0,0,0,0,0,0,0,2,3,0,5,0
FHSBMQAG,121,11,20,94,18,1,48,10,11,43,4,0,73,1,9,51,14,1,8,0,3,5,0,1,58,74,8,132,0
P9CF2Q5Q,98,12,35,58,14,3,45,9,21,25,7,1,53,3,14,33,7,2,5,1,0,5,1,0,54,56,6,110,0
2LN1GZIN,113,81,23,69,87,15,77,48,19,41,50,15,36,33,4,28,37,0,1,2,0,2,1,0,125,69,3,194,0
URSYVI3P,22,2,5,17,2,0,11,0,2,8,1,0,11,2,3,9,1,0,2,1,0,3,0,0,11,13,3,24,0
VRGVJXZP,39,4,9,32,2,0,33,4,9,26,2,0,6,0,0,6,0,0,0,0,0,0,0,0,37,6,0,43,0
OLVDMCVP,6,0,0,6,0,0,4,0,0,4,0,0,2,0,0,2,0,0,0,0,0,0,0,0,4,2,0,6,0
IULIMGII,2,0,0,2,0,0,1,0,0,1,0,0,1,0,0,1,0,0,1,0,0,1,0,0,1,1,1,2,0
FG4VDYBC,12,2,3,11,0,0,5,1,2,4,0,0,7,1,1,7,0,0,1,0,0,1,0,0,6,8,1,14,0
CCJZ6MXE,0,1,0,1,0,0,0,0,0,0,0,0,0,1,0,1,0,0,0,1,0,1,0,0,0,1,1,1,0
EKTMDE18,1,1,0,0,2,0,0,0,0,0,0,0,1,1,0,0,2,0,1,1,0,0,2,0,0,2,2,2,0
GUFTUKA3,5,1,1,5,0,0,0,0,0,0,0,0,5,1,1,5,0,0,0,0,0,0,0,0,0,6,0,6,0
6MIGLOO9,3,1,2,2,0,0,0,1,1,0,0,0,3,0,1,2,0,0,2,0,1,1,0,0,1,3,2,4,0
AXZPK9LH,5,1,4,2,0,0,2,0,2,0,0,0,3,1,2,2,0,0,1,0,1,0,0,0,2,4,1,6,0
UMLULSYB,15,3,2,7,9,0,8,1,2,4,3,0,7,2,0,3,6,0,1,0,0,0,1,0,9,9,1,18,0
4GGHRENB,88,9,13,78,5,1,24,3,3,21,2,1,64,6,10,57,3,0,4,0,1,3,0,0,27,70,4,97,0
SQIJGTQX,13,1,3,10,1,0,8,0,2,6,0,0,5,1,1,4,1,0,1,1,0,2,0,0,8,6,2,14,0
JXLJXC23,42,6,15,32,1,0,24,5,9,20,0,0,18,1,6,12,1,0,3,0,2,1,0,0,29,19,3,48,0
SSZSPAAI,24,2,7,15,4,0,7,0,2,4,1,0,17,2,5,11,3,0,1,0,1,0,0,0,7,19,1,26,0
R8ETMKC3,26,23,16,33,0,1,17,6,8,15,0,0,9,17,8,18,0,1,9,3,2,10,0,0,23,26,12,49,0
HSXJ6IB6,36,7,13,28,2,0,35,7,13,27,2,0,1,0,0,1,0,0,0,0,0,0,0,0,42,1,0,43,0
WVM2EB79,13,3,0,8,7,1,4,0,0,2,1,1,9,3,0,6,6,0,2,0,0,2,0,0,4,12,2,16,0
KEPFOBNY,11,0,0,11,0,0,1,0,0,1,0,0,10,0,0,10,0,0,3,0,0,3,0,0,1,10,3,11,0
XG7SJDFL,17,0,6,11,0,0,6,0,0,6,0,0,11,0,6,5,0,0,0,0,0,0,0,0,6,11,0,17,0
FJJRW8NX,6,0,4,2,0,0,6,0,4,2,0,0,0,0,0,0,0,0,0,0,0,0,0,0,6,0,0,6,0
Q2AVSX89,3,6,2,7,0,0,1,4,2,3,0,0,2,2,0,4,0,0,0,1,0,1,0,0,5,4,1,9,0
KDYKW73U,11,1,1,10,1,0,5,0,1,4,0,0,6,1,0,6,1,0,4,1,0,4,1,0,5,7,5,12,0
IRCE4RTQ,25,1,6,19,1,0,8,0,3,4,1,0,17,1,3,15,0,0,4,1,0,5,0,0,8,18,5,26,0
7VUVYKQE,0,2,1,1,0,0,0,2,1,1,0,0,0,0,0,0,0,0,0,0,0,0,0,0,2,0,0,2,0
7WFJAYX1,12,4,0,4,3,9,0,0,0,0,0,0,12,4,0,4,3,9,1,0,0,1,0,0,0,16,1,16,0
KXKZVWKW,41,2,22,20,1,1,20,2,14,8,0,1,21,0,8,12,1,0,3,0,2,1,0,0,22,21,3,43,0
LOGMBLEL,62,5,21,43,1,3,17,3,10,10,0,2,45,2,11,33,1,1,3,1,1,3,0,0,20,47,4,67,0
LDPQDFCS,52,10,6,42,13,1,26,10,3,25,8,0,26,0,3,17,5,1,1,0,0,0,1,0,36,26,1,62,0
4HYSCXZ2,6,0,0,6,0,0,1,0,0,1,0,0,5,0,0,5,0,0,2,0,0,2,0,0,1,5,2,6,0
LTIZJWJ8,62,21,9,59,15,0,35,20,5,36,14,0,27,1,4,23,1,0,8,0,2,5,1,0,55,28,8,83,0
ATT8ZQZZ,172,27,24,131,44,0,87,19,7,65,34,0,85,8,17,66,10,0,12,0,4,8,0,0,106,93,12,199,0
LZD77WUM,12,0,4,7,0,1,2,0,0,2,0,0,10,0,4,5,0,1,1,0,0,1,0,0,2,10,1,12,0
K3WHPIEQ,25,2,10,17,0,0,5,2,3,4,0,0,20,0,7,13,0,0,1,0,0,1,0,0,7,20,1,27,0
RUY6NQN5,77,19,9,82,5,0,44,14,6,51,1,0,33,5,3,31,4,0,3,0,0,3,0,0,58,38,3,96,0
H7IB1CHI,15,3,3,12,3,0,5,0,1,3,1,0,10,3,2,9,2,0,2,0,2,0,0,0,5,13,2,18,0
HXIFABLH,18,1,0,18,1,0,4,0,0,4,0,0,14,1,0,14,1,0,1,0,0,1,0,0,4,15,1,19,0
V1YLFGP9,1,0,0,1,0,0,0,0,0,0,0,0,1,0,0,1,0,0,0,0,0,0,0,0,0,1,0,1,0
PPZS86SJ,18,2,0,13,7,0,13,1,0,10,4,0,5,1,0,3,3,0,0,0,0,0,0,0,14,6,0,20,0
CDJYV6G1,36,5,8,28,5,1,15,4,5,12,2,1,21,1,3,16,3,0,2,0,0,1,1,0,19,22,2,41,0
AQWWSJXA,77,7,14,60,10,0,17,0,3,12,2,0,60,7,11,48,8,0,4,2,1,5,0,0,17,67,6,84,0
SDYPZU2N,52,16,2,45,19,2,27,13,1,31,7,1,25,3,1,14,12,1,1,0,0,1,0,0,40,28,1,68,0
TYWNHSTA,60,6,7,46,13,0,10,1,3,8,0,0,50,5,4,38,13,0,7,1,1,6,1,0,11,55,8,66,0
6ZUPOMNW,23,6,5,20,3,1,7,3,1,8,0,1,16,3,4,12,3,0,7,0,3,3,1,0,10,19,7,29,0
XB6IYMW7,6,0,1,5,0,0,4,0,1,3,0,0,2,0,0,2,0,0,0,0,0,0,0,0,4,2,0,6,0
T1ZFCB3Z,4,0,0,3,1,0,3,0,0,2,1,0,1,0,0,1,0,0,0,0,0,0,0,0,3,1,0,4,0
LNMKGA9S,8,0,2,6,0,0,2,0,0,2,0,0,6,0,2,4,0,0,1,0,0,1,0,0,2,6,1,8,0
GKATL2B7,11,4,4,10,1,0,7,0,1,5,1,0,4,4,3,5,0,0,0,0,0,0,0,0,7,8,0,15,0
P2UJ7YIV,59,6,12,47,6,0,46,6,9,39,4,0,13,0,3,8,2,0,4,0,0,2,2,0,52,13,4,65,0
WMZNMBBL,44,7,11,35,1,4,20,1,2,14,1,4,24,6,9,21,0,0,1,2,1,2,0,0,21,30,3,51,0
P6WYLMYM,11,2,2,5,5,1,7,0,2,2,3,0,4,2,0,3,2,1,0,0,0,0,0,0,7,6,0,13,0
5IX1HBSY,13,0,4,9,0,1,5,0,2,3,0,0,8,0,2,6,0,1,5,0,2,3,0,1,5,8,5,13,0
GLEADYLS,30,19,2,23,24,0,5,6,0,5,6,0,25,13,2,18,18,0,20,8,2,15,11,0,11,38,28,49,0
MIWNUSXG,5,0,0,1,4,0,5,0,0,1,4,0,0,0,0,0,0,0,0,0,0,0,0,0,5,0,0,5,0
FF2MWGL9,2,2,0,3,1,0,1,2,0,2,1,0,1,0,0,1,0,0,0,0,0,0,0,0,3,1,0,4,0
S3RGQQGC,14,1,3,11,1,0,12,1,3,9,1,0,2,0,0,2,0,0,0,0,0,0,0,0,13,2,0,15,0
CZS3NXXP,5,3,4,1,3,0,1,0,1,0,0,0,4,3,3,1,3,0,0,0,0,0,0,0,1,7,0,8,0
GS8BU9OV,104,4,17,81,10,0,22,4,4,20,2,0,82,0,13,61,8,0,0,0,0,0,0,0,26,82,0,108,0
7BLZRU3F,27,9,7,21,8,0,17,2,7,8,4,0,10,7,0,13,4,0,0,0,0,0,0,0,19,17,0,36,0
FEXQHPE9,93,13,3,80,21,2,39,7,1,34,11,0,54,6,2,46,10,2,7,0,1,5,1,0,46,60,7,106,0
NLKBAJZY,3,0,1,2,0,0,3,0,1,2,0,0,0,0,0,0,0,0,0,0,0,0,0,0,3,0,0,3,0
VYMKNZTT,92,15,14,86,7,1,47,9,6,46,4,0,45,6,8,40,3,1,4,0,1,2,1,0,56,51,4,107,0
6JNLNN4G,9,11,2,11,7,0,6,7,2,6,5,0,3,4,0,5,2,0,0,0,0,0,0,0,13,7,0,20,0
T2PVNBMN,34,4,9,23,6,0,14,4,0,12,6,0,20,0,9,11,0,0,3,0,1,2,0,0,18,20,3,38,0
RHVNND6A,9,0,2,6,0,3,2,0,0,1,0,1,7,0,2,5,0,2,2,0,0,2,0,0,2,7,2,9,0
UEL4CSIY,17,0,2,14,0,0,11,0,0,11,0,0,6,0,2,3,0,0,2,0,0,1,0,0,11,6,2,17,0
62E19YIA,3,1,0,2,2,0,2,1,0,2,1,0,1,0,0,0,1,0,0,0,0,0,0,0,3,1,0,4,0
XSNRMXI7,34,1,7,28,0,1,16,0,4,12,0,0,18,1,3,16,0,1,2,0,1,1,0,1,16,19,2,35,0
UBOCTLYH,56,2,15,42,1,0,31,2,11,21,1,0,25,0,4,21,0,0,1,0,0,1,0,0,33,25,1,58,0
UWRIY5O9,21,0,5,15,0,0,5,0,2,2,0,0,16,0,3,13,0,0,3,0,1,2,0,0,5,16,3,21,0
GBEQKI1L,32,7,1,11,11,16,10,5,0,5,5,5,22,2,1,6,6,11,1,0,0,0,1,0,15,24,1,39,0
FZPPYXIH,2,2,1,3,0,0,1,1,0,2,0,0,1,1,1,1,0,0,0,0,0,0,0,0,2,2,0,4,0
UAQW3XIO,41,6,16,29,2,0,19,4,9,13,1,0,22,2,7,16,1,0,18,2,5,15,0,0,23,24,20,47,0
BJCOIMAN,0,1,0,1,0,0,0,1,0,1,0,0,0,0,0,0,0,0,0,0,0,0,0,0,1,0,0,1,0
AHWD3GKE,1,0,1,0,0,0,0,0,0,0,0,0,1,0,1,0,0,0,1,0,1,0,0,0,0,1,1,1,0
IKKAE3XR,3,3,1,1,4,0,3,3,1,1,4,0,0,0,0,0,0,0,0,0,0,0,0,0,6,0,0,6,0
PNYUHTXJ,4,2,0,6,0,0,3,2,0,5,0,0,1,0,0,1,0,0,1,0,0,1,0,0,5,1,1,6,0
SK8HVRNH,3,0,2,0,1,0,2,0,2,0,0,0,1,0,0,0,1,0,0,0,0,0,0,0,2,1,0,3,0
UNDZ3SHT,9,0,0,7,2,0,3,0,0,3,0,0,6,0,0,4,2,0,1,0,0,0,1,0,3,6,1,9,0
T89YFFAQ,108,18,12,101,7,6,48,9,8,41,5,3,60,9,4,60,2,3,13,0,1,9,1,2,57,69,13,126,0
2PKLI9KZ,72,18,15,64,11,1,42,10,12,33,7,0,30,8,3,31,4,1,8,3,2,8,1,0,52,38,11,90,0
5DREBLQR,15,34,12,26,8,3,9,8,2,9,3,3,6,26,10,17,5,0,3,9,2,8,2,0,17,32,12,49,0
OFQTCO1E,29,9,4,26,8,0,18,7,4,21,0,0,11,2,0,5,8,0,4,0,0,1,3,0,25,13,4,38,0
YXXSVIUV,15,4,1,8,3,7,0,4,0,2,2,0,15,0,1,6,1,7,0,0,0,0,0,0,4,15,0,19,0
WPOWIOG2,54,3,15,36,6,0,12,2,5,8,1,0,42,1,10,28,5,0,8,0,1,6,1,0,14,43,8,57,0
EJI7JWHG,12,1,1,11,1,0,3,1,1,3,0,0,9,0,0,8,1,0,2,0,0,2,0,0,4,9,2,13,0
JJNYC8SH,1,2,0,3,0,0,0,0,0,0,0,0,1,2,0,3,0,0,1,2,0,3,0,0,0,3,3,3,0
SCSJ4SAM,2,0,0,2,0,0,0,0,0,0,0,0,2,0,0,2,0,0,2,0,0,2,0,0,0,2,2,2,0
KMYCHLH9,14,3,2,14,1,0,4,3,1,5,1,0,10,0,1,9,0,0,1,0,0,1,0,0,7,10,1,17,0
KSCL3AMB,4,0,0,4,0,0,0,0,0,0,0,0,4,0,0,4,0,0,1,0,0,1,0,0,0,4,1,4,1
6BLETJDK,101,10,29,79,3,2,30,3,10,22,1,1,71,7,19,57,2,1,7,1,0,7,1,0,33,78,8,111,0
FYJW9XIQ,5,0,1,4,0,0,2,0,0,2,0,0,3,0,1,2,0,0,0,0,0,0,0,0,2,3,0,5,0
MJBXYIJR,10,1,1,10,0,0,4,0,1,3,0,0,6,1,0,7,0,0,0,0,0,0,0,0,4,7,0,11,0
FXPZSX4L,365,92,59,315,83,4,163,53,24,147,45,1,202,39,35,168,38,3,52,10,1,47,14,0,216,241,62,457,0
DCELBW2V,77,8,8,58,18,1,38,7,2,27,15,1,39,1,6,31,3,0,7,0,0,7,0,0,45,40,7,85,0
SP2KFCMA,121,17,23,99,15,1,24,1,4,12,8,1,97,16,19,87,7,0,23,2,5,20,0,0,25,113,25,138,0
JVIDWGGO,19,0,4,14,1,0,11,0,3,8,0,0,8,0,1,6,1,0,0,0,0,0,0,0,11,8,0,19,0
ZYUUMOQR,12,7,7,12,0,0,4,2,1,5,0,0,8,5,6,7,0,0,2,1,2,1,0,0,6,13,3,19,0
6WJFCQBB,13,2,1,12,2,0,6,1,1,5,1,0,7,1,0,7,1,0,4,0,0,4,0,0,7,8,4,15,0
U7JYB8CG,28,3,5,26,0,0,10,3,4,9,0,0,18,0,1,17,0,0,4,0,1,3,0,0,13,18,4,31,0
TXFC3ONP,12,6,0,16,2,0,1,0,0,1,0,0,11,6,0,15,2,0,4,0,0,4,0,0,1,17,4,18,0
BQDAGXIO,1,0,0,1,0,0,0,0,0,0,0,0,1,0,0,1,0,0,0,0,0,0,0,0,0,1,0,1,0
I1PUPIX1,207,18,36,141,41,7,103,11,28,61,22,4,104,7,8,80,19,3,15,0,1,11,2,0,114,111,15,225,0
S3QFGFEF,34,0,15,19,0,3,9,0,4,5,0,1,25,0,11,14,0,2,2,0,1,1,0,0,9,25,2,34,0
P3Q1TM1D,11,4,2,13,0,0,0,0,0,0,0,0,11,4,2,13,0,0,11,4,2,13,0,0,0,15,15,15,0
JFEI8JJT,1,1,0,1,1,0,0,0,0,0,0,0,1,1,0,1,1,0,0,0,0,0,0,0,0,2,0,2,0
D6FGXN3H,18,2,2,18,0,0,5,1,0,6,0,0,13,1,2,12,0,0,3,0,1,2,0,0,6,14,3,20,0
VIBPPDCI,94,31,28,70,19,9,39,19,15,24,13,7,55,12,13,46,6,2,2,0,0,2,0,0,58,67,2,125,0
GRIB4HOG,190,22,21,144,43,5,77,9,16,51,18,2,113,13,5,93,25,3,22,0,1,18,3,0,86,126,22,212,0
QWIXGHAP,102,1,9,93,1,0,29,1,3,26,1,0,73,0,6,67,0,0,10,0,2,8,0,0,30,73,10,103,0
BQQLH4O3,71,7,17,56,5,1,12,2,0,13,1,0,59,5,17,43,4,1,13,2,4,11,0,0,14,64,15,78,0
DYEYPQ5Y,34,0,12,21,1,0,8,0,3,5,0,0,26,0,9,16,1,0,6,0,1,5,0,0,8,26,6,34,0
D1CPH4DY,90,25,15,91,9,1,33,9,7,32,3,1,57,16,8,59,6,0,9,0,1,8,0,0,42,73,9,115,0
N2GT6NBN,5,0,0,5,0,0,1,0,0,1,0,0,4,0,0,4,0,0,2,0,0,2,0,0,1,4,2,5,0
9IVI41CN,34,2,5,30,1,0,15,1,3,13,0,0,19,1,2,17,1,0,5,0,0,5,0,0,16,20,5,36,0
T5R1FHY3,2,0,0,2,0,0,2,0,0,2,0,0,0,0,0,0,0,0,0,0,0,0,0,0,2,0,0,2,0
HGLSEYBG,104,15,20,86,13,0,24,2,2,16,8,0,80,13,18,70,5,0,22,2,8,16,0,0,26,93,24,119,0
USEE5DAX,9,14,1,15,7,0,9,14,1,15,7,0,0,0,0,0,0,0,0,0,0,0,0,0,23,0,0,23,0
XY1SGD8U,14,6,1,15,2,2,2,0,0,2,0,0,12,6,1,13,2,2,4,1,0,3,2,0,2,18,5,20,0
AAMGBVIX,63,6,6,56,7,0,20,4,3,19,2,0,43,2,3,37,5,0,2,0,1,1,0,0,24,45,2,69,0
NFK6LNIE,12,2,4,10,0,0,1,1,0,2,0,0,11,1,4,8,0,0,2,0,1,1,0,0,2,12,2,14,0
OYHCZDNW,12,0,2,10,0,0,5,0,1,4,0,0,7,0,1,6,0,0,2,0,0,2,0,0,5,7,2,12,0
ASCGIMH7,7,6,3,10,0,0,3,0,1,2,0,0,4,6,2,8,0,0,0,0,0,0,0,0,3,10,0,13,0
SOQ4ACZW,13,2,1,12,2,0,2,2,0,3,1,0,11,0,1,9,1,0,2,0,0,2,0,0,4,11,2,15,0
ZBRJAOBT,18,4,4,18,0,0,11,3,3,11,0,0,7,1,1,7,0,0,0,0,0,0,0,0,14,8,0,22,0
KJU9YQQB,3,0,0,0,3,0,0,0,0,0,0,0,3,0,0,0,3,0,2,0,0,0,2,0,0,3,2,3,0
OTCDR2VY,32,0,13,15,2,5,16,0,8,5,1,3,16,0,5,10,1,2,8,0,2,6,0,0,16,16,8,32,0
E5VJCMIC,289,89,147,165,54,20,111,41,61,61,22,10,178,48,86,104,32,10,25,3,11,16,1,0,152,226,28,378,0
L95KAKIY,14,2,3,10,3,0,9,0,2,4,3,0,5,2,1,6,0,0,1,0,0,1,0,0,9,7,1,16,0
ADOYPLT2,0,3,1,2,0,0,0,1,1,0,0,0,0,2,0,2,0,0,0,0,0,0,0,0,1,2,0,3,0
8SJQQL1W,23,1,2,22,0,0,9,1,0,10,0,0,14,0,2,12,0,0,2,0,0,2,0,0,10,14,2,24,0
1D2LD1AV,14,0,2,10,2,0,5,0,2,3,0,0,9,0,0,7,2,0,0,0,0,0,0,0,5,9,0,14,0
GEFQVEH1,59,4,18,43,2,0,11,0,2,9,0,0,48,4,16,34,2,0,11,0,5,4,2,0,11,52,11,63,0
XZVRJW4J,3,0,0,3,0,0,3,0,0,3,0,0,0,0,0,0,0,0,0,0,0,0,0,0,3,0,0,3,0
EOFVHNLL,153,13,50,99,17,0,58,8,19,43,4,0,95,5,31,56,13,0,5,0,1,4,0,0,66,100,5,166,0
9LO1MGOV,1,0,0,1,0,0,0,0,0,0,0,0,1,0,0,1,0,0,1,0,0,1,0,0,0,1,1,1,0
I1UDCM2T,24,2,5,17,4,0,6,1,1,5,1,0,18,1,4,12,3,0,4,0,1,2,1,0,7,19,4,26,0
ZG2OL3GD,14,3,0,6,11,0,6,0,0,2,4,0,8,3,0,4,7,0,3,0,0,0,3,0,6,11,3,17,0
MBO8FPMY,13,0,1,12,0,0,5,0,0,5,0,0,8,0,1,7,0,0,2,0,1,1,0,0,5,8,2,13,0
YUXDPQTV,56,13,16,26,13,13,20,8,4,15,5,4,36,5,12,11,8,9,6,0,3,2,0,0,28,41,6,69,0
U8RSZESL,24,0,7,17,0,0,5,0,1,4,0,0,19,0,6,13,0,0,0,0,0,0,0,0,5,19,0,24,0
2LSPPTPT,47,41,0,50,27,11,33,28,0,32,18,11,14,13,0,18,9,0,1,0,0,1,0,0,61,27,1,88,0
WCALREOD,5,0,1,4,0,0,3,0,1,2,0,0,2,0,0,2,0,0,2,0,0,2,0,0,3,2,2,5,0
RXVPDIUT,10,0,3,7,0,0,5,0,3,2,0,0,5,0,0,5,0,0,0,0,0,0,0,0,5,5,0,10,0
2IJLCZ6V,17,2,4,15,0,0,10,2,2,10,0,0,7,0,2,5,0,0,6,0,2,4,0,0,12,7,6,19,0
PBNWCPOW,30,8,2,12,4,20,19,8,0,5,4,18,11,0,2,7,0,2,5,0,1,2,0,2,27,11,5,38,0
HPY6PDVL,25,2,4,19,4,0,4,1,0,4,1,0,21,1,4,15,3,0,6,0,1,5,0,0,5,22,6,27,0
15NFKSXM,2,0,0,2,0,0,0,0,0,0,0,0,2,0,0,2,0,0,2,0,0,2,0,0,0,2,2,2,0
24L8DCSI,2,0,0,1,1,0,1,0,0,1,0,0,1,0,0,0,1,0,0,0,0,0,0,0,1,1,0,2,0
LFOBCNBT,24,1,2,22,0,1,3,0,0,2,0,1,21,1,2,20,0,0,2,0,1,1,0,0,3,22,2,25,0
4JA6QDHY,42,1,23,18,2,0,11,1,2,10,0,0,31,0,21,8,2,0,6,0,3,3,0,0,12,31,6,43,0
CGLRVAKD,177,12,55,117,17,0,68,9,20,48,9,0,109,3,35,69,8,0,7,0,2,5,0,0,77,112,7,189,0
OZZ3HAFM,57,8,25,37,3,1,42,8,24,24,2,1,15,0,1,13,1,0,6,0,1,4,1,0,50,15,6,65,0
RV4PPPKB,22,3,0,15,7,3,13,2,0,10,5,0,9,1,0,5,2,3,0,0,0,0,0,0,15,10,0,25,0
AEZAFARA,98,34,9,88,35,0,41,20,5,38,18,0,57,14,4,50,17,0,6,0,0,5,1,0,61,71,6,132,0
XV6G6CM1,12,3,9,4,1,2,6,1,5,2,0,0,6,2,4,2,1,2,0,0,0,0,0,0,7,8,0,15,0
5BYIPFTM,55,18,5,55,8,5,34,14,4,36,6,2,21,4,1,19,2,3,1,0,0,1,0,0,48,25,1,73,0
VNUPNE7V,68,11,12,60,6,2,41,8,7,37,5,1,27,3,5,23,1,1,5,0,1,4,0,0,49,30,5,79,0
MGEXWXK1,26,10,7,19,10,0,7,4,1,8,2,0,19,6,6,11,8,0,0,0,0,0,0,0,11,25,0,36,0
FUIZKNMP,47,0,11,35,1,0,20,0,1,18,1,0,27,0,10,17,0,0,5,0,2,3,0,0,20,27,5,47,0
QBJKI9LV,92,9,7,70,20,4,42,8,4,29,13,4,50,1,3,41,7,0,4,0,1,3,0,0,50,51,4,101,0
LDSUDGWE,40,0,15,21,2,2,14,0,1,10,2,0,26,0,14,11,0,2,6,0,3,3,0,0,14,26,6,40,0
VKSFEICF,14,1,3,11,1,0,2,1,0,3,0,0,12,0,3,8,1,0,5,0,2,3,0,0,3,12,5,15,0
IKGA5YV5,41,3,8,33,3,0,8,3,2,6,3,0,33,0,6,27,0,0,10,0,3,7,0,0,11,33,10,44,0
QGD35BG7,6,4,4,6,0,0,2,1,2,1,0,0,4,3,2,5,0,0,1,0,0,1,0,0,3,7,1,10,0
QOTIPYCG,3,0,1,2,0,0,2,0,0,2,0,0,1,0,1,0,0,0,1,0,1,0,0,0,2,1,1,3,0
ZCY1H1QE,124,22,5,75,44,22,56,11,1,33,19,14,68,11,4,42,25,8,8,0,0,7,1,0,67,79,8,146,0
SLUERI64,20,8,9,17,2,0,5,6,3,8,0,0,15,2,6,9,2,0,0,0,0,0,0,0,11,17,0,28,0
DHIZCOAV,55,11,3,45,18,0,17,8,3,15,7,0,38,3,0,30,11,0,6,0,0,4,2,0,25,41,6,66,0
AXYDGUZO,19,1,5,15,0,0,5,1,0,6,0,0,14,0,5,9,0,0,0,0,0,0,0,0,6,14,0,20,0
ESB45LUO,140,24,45,94,24,1,36,7,9,22,12,0,104,17,36,72,12,1,15,0,9,6,0,0,43,121,15,164,0
QXBRHQDH,7,1,1,7,0,0,5,1,0,6,0,0,2,0,1,1,0,0,0,0,0,0,0,0,6,2,0,8,0
ETVV7QKY,19,1,1,12,7,0,16,1,1,10,6,0,3,0,0,2,1,0,1,0,0,1,0,0,17,3,1,20,0
OEKXC9ZY,16,4,0,18,2,0,6,4,0,8,2,0,10,0,0,10,0,0,7,0,0,7,0,0,10,10,7,20,0
EH6IIDVD,2,2,2,2,0,1,0,0,0,0,0,0,2,2,2,2,0,1,0,0,0,0,0,0,0,4,0,4,0
XSTGOZMH,146,7,27,117,9,0,32,1,6,25,2,0,114,6,21,92,7,0,36,0,5,28,3,0,33,120,36,153,0
RTFHQ3QX,155,27,30,111,35,8,59,11,14,42,11,5,96,16,16,69,24,3,18,5,3,15,4,1,70,112,23,182,0
KBWRYB5S,70,3,38,35,0,2,35,3,20,18,0,2,35,0,18,17,0,0,3,0,1,2,0,0,38,35,3,73,0
NUELAOV1,5,0,1,3,1,0,4,0,0,3,1,0,1,0,1,0,0,0,0,0,0,0,0,0,4,1,0,5,1
SJJ89OSM,71,8,5,66,8,0,38,6,1,38,5,0,33,2,4,28,3,0,3,2,1,4,0,0,44,35,5,79,0
7YNSK7Y2,17,0,0,17,0,0,7,0,0,7,0,0,10,0,0,10,0,0,3,0,0,3,0,0,7,10,3,17,0
LNF9A3OG,28,4,3,25,4,0,9,1,2,7,1,0,19,3,1,18,3,0,0,0,0,0,0,0,10,22,0,32,0
BZ6VJB5L,11,0,5,6,0,0,3,0,1,2,0,0,8,0,4,4,0,0,2,0,1,1,0,0,3,8,2,11,0
CNXOZX1H,94,19,27,52,34,0,23,2,5,16,4,0,71,17,22,36,30,0,26,3,12,13,4,0,25,88,29,113,0
WCSWCJ8E,2,0,0,2,0,0,0,0,0,0,0,0,2,0,0,2,0,0,2,0,0,2,0,0,0,2,2,2,0
K4NV6JPR,45,6,8,37,6,0,25,3,3,19,6,0,20,3,5,18,0,0,4,0,0,4,0,0,28,23,4,51,0
2QJZB22Y,27,6,10,21,2,0,10,3,5,8,0,0,17,3,5,13,2,0,1,0,1,0,0,0,13,20,1,33,0
XS7SHWUS,237,33,47,133,67,25,80,16,17,44,18,19,157,17,30,89,49,6,27,6,9,16,6,2,96,174,33,270,0
HVM2PNMG,2,0,0,2,0,0,0,0,0,0,0,0,2,0,0,2,0,0,1,0,0,1,0,0,0,2,1,2,0
SA1PHKEM,42,14,8,36,10,2,12,10,3,10,7,2,30,4,5,26,3,0,5,1,3,3,0,0,22,34,6,56,0
DRXSKSO8,20,6,7,14,4,1,5,5,2,5,3,1,15,1,5,9,1,0,4,0,0,3,0,0,10,16,4,26,0
RWTWQIRF,107,27,42,71,21,6,55,17,28,31,13,6,52,10,14,40,8,0,0,0,0,0,0,0,72,62,0,134,0
KUNIITBZ,32,0,2,22,8,0,18,0,1,12,5,0,14,0,1,10,3,0,0,0,0,0,0,0,18,14,0,32,0
L7BJNRIB,61,3,9,52,3,0,16,3,2,16,1,0,45,0,7,36,2,0,5,0,0,5,0,0,19,45,5,64,0
CWKKGPRZ,30,4,2,31,1,0,16,0,1,14,1,0,14,4,1,17,0,0,1,1,0,2,0,0,16,18,2,34,0
CYGAXSCG,17,1,1,16,1,0,8,0,0,8,0,0,9,1,1,8,1,0,0,0,0,0,0,0,8,10,0,18,0
5I1QJSTB,1,0,0,1,0,0,1,0,0,1,0,0,0,0,0,0,0,0,0,0,0,0,0,0,1,0,0,1,0
4QRFMVYX,202,31,65,151,15,2,107,17,32,79,11,2,95,14,33,72,4,0,8,0,4,4,0,0,124,109,8,233,0
R3NNSX45,25,1,2,24,0,0,16,0,2,14,0,0,9,1,0,10,0,0,0,0,0,0,0,0,16,10,0,26,0
BLPHUVDM,10,4,3,9,1,2,2,2,0,2,1,1,8,2,3,7,0,1,2,0,1,1,0,0,4,10,2,14,0
G4M7SFYN,47,16,5,46,10,2,13,15,1,21,4,2,34,1,4,25,6,0,5,0,0,4,1,0,28,35,5,63,0
YAJQYC8W,10,6,2,12,2,0,2,4,1,3,2,0,8,2,1,9,0,0,2,2,0,4,0,0,6,10,4,16,0
NHB5TXL9,5,3,2,6,0,0,3,2,2,3,0,0,2,1,0,3,0,0,0,1,0,1,0,0,5,3,1,8,0
CDKVQZTD,17,7,6,14,4,0,6,7,4,5,4,0,11,0,2,9,0,0,1,0,0,1,0,0,13,11,1,24,0
KPUCGYHR,33,4,10,26,1,0,10,3,1,11,1,0,23,1,9,15,0,0,1,0,0,1,0,0,13,24,1,37,0
18AVEQZA,143,37,24,117,23,17,67,23,14,51,13,13,76,14,10,66,10,4,10,2,3,9,0,0,90,90,12,180,0
EG3WATND,15,4,3,12,4,0,12,4,3,10,3,0,3,0,0,2,1,0,1,0,0,1,0,0,16,3,1,19,0
GA9NSFJN,3,1,2,2,0,0,1,1,1,1,0,0,2,0,1,1,0,0,0,0,0,0,0,0,2,2,0,4,0
SE3OAAGK,96,2,14,78,6,0,24,2,1,23,2,0,72,0,13,55,4,0,11,0,4,7,0,0,26,72,11,98,0
6KEMVRHH,13,1,1,7,3,3,8,0,0,2,3,3,5,1,1,5,0,0,0,1,0,1,0,0,8,6,1,14,0
JR4THLDB,18,0,5,13,0,1,4,0,0,4,0,0,14,0,5,9,0,1,3,0,1,2,0,1,4,14,3,18,0
Q7SEJ8X4,8,2,1,9,0,0,2,0,0,2,0,0,6,2,1,7,0,0,0,0,0,0,0,0,2,8,0,10,0
77KJYAXS,19,1,4,16,0,0,4,0,2,2,0,0,15,1,2,14,0,0,2,0,0,2,0,0,4,16,2,20,0
TBWLBUDG,9,0,0,9,0,0,3,0,0,3,0,0,6,0,0,6,0,0,3,0,0,3,0,0,3,6,3,9,0
CBCM9BHB,34,7,18,20,3,2,7,3,4,6,0,0,27,4,14,14,3,2,3,0,2,1,0,0,10,31,3,41,0
NEYWK7WH,41,4,6,27,12,0,8,0,0,6,2,0,33,4,6,21,10,0,3,1,1,2,1,0,8,37,4,45,0
EV7C9FLE,3,0,2,1,0,0,1,0,1,0,0,0,2,0,1,1,0,0,0,0,0,0,0,0,1,2,0,3,0
LUE2WFJJ,15,5,1,19,0,0,5,2,1,6,0,0,10,3,0,13,0,0,1,0,0,1,0,0,7,13,1,20,0
WCGTAPAF,2,0,0,2,0,0,1,0,0,1,0,0,1,0,0,1,0,0,1,0,0,1,0,0,1,1,1,2,0
DSEKL62Y,7,0,1,5,1,0,5,0,1,3,1,0,2,0,0,2,0,0,0,0,0,0,0,0,5,2,0,7,0
XUGQ732M,1,2,0,1,2,0,0,2,0,1,1,0,1,0,0,0,1,0,0,0,0,0,0,0,2,1,0,3,0
PRJ67M6P,19,1,4,16,0,0,6,0,2,4,0,0,13,1,2,12,0,0,0,0,0,0,0,0,6,14,0,20,0
GCEHKGR9,77,6,28,48,2,5,29,2,14,14,1,2,48,4,14,34,1,3,7,0,1,6,0,0,31,52,7,83,0
H3UDL3Z4,46,0,7,37,2,0,13,0,0,13,0,0,33,0,7,24,2,0,4,0,0,4,0,0,13,33,4,46,0
IQVHGXTO,61,1,25,37,0,1,9,1,6,4,0,1,52,0,19,33,0,0,7,0,3,4,0,0,10,52,7,62,0
KZJEQWC9,5,5,0,8,2,0,2,1,0,2,1,0,3,4,0,6,1,0,1,0,0,0,1,0,3,7,1,10,0
ZQTNQ5KG,18,0,8,10,0,0,2,0,1,1,0,0,16,0,7,9,0,0,3,0,3,0,0,0,2,16,3,18,0
KCQQBVDJ,145,10,47,92,15,13,21,3,5,15,4,2,124,7,42,77,11,11,31,5,9,18,8,2,24,131,36,155,0
8CZEBXBI,32,3,15,17,3,0,18,3,6,12,3,0,14,0,9,5,0,0,3,0,2,1,0,0,21,14,3,35,0
KFVDFVCP,50,8,11,47,0,0,17,4,4,17,0,0,33,4,7,30,0,0,2,2,0,4,0,0,21,37,4,58,0
R5T7NP4A,1,0,0,1,0,0,0,0,0,0,0,0,1,0,0,1,0,0,1,0,0,1,0,0,0,1,1,1,0
TXIFHMBX,23,7,6,20,4,1,8,4,2,9,1,1,15,3,4,11,3,0,4,0,2,2,0,0,12,18,4,30,0
HNHQ4BEO,11,1,3,8,1,0,4,1,0,4,1,0,7,0,3,4,0,0,1,0,1,0,0,0,5,7,1,12,0
GZSWTXMY,8,0,1,2,5,0,5,0,1,0,4,0,3,0,0,2,1,0,0,0,0,0,0,0,5,3,0,8,0
3RHDBWIV,13,1,1,10,3,0,3,1,1,2,1,0,10,0,0,8,2,0,1,0,0,1,0,0,4,10,1,14,0
RWI7MCJK,5,3,1,6,1,0,2,3,1,3,1,0,3,0,0,3,0,0,0,0,0,0,0,0,5,3,0,8,0
HVX7L4W5,118,17,13,94,27,1,39,9,5,28,14,1,79,8,8,66,13,0,21,1,3,18,1,0,48,87,22,135,0
PCLJXN6H,144,18,17,95,40,10,33,13,5,21,11,9,111,5,12,74,29,1,3,0,1,1,1,0,46,116,3,162,0
FJ9WYTRB,44,4,7,39,2,0,17,1,2,16,0,0,27,3,5,23,2,0,5,0,1,4,0,0,18,30,5,48,0
G5QX71DV,38,11,3,38,6,2,17,4,1,17,3,0,21,7,2,21,3,2,0,0,0,0,0,0,21,28,0,49,0
IYNMUXLF,60,10,22,46,2,0,12,3,4,11,0,0,48,7,18,35,2,0,8,0,0,8,0,0,15,55,8,70,0
MBLMMJ7G,212,65,53,104,69,56,68,16,11,28,20,26,144,49,42,76,49,30,10,3,1,1,5,6,84,193,13,277,0
SHCIB9ZD,50,5,15,38,2,1,5,3,5,3,0,1,45,2,10,35,2,0,9,0,1,8,0,0,8,47,9,55,0
KVFYMNNQ,14,0,8,5,1,1,2,0,1,1,0,0,12,0,7,4,1,1,1,0,1,0,0,1,2,12,1,14,0
DKAPI9ZP,1,3,0,4,0,0,1,0,0,1,0,0,0,3,0,3,0,0,0,0,0,0,0,0,1,3,0,4,0
HJSMCHIY,25,9,11,15,5,3,3,7,3,4,3,0,22,2,8,11,2,3,4,2,0,3,2,1,10,24,6,34,0
FZUNR7JL,13,1,5,6,3,0,0,0,0,0,0,0,13,1,5,6,3,0,0,0,0,0,0,0,0,14,0,14,0
HXMHX5NG,17,6,3,19,1,0,7,2,1,7,1,0,10,4,2,12,0,0,5,1,1,5,0,0,9,14,6,23,0
QDTVXHHA,162,20,44,131,7,0,66,9,22,53,0,0,96,11,22,78,7,0,10,0,2,7,1,0,75,107,10,182,0
4YOIIFHU,5,2,0,4,3,0,1,0,0,1,0,0,4,2,0,3,3,0,0,0,0,0,0,0,1,6,0,7,1
5LEELJOZ,3,1,0,2,2,0,2,1,0,1,2,0,1,0,0,1,0,0,0,0,0,0,0,0,3,1,0,4,0
DR8FFAC8,2,0,1,1,0,0,0,0,0,0,0,0,2,0,1,1,0,0,2,0,1,1,0,0,0,2,2,2,0
DJJXSYAF,9,1,1,8,1,0,4,1,0,4,1,0,5,0,1,4,0,0,1,0,0,1,0,0,5,5,1,10,0
QYGQAACV,8,0,3,5,0,0,3,0,1,2,0,0,5,0,2,3,0,0,0,0,0,0,0,0,3,5,0,8,0
3QLIGEX8,16,3,2,15,2,0,4,0,1,3,0,0,12,3,1,12,2,0,4,0,0,4,0,0,4,15,4,19,0
IZUCKYJQ,33,1,14,20,0,1,5,0,4,1,0,0,28,1,10,19,0,1,3,0,0,3,0,0,5,29,3,34,0
YSAWH6G5,83,3,17,69,0,0,18,1,7,12,0,0,65,2,10,57,0,0,10,0,1,9,0,0,19,67,10,86,0
CERP4HLY,68,7,7,59,9,0,22,7,3,23,3,0,46,0,4,36,6,0,1,0,0,0,1,0,29,46,1,75,0
RJOVMHTE,31,0,10,21,0,0,6,0,1,5,0,0,25,0,9,16,0,0,5,0,3,2,0,0,6,25,5,31,0
QZL6HQCJ,84,6,6,60,21,2,61,6,6,38,20,2,23,0,0,22,1,0,6,0,0,6,0,0,67,23,6,90,0
Z6K58DBQ,18,0,5,12,1,0,11,0,4,7,0,0,7,0,1,5,1,0,3,0,1,2,0,0,11,7,3,18,0
TWDG7CYU,25,1,8,18,0,0,8,0,1,7,0,0,17,1,7,11,0,0,2,0,0,2,0,0,8,18,2,26,0
XSKJDBXU,4,3,2,3,2,0,1,1,1,1,0,0,3,2,1,2,2,0,0,0,0,0,0,0,2,5,0,7,0
UEW53CUH,44,2,3,43,0,0,6,0,1,5,0,0,38,2,2,38,0,0,7,0,0,7,0,0,6,40,7,46,0
8B5M4RJN,21,8,11,16,2,0,12,2,5,8,1,0,9,6,6,8,1,0,3,4,2,5,0,0,14,15,7,29,0
LXNHECSP,1,4,0,5,0,0,0,2,0,2,0,0,1,2,0,3,0,0,1,1,0,2,0,0,2,3,2,5,0
FBBXPBXZ,1,0,0,1,0,0,0,0,0,0,0,0,1,0,0,1,0,0,0,0,0,0,0,0,0,1,0,1,0
FEILJZ8W,1,2,0,3,0,0,1,2,0,3,0,0,0,0,0,0,0,0,0,0,0,0,0,0,3,0,0,3,0
EGBBJ84T,5,0,0,4,1,0,5,0,0,4,1,0,0,0,0,0,0,0,0,0,0,0,0,0,5,0,0,5,0
IXUSEQXN,8,3,1,6,4,0,8,0,1,3,4,0,0,3,0,3,0,0,0,0,0,0,0,0,8,3,0,11,0
JOZSGF74,26,3,3,21,5,0,16,3,2,12,5,0,10,0,1,9,0,0,1,0,0,1,0,0,19,10,1,29,0
O9YCWCIM,1,1,0,2,0,0,1,0,0,1,0,0,0,1,0,1,0,0,0,0,0,0,0,0,1,1,0,2,0
ACOYO8CU,19,13,3,17,12,0,9,2,0,6,5,0,10,11,3,11,7,0,1,0,0,0,1,0,11,21,1,32,0
PFMUIZTT,51,12,5,20,2,36,25,10,4,8,2,21,26,2,1,12,0,15,0,0,0,0,0,0,35,28,0,63,0
X6VMH6P2,60,9,9,53,7,0,24,2,5,17,4,0,36,7,4,36,3,0,5,1,0,5,1,0,26,43,6,69,0
SDIEHIKG,44,2,4,41,1,1,11,1,1,11,0,0,33,1,3,30,1,1,4,0,0,4,0,0,12,34,4,46,0
UWJSHSDB,7,0,0,6,1,0,0,0,0,0,0,0,7,0,0,6,1,0,0,0,0,0,0,0,0,7,0,7,0
E6DAELWY,146,5,46,93,11,10,26,3,5,19,5,1,120,2,41,74,6,9,22,0,6,15,1,1,29,122,22,151,0
1QSQLSQS,51,14,21,44,0,0,24,9,11,22,0,0,27,5,10,22,0,0,11,4,4,11,0,0,33,32,15,65,0
TRMCI7AD,13,0,2,11,0,0,2,0,0,2,0,0,11,0,2,9,0,0,4,0,1,3,0,0,2,11,4,13,0
INKONE79,48,19,3,47,17,0,13,9,1,14,7,0,35,10,2,33,10,0,0,0,0,0,0,0,22,45,0,67,0
HXGZZHQ6,66,6,7,49,7,10,22,5,1,19,4,3,44,1,6,30,3,7,3,0,0,1,1,1,27,45,3,72,0
NTF5LJAV,37,3,8,30,2,0,16,3,1,17,1,0,21,0,7,13,1,0,2,0,1,1,0,0,19,21,2,40,0
8PKLHSOI,52,0,26,26,0,0,12,0,10,2,0,0,40,0,16,24,0,0,6,0,1,5,0,0,12,40,6,52,0
3BYDFWON,43,8,18,27,2,3,18,1,8,9,0,1,25,7,10,18,2,2,4,4,2,4,2,0,19,32,8,51,0
YUXNLXYQ,4,0,0,3,1,0,1,0,0,1,0,0,3,0,0,2,1,0,0,0,0,0,0,0,1,3,0,4,0
XATQVBNB,15,0,6,9,0,0,2,0,1,1,0,0,13,0,5,8,0,0,1,0,0,1,0,0,2,13,1,15,0
FFDXDTNQ,8,3,4,5,2,0,1,0,0,0,1,0,7,3,4,5,1,0,2,0,0,2,0,0,1,10,2,11,0
QKEUJ8EJ,35,0,14,14,0,4,3,0,1,2,0,0,32,0,13,12,0,4,7,0,2,5,0,0,3,32,7,35,0
W6EOJHUP,16,0,5,11,0,0,2,0,0,2,0,0,14,0,5,9,0,0,5,0,2,3,0,0,2,14,5,16,0
76UOAODT,4,0,0,4,0,0,1,0,0,1,0,0,3,0,0,3,0,0,0,0,0,0,0,0,1,3,0,4,0
SPGJZVL1,55,14,3,38,15,13,34,13,1,22,13,11,21,1,2,16,2,2,2,0,2,0,0,0,47,22,2,69,0
9DIHBGGC,49,5,6,45,3,1,19,4,3,19,1,0,30,1,3,26,2,1,1,0,0,1,0,0,23,31,1,54,0
H8FBYDJD,4,0,3,1,0,0,3,0,2,1,0,0,1,0,1,0,0,0,0,0,0,0,0,0,3,1,0,4,0
8M4HONUH,15,1,4,11,1,0,3,0,1,2,0,0,12,1,3,9,1,0,5,0,2,3,0,0,3,13,5,16,0
IZ6YM9AT,72,6,15,50,13,0,30,4,4,22,8,0,42,2,11,28,5,0,9,0,2,6,1,0,34,44,9,78,0
LTJV2G2C,9,0,1,8,0,0,0,0,0,0,0,0,9,0,1,8,0,0,7,0,1,6,0,0,0,9,7,9,0
SFGASIPC,18,6,4,14,6,1,10,5,4,9,2,1,8,1,0,5,4,0,2,0,0,2,0,0,15,9,2,24,0
1ZZ4FUBU,1,0,0,1,0,0,0,0,0,0,0,0,1,0,0,1,0,0,1,0,0,1,0,0,0,1,1,1,0
FSJCI7SE,4,0,2,2,0,0,2,0,1,1,0,0,2,0,1,1,0,0,0,0,0,0,0,0,2,2,0,4,0
BPLIJEC8,3,0,0,2,1,0,1,0,0,0,1,0,2,0,0,2,0,0,0,0,0,0,0,0,1,2,0,3,0
JWDGPKF5,28,11,4,24,9,2,17,0,2,10,5,0,11,11,2,14,4,2,1,0,0,1,0,0,17,22,1,39,0
H4XJHWYM,23,5,4,22,2,0,2,2,1,3,0,0,21,3,3,19,2,0,1,0,0,1,0,0,4,24,1,28,0
OHKBTLPP,2,5,1,6,0,0,2,2,1,3,0,0,0,3,0,3,0,0,0,1,0,1,0,0,4,3,1,7,0
73AIYGBU,32,1,2,29,1,0,11,1,0,12,0,0,21,0,2,17,1,0,1,0,1,0,0,0,12,21,1,33,0
H6J5KOVG,30,1,12,18,1,0,6,1,2,5,0,0,24,0,10,13,1,0,4,0,2,2,0,0,7,24,4,31,0
GVPPKBQJ,19,0,1,2,6,10,0,0,0,0,0,0,19,0,1,2,6,10,1,0,0,1,0,0,0,19,1,19,0
7AFKJPDY,13,0,1,10,2,0,4,0,0,2,2,0,9,0,1,8,0,0,4,0,0,4,0,0,4,9,4,13,0
FO9CPC9L,1,0,0,1,0,0,0,0,0,0,0,0,1,0,0,1,0,0,1,0,0,1,0,0,0,1,1,1,0
HIG82TLD,82,23,5,95,5,0,19,16,2,31,2,0,63,7,3,64,3,0,11,0,0,11,0,0,35,70,11,105,0
KLUIOGWN,2,8,2,3,5,0,0,8,1,2,5,0,2,0,1,1,0,0,0,0,0,0,0,0,8,2,0,10,0
GPQBFMJ4,2,0,0,1,1,0,2,0,0,1,1,0,0,0,0,0,0,0,0,0,0,0,0,0,2,0,0,2,0
IOE5VZAU,26,1,2,23,2,0,4,1,0,3,2,0,22,0,2,20,0,0,3,0,0,3,0,0,5,22,3,27,0
4KLVPIXE,5,0,0,5,0,0,1,0,0,1,0,0,4,0,0,4,0,0,1,0,0,1,0,0,1,4,1,5,0
DXVV85DF,1,0,0,1,0,0,1,0,0,1,0,0,0,0,0,0,0,0,0,0,0,0,0,0,1,0,0,1,0
IRHWHKLZ,47,5,9,35,5,3,20,0,3,15,2,0,27,5,6,20,3,3,1,0,0,1,0,0,20,32,1,52,0
P7CNCUWF,90,14,3,17,24,60,29,3,1,6,4,21,61,11,2,11,20,39,10,0,1,2,6,1,32,72,10,104,0
24D85R1R,6,1,6,1,0,0,1,1,1,1,0,0,5,0,5,0,0,0,0,0,0,0,0,0,2,5,0,7,0
KW6WJQDK,11,0,2,9,0,0,5,0,0,5,0,0,6,0,2,4,0,0,4,0,0,4,0,0,5,6,4,11,0
EUUU3FTG,1,0,0,1,0,0,0,0,0,0,0,0,1,0,0,1,0,0,1,0,0,1,0,0,0,1,1,1,0
F4REEFZR,1,2,1,2,0,0,1,0,0,1,0,0,0,2,1,1,0,0,0,0,0,0,0,0,1,2,0,3,0
BJN6JZDE,26,5,5,23,3,0,15,1,4,11,1,0,11,4,1,12,2,0,4,0,0,4,0,0,16,15,4,31,0
7KYPRWQO,4,1,0,5,0,0,1,0,0,1,0,0,3,1,0,4,0,0,2,1,0,3,0,0,1,4,3,5,0
4CPCSHXE,1,0,0,1,0,0,0,0,0,0,0,0,1,0,0,1,0,0,1,0,0,1,0,0,0,1,1,1,0
HHMACBZW,5,2,0,5,2,0,0,1,0,1,0,0,5,1,0,4,2,0,3,0,0,2,1,0,1,6,3,7,0
EWAQAELP,1,0,0,1,0,0,0,0,0,0,0,0,1,0,0,1,0,0,0,0,0,0,0,0,0,1,0,1,0
XPGQZKRV,2,1,0,2,1,0,2,1,0,2,1,0,0,0,0,0,0,0,0,0,0,0,0,0,3,0,0,3,0
55OH6HDP,14,1,0,15,0,0,6,1,0,7,0,0,8,0,0,8,0,0,2,0,0,2,0,0,7,8,2,15,0
HHYHYZAQ,33,4,7,30,0,0,15,2,3,14,0,0,18,2,4,16,0,0,3,0,1,2,0,0,17,20,3,37,0
NXSLRPYX,9,0,3,6,0,0,3,0,1,2,0,0,6,0,2,4,0,0,3,0,1,2,0,0,3,6,3,9,0
SVGRZKAL,25,4,3,23,3,0,9,2,1,8,2,0,16,2,2,15,1,0,1,0,0,1,0,0,11,18,1,29,0
PCFAZF9M,17,0,7,10,0,0,3,0,1,2,0,0,14,0,6,8,0,0,0,0,0,0,0,0,3,14,0,17,0
WOQMWCHS,3,0,1,2,0,0,1,0,0,1,0,0,2,0,1,1,0,0,1,0,0,1,0,0,1,2,1,3,0
XT2ZX4EQ,91,37,42,72,14,0,34,15,19,27,3,0,57,22,23,45,11,0,12,2,2,12,0,0,49,79,14,128,0
YCDCLWH4,1,0,0,1,0,0,0,0,0,0,0,0,1,0,0,1,0,0,0,0,0,0,0,0,0,1,0,1,0
4YUBCXCZ,32,1,20,12,1,0,5,0,3,2,0,0,27,1,17,10,1,0,11,0,8,3,0,0,5,28,11,33,0
JOU2XBEX,7,0,1,6,0,0,2,0,0,2,0,0,5,0,1,4,0,0,0,0,0,0,0,0,2,5,0,7,0
EN5KB2G4,7,6,0,11,2,0,6,6,0,11,1,0,1,0,0,0,1,0,0,0,0,0,0,0,12,1,0,13,0
MMJC5VFB,22,7,7,17,5,0,10,5,4,10,1,0,12,2,3,7,4,0,1,0,0,1,0,0,15,14,1,29,0
AT8ABLJQ,4,1,1,3,1,0,2,0,1,1,0,0,2,1,0,2,1,0,0,0,0,0,0,0,2,3,0,5,0
R4NFD1PK,87,3,10,80,0,0,21,2,1,22,0,0,66,1,9,58,0,0,9,0,1,8,0,0,23,67,9,90,0
FY9NSXRF,15,4,3,16,0,0,5,2,1,6,0,0,10,2,2,10,0,0,0,1,0,1,0,0,7,12,1,19,0
VGSCMIX6,3,0,0,3,0,0,3,0,0,3,0,0,0,0,0,0,0,0,0,0,0,0,0,0,3,0,0,3,0
MWBVWXRV,40,1,11,30,0,0,10,1,4,7,0,0,30,0,7,23,0,0,6,0,1,5,0,0,11,30,6,41,0
RN12VNSK,2,0,0,2,0,0,0,0,0,0,0,0,2,0,0,2,0,0,0,0,0,0,0,0,0,2,0,2,0
KQPZTIT7,16,2,2,15,1,0,3,1,2,2,0,0,13,1,0,13,1,0,0,0,0,0,0,0,4,14,0,18,0
SXJGRFN2,10,2,1,4,6,1,6,2,0,3,4,1,4,0,1,1,2,0,0,0,0,0,0,0,8,4,0,12,0
T4XBOLYN,33,1,2,30,2,0,9,1,0,9,1,0,24,0,2,21,1,0,1,0,0,1,0,0,10,24,1,34,0
FHWTC4C1,33,3,1,25,10,0,18,2,0,12,8,0,15,1,1,13,2,0,1,0,0,1,0,0,20,16,1,36,0
JWB2NVOF,23,5,4,20,4,0,10,3,3,8,2,0,13,2,1,12,2,0,2,1,0,2,1,0,13,15,3,28,0
VGPSW5QC,3,0,1,2,0,0,0,0,0,0,0,0,3,0,1,2,0,0,1,0,1,0,0,0,0,3,1,3,0
S6PNZ9RV,20,5,5,19,1,0,14,2,4,12,0,0,6,3,1,7,1,0,0,0,0,0,0,0,16,9,0,25,0
EXUSJBMS,7,3,1,7,2,0,5,0,1,2,2,0,2,3,0,5,0,0,1,0,0,1,0,0,5,5,1,10,0
G5IDPFWN,81,59,9,32,79,20,54,43,9,24,47,17,27,16,0,8,32,3,1,0,0,0,1,0,97,43,1,140,0
VHY7ZYU8,2,0,0,1,1,0,0,0,0,0,0,0,2,0,0,1,1,0,0,0,0,0,0,0,0,2,0,2,0
SMOIRO2Q,11,3,0,14,0,0,2,3,0,5,0,0,9,0,0,9,0,0,0,0,0,0,0,0,5,9,0,14,0
UVOAH4VV,29,6,5,17,2,11,15,5,2,8,1,9,14,1,3,9,1,2,5,0,0,5,0,0,20,15,5,35,0
RVRDOGJW,145,45,52,123,15,0,42,13,17,34,4,0,103,32,35,89,11,0,21,0,7,14,0,0,55,135,21,190,0
XOUGCH5A,13,8,0,16,3,2,11,3,0,10,2,2,2,5,0,6,1,0,0,0,0,0,0,0,14,7,0,21,0
SQDRMBVP,7,3,0,8,2,0,7,2,0,7,2,0,0,1,0,1,0,0,0,0,0,0,0,0,9,1,0,10,0
VRHK2FGC,14,12,1,19,6,0,8,4,1,7,4,0,6,8,0,12,2,0,0,0,0,0,0,0,12,14,0,26,0
QCT4WXU7,21,1,0,22,0,0,3,1,0,4,0,0,18,0,0,18,0,0,0,0,0,0,0,0,4,18,0,22,0
WSIFAMVA,51,21,4,42,26,0,33,15,4,27,17,0,18,6,0,15,9,0,3,0,0,0,3,0,48,24,3,72,0
DYJC7VVB,5,1,1,4,1,0,2,1,0,2,1,0,3,0,1,2,0,0,2,0,1,1,0,0,3,3,2,6,0
YASORSGN,1,0,0,0,1,0,0,0,0,0,0,0,1,0,0,0,1,0,1,0,0,0,1,0,0,1,1,1,0
E7K7Y2OD,2,1,1,2,0,0,0,0,0,0,0,0,2,1,1,2,0,0,2,1,1,2,0,0,0,3,3,3,0
PDUBTVYQ,3,0,0,2,1,0,1,0,0,1,0,0,2,0,0,1,1,0,2,0,0,1,1,0,1,2,2,3,0
4TUERGX8,6,0,2,4,0,0,2,0,1,1,0,0,4,0,1,3,0,0,0,0,0,0,0,0,2,4,0,6,0
XCCABG3Z,13,1,9,4,1,0,5,0,3,1,1,0,8,1,6,3,0,0,2,0,1,1,0,0,5,9,2,14,0
FG6P4ES1,11,0,2,6,3,0,4,0,1,1,2,0,7,0,1,5,1,0,2,0,1,1,0,0,4,7,2,11,0
LQ9SCKLO,6,0,3,3,0,0,3,0,1,2,0,0,3,0,2,1,0,0,0,0,0,0,0,0,3,3,0,6,0
KPAMZMZN,3,1,0,3,1,0,2,1,0,2,1,0,1,0,0,1,0,0,1,0,0,1,0,0,3,1,1,4,0
TNZ54GSC,1,0,0,1,0,0,0,0,0,0,0,0,1,0,0,1,0,0,0,0,0,0,0,0,0,1,0,1,0
MAKWA7CL,2,0,0,2,0,0,0,0,0,0,0,0,2,0,0,2,0,0,1,0,0,1,0,0,0,2,1,2,0
5EHZ6CIX,8,4,2,10,0,0,3,2,0,5,0,0,5,2,2,5,0,0,4,2,2,4,0,0,5,7,6,12,0
JMSHTGYY,9,3,5,7,0,0,4,2,4,2,0,0,5,1,1,5,0,0,2,0,0,2,0,0,6,6,2,12,0
FXCJVGMA,8,3,1,10,0,0,0,2,0,2,0,0,8,1,1,8,0,0,2,0,0,2,0,0,2,9,2,11,0
RFRHJX5W,1,0,0,1,0,0,0,0,0,0,0,0,1,0,0,1,0,0,1,0,0,1,0,0,0,1,1,1,0
YPE1KH4L,141,37,18,120,38,3,60,17,6,54,16,1,81,20,12,66,22,2,5,0,0,4,1,0,77,101,5,178,0
LZ92QAM2,8,6,5,9,0,0,8,6,5,9,0,0,0,0,0,0,0,0,0,0,0,0,0,0,14,0,0,14,0
7LFV4JVM,6,1,2,3,2,0,5,1,2,3,1,0,1,0,0,0,1,0,0,0,0,0,0,0,6,1,0,7,0
VABC7LTP,2,0,0,2,0,0,1,0,0,1,0,0,1,0,0,1,0,0,0,0,0,0,0,0,1,1,0,2,0
HUXPIWWU,55,25,20,57,3,0,21,16,9,28,0,0,34,9,11,29,3,0,7,0,1,6,0,0,37,43,7,80,0
KSPFE714,59,6,13,50,2,2,15,2,6,9,2,1,44,4,7,41,0,1,6,0,1,5,0,0,17,48,6,65,0
CNYBMLGS,30,6,2,34,0,0,7,4,2,9,0,0,23,2,0,25,0,0,2,0,0,2,0,0,11,25,2,36,0
QJKAKEH3,74,6,16,63,1,0,23,5,6,22,0,0,51,1,10,41,1,0,5,0,1,4,0,0,28,52,5,80,0
PSBQHOL5,41,1,2,39,1,0,13,1,2,11,1,0,28,0,0,28,0,0,11,0,0,11,0,0,14,28,11,42,0
Q2UQOD5K,17,2,0,16,3,0,6,2,0,6,2,0,11,0,0,10,1,0,2,0,0,1,1,0,8,11,2,19,0
9LGA9VZL,74,18,31,53,8,5,29,15,15,23,6,4,45,3,16,30,2,1,12,1,3,9,1,0,44,48,13,92,0
ZQGAUF5Z,3,4,3,3,1,0,3,1,1,2,1,0,0,3,2,1,0,0,0,0,0,0,0,0,4,3,0,7,0
71PPM5CK,48,0,18,30,0,0,15,0,9,6,0,0,33,0,9,24,0,0,8,0,2,6,0,0,15,33,8,48,0
PVESAZYV,11,0,3,8,0,0,4,0,0,4,0,0,7,0,3,4,0,0,1,0,0,1,0,0,4,7,1,11,0
LLAPAKEI,28,6,7,21,5,2,13,4,3,10,3,1,15,2,4,11,2,1,9,2,2,7,2,1,17,17,11,34,0
HE86BLNY,60,1,19,39,3,0,23,1,6,15,3,0,37,0,13,24,0,0,3,0,3,0,0,0,24,37,3,61,0
EFUPHLCI,26,11,7,13,9,8,23,6,7,11,5,6,3,5,0,2,4,2,1,0,0,0,0,1,29,8,1,37,0
MMG4MUBA,125,3,22,71,6,29,40,0,10,18,1,11,85,3,12,53,5,18,6,0,0,6,0,0,40,88,6,128,0
9H7VBI74,45,0,2,42,1,0,9,0,1,7,1,0,36,0,1,35,0,0,3,0,0,3,0,0,9,36,3,45,0
VSOPWW5W,1,0,0,1,0,0,1,0,0,1,0,0,0,0,0,0,0,0,0,0,0,0,0,0,1,0,0,1,0
MZ2SYFAG,38,2,14,18,6,3,21,2,4,13,6,0,17,0,10,5,0,3,3,0,1,0,0,2,23,17,3,40,0
BJYLGLBH,10,0,1,9,0,0,7,0,1,6,0,0,3,0,0,3,0,0,0,0,0,0,0,0,7,3,0,10,0
QUACWJRY,46,0,11,35,0,0,10,0,4,6,0,0,36,0,7,29,0,0,10,0,1,9,0,0,10,36,10,46,0
W4FTUWDQ,8,1,0,9,0,0,3,0,0,3,0,0,5,1,0,6,0,0,2,1,0,3,0,0,3,6,3,9,0
KQSD8JDE,9,0,3,6,0,0,0,0,0,0,0,0,9,0,3,6,0,0,0,0,0,0,0,0,0,9,0,9,0
NSXG4CJA,34,2,16,15,5,1,7,0,3,3,1,0,27,2,13,12,4,1,6,0,2,4,0,1,7,29,6,36,0
OORXRLEV,53,8,10,38,13,0,33,5,7,22,9,0,20,3,3,16,4,0,2,0,0,2,0,0,38,23,2,61,0
TY6KCBLM,65,7,3,60,9,0,22,2,1,18,5,0,43,5,2,42,4,0,5,0,1,3,1,0,24,48,5,72,0
LZLWR8ZK,11,0,1,7,3,0,5,0,1,2,2,0,6,0,0,5,1,0,3,0,0,2,1,0,5,6,3,11,0
BJ8LSH58,66,0,18,47,1,1,18,0,8,10,0,0,48,0,10,37,1,1,5,0,1,4,0,0,18,48,5,66,0
XUXCDGUA,76,10,16,59,8,3,21,3,4,15,2,3,55,7,12,44,6,0,3,0,0,3,0,0,24,62,3,86,0
GVVMP6UE,6,2,3,5,0,0,5,0,0,5,0,0,1,2,3,0,0,0,0,0,0,0,0,0,5,3,0,8,0
IC88B7BX,4,1,1,4,0,0,1,1,1,1,0,0,3,0,0,3,0,0,2,0,0,2,0,0,2,3,2,5,0
JABABUFP,4,1,4,1,0,0,1,1,1,1,0,0,3,0,3,0,0,0,0,0,0,0,0,0,2,3,0,5,0
YOTTL4ZK,8,5,0,13,0,0,3,0,0,3,0,0,5,5,0,10,0,0,0,5,0,5,0,0,3,10,5,13,0
BX3YFDRY,60,0,5,37,18,0,32,0,3,23,6,0,28,0,2,14,12,0,4,0,0,1,3,0,32,28,4,60,0
WIGTEE2Y,6,0,0,6,0,0,3,0,0,3,0,0,3,0,0,3,0,0,2,0,0,2,0,0,3,3,2,6,0
DZFDQ1CB,29,0,2,21,6,0,7,0,1,3,3,0,22,0,1,18,3,0,11,0,0,10,1,0,7,22,11,29,0
IWPPPZGZ,35,10,3,29,11,2,23,8,2,17,10,2,12,2,1,12,1,0,7,0,0,7,0,0,31,14,7,45,0
LNMBVFP2,19,2,8,13,0,0,3,1,0,4,0,0,16,1,8,9,0,0,2,0,2,0,0,0,4,17,2,21,0
2GTGI6I2,256,50,94,161,51,2,116,31,48,77,22,0,140,19,46,84,29,2,3,0,0,3,0,0,147,159,3,306,0
VHG78YDP,5,0,0,3,2,0,1,0,0,1,0,0,4,0,0,2,2,0,0,0,0,0,0,0,1,4,0,5,0
YWKHOB8M,43,0,4,36,3,0,19,0,1,16,2,0,24,0,3,20,1,0,7,0,0,6,1,0,19,24,7,43,0
WGN2XT5F,40,1,12,28,1,3,8,0,1,7,0,0,32,1,11,21,1,3,3,1,1,3,0,1,8,33,4,41,0
OVYZM7TP,8,0,1,7,0,0,4,0,1,3,0,0,4,0,0,4,0,0,0,0,0,0,0,0,4,4,0,8,0
GKIK5QZU,29,0,2,20,7,0,1,0,0,1,0,0,28,0,2,19,7,0,0,0,0,0,0,0,1,28,0,29,0
LIJJIGZC,5,0,1,4,0,0,1,0,0,1,0,0,4,0,1,3,0,0,0,0,0,0,0,0,1,4,0,5,0
FD5XN9TF,26,9,6,26,3,0,9,2,1,8,2,0,17,7,5,18,1,0,3,0,0,2,1,0,11,24,3,35,0
FMMVE17P,4,1,1,4,0,0,2,0,0,2,0,0,2,1,1,2,0,0,0,0,0,0,0,0,2,3,0,5,0
NJK9UGXX,455,74,22,319,176,12,207,49,12,144,88,12,248,25,10,175,88,0,31,2,0,22,11,0,256,273,33,529,0
BYG5ZO4V,8,1,4,5,0,0,7,1,4,4,0,0,1,0,0,1,0,0,0,0,0,0,0,0,8,1,0,9,0
XHVUQPHQ,70,3,11,59,3,0,36,2,5,32,1,0,34,1,6,27,2,0,5,0,1,4,0,0,38,35,5,73,0
S6LIXIJ3,18,0,9,9,0,0,2,0,1,1,0,0,16,0,8,8,0,0,5,0,2,3,0,0,2,16,5,18,0
EEZGS6GZ,3,0,1,2,0,0,0,0,0,0,0,0,3,0,1,2,0,0,3,0,1,2,0,0,0,3,3,3,0
KUV7K4PP,160,68,2,109,105,11,63,23,2,44,38,2,97,45,0,65,67,9,43,20,0,25,32,5,86,142,63,228,0
LHJXBNTJ,12,1,4,9,0,0,11,0,2,9,0,0,1,1,2,0,0,0,0,0,0,0,0,0,11,2,0,13,0
UC2JAIZD,2,0,0,2,0,0,1,0,0,1,0,0,1,0,0,1,0,0,1,0,0,1,0,0,1,1,1,2,0
PVHRETL9,10,19,1,24,4,0,3,9,0,11,1,0,7,10,1,13,3,0,4,4,1,7,0,0,12,17,8,29,0
WQ82QJCY,22,1,2,16,5,0,7,1,0,5,3,0,15,0,2,11,2,0,2,0,1,1,0,0,8,15,2,23,0
JEYOQKRD,38,1,10,28,1,0,11,0,0,11,0,0,27,1,10,17,1,0,4,0,0,4,0,0,11,28,4,39,0
HDTXPIBY,17,0,4,12,1,0,2,0,1,1,0,0,15,0,3,11,1,0,8,0,2,6,0,0,2,15,8,17,0
MKH3CVSK,19,7,1,17,8,0,10,3,0,7,6,0,9,4,1,10,2,0,2,1,0,3,0,0,13,13,3,26,0
CIJLWZNE,5,0,0,5,0,0,1,0,0,1,0,0,4,0,0,4,0,0,0,0,0,0,0,0,1,4,0,5,0
VMPLQI3J,4,0,0,2,2,0,2,0,0,2,0,0,2,0,0,0,2,0,2,0,0,0,2,0,2,2,2,4,0
RXFV15FS,60,13,13,38,9,13,28,4,7,20,5,0,32,9,6,18,4,13,0,0,0,0,0,0,32,41,0,73,0
E2QL5HQE,12,2,3,10,1,0,5,2,3,4,0,0,7,0,0,6,1,0,2,0,0,2,0,0,7,7,2,14,0
MLAWNUD3,15,3,0,17,1,0,14,3,0,16,1,0,1,0,0,1,0,0,0,0,0,0,0,0,17,1,0,18,0
P9EEBDJO,22,4,1,23,2,0,7,4,1,8,2,0,15,0,0,15,0,0,0,0,0,0,0,0,11,15,0,26,0
A5I9SCAO,4,0,0,3,1,0,2,0,0,2,0,0,2,0,0,1,1,0,0,0,0,0,0,0,2,2,0,4,0
SGRT8FRO,53,21,15,40,19,0,36,18,11,27,16,0,17,3,4,13,3,0,5,0,2,3,0,0,54,20,5,74,0
PPTJ3T23,18,0,1,13,4,0,8,0,0,7,1,0,10,0,1,6,3,0,0,0,0,0,0,0,8,10,0,18,0
5RMY4OVL,20,3,3,18,2,0,8,3,3,8,0,0,12,0,0,10,2,0,1,0,0,1,0,0,11,12,1,23,0
YQQNEDRN,22,0,7,14,1,1,12,0,5,6,1,1,10,0,2,8,0,0,0,0,0,0,0,0,12,10,0,22,0
KKFHA6ET,23,3,4,21,1,1,11,2,2,11,0,0,12,1,2,10,1,1,2,0,0,2,0,0,13,13,2,26,0
S8ICQL3I,3,0,1,2,0,0,0,0,0,0,0,0,3,0,1,2,0,0,3,0,1,2,0,0,0,3,3,3,0
RPNIKGWS,9,6,0,8,7,0,3,0,0,1,2,0,6,6,0,7,5,0,0,3,0,2,1,0,3,12,3,15,0
KONWCRHT,90,14,47,56,1,9,41,11,29,22,1,5,49,3,18,34,0,4,6,0,0,6,0,0,52,52,6,104,0
RRWYUNQZ,8,1,5,3,1,0,3,0,1,1,1,0,5,1,4,2,0,0,1,0,1,0,0,0,3,6,1,9,0
NW9BRRS7,32,0,5,25,2,0,21,0,3,17,1,0,11,0,2,8,1,0,0,0,0,0,0,0,21,11,0,32,0
KDURMVJV,73,19,14,75,3,1,20,5,4,21,0,1,53,14,10,54,3,0,6,0,2,4,0,0,25,67,6,92,0
ZFJG12YZ,8,5,2,10,1,0,3,0,0,3,0,0,5,5,2,7,1,0,0,0,0,0,0,0,3,10,0,13,0
VTUYS2A3,2,4,1,2,0,3,2,4,1,2,0,3,0,0,0,0,0,0,0,0,0,0,0,0,6,0,0,6,0
O5DYSWMM,87,11,21,73,4,0,29,2,3,26,2,0,58,9,18,47,2,0,12,2,4,10,0,0,31,67,14,98,0
BMCEAFZA,33,2,7,26,2,0,9,2,2,8,1,0,24,0,5,18,1,0,3,0,1,2,0,0,11,24,3,35,0
2EJHJCA9,3,0,0,3,0,0,2,0,0,2,0,0,1,0,0,1,0,0,0,0,0,0,0,0,2,1,0,3,0
VKMHNMRA,21,6,12,15,0,1,0,0,0,0,0,0,21,6,12,15,0,1,4,1,2,3,0,0,0,27,5,27,0
DWTB4LYW,11,0,6,5,0,0,11,0,6,5,0,0,0,0,0,0,0,0,0,0,0,0,0,0,11,0,0,11,0
G1ETWG7J,41,4,11,34,0,0,13,0,4,9,0,0,28,4,7,25,0,0,3,0,0,3,0,0,13,32,3,45,0
JSUPAOQ1,6,7,1,8,4,0,0,4,1,2,1,0,6,3,0,6,3,0,0,0,0,0,0,0,4,9,0,13,0
16XJSSRO,35,7,11,19,12,0,32,7,11,19,9,0,3,0,0,0,3,0,0,0,0,0,0,0,39,3,0,42,0
PEWFUWTJ,38,12,12,35,3,1,21,4,3,21,1,0,17,8,9,14,2,1,3,0,2,1,0,0,25,25,3,50,0
IC9LWQEC,18,3,5,14,2,0,3,1,0,4,0,0,15,2,5,10,2,0,3,1,1,2,1,0,4,17,4,21,0
NMONJU7T,10,1,2,9,0,0,5,0,0,5,0,0,5,1,2,4,0,0,0,0,0,0,0,0,5,6,0,11,0
TGTGSJB4,14,0,2,11,1,0,6,0,1,5,0,0,8,0,1,6,1,0,3,0,1,2,0,0,6,8,3,14,0
1XEXJYOT,15,5,2,12,6,1,11,3,1,9,4,0,4,2,1,3,2,1,0,1,0,1,0,0,14,6,1,20,0
BA2LL7YF,3,0,0,3,0,0,0,0,0,0,0,0,3,0,0,3,0,0,0,0,0,0,0,0,0,3,0,3,0
TAOHEU3U,12,2,2,10,2,0,6,0,0,4,2,0,6,2,2,6,0,0,0,0,0,0,0,0,6,8,0,14,0
RSOU3QEN,9,0,0,6,3,0,5,0,0,2,3,0,4,0,0,4,0,0,1,0,0,1,0,0,5,4,1,9,0
MJC4IHS5,2,0,0,2,0,0,0,0,0,0,0,0,2,0,0,2,0,0,0,0,0,0,0,0,0,2,0,2,0
NILZGD4F,10,2,1,6,1,4,7,2,0,4,1,4,3,0,1,2,0,0,1,0,0,1,0,0,9,3,1,12,0
UF4L47P9,40,2,12,30,0,0,9,1,5,5,0,0,31,1,7,25,0,0,4,0,0,4,0,0,10,32,4,42,0
JHIBAJ7B,6,1,1,6,0,0,0,0,0,0,0,0,6,1,1,6,0,0,4,1,0,5,0,0,0,7,5,7,0
UXPQMC2D,27,9,7,19,10,0,14,9,4,13,6,0,13,0,3,6,4,0,4,0,2,1,1,0,23,13,4,36,0
6M2BHQFD,7,0,0,6,1,0,5,0,0,4,1,0,2,0,0,2,0,0,2,0,0,2,0,0,5,2,2,7,0
1UK1KJFB,3,0,0,3,0,0,3,0,0,3,0,0,0,0,0,0,0,0,0,0,0,0,0,0,3,0,0,3,0
CFPCPIQT,2,1,0,3,0,0,0,0,0,0,0,0,2,1,0,3,0,0,0,0,0,0,0,0,0,3,0,3,0
BY7HAI2J,3,0,0,3,0,0,1,0,0,1,0,0,2,0,0,2,0,0,1,0,0,1,0,0,1,2,1,3,0
ZKY8Z98E,21,0,7,14,0,3,2,0,0,2,0,0,19,0,7,12,0,3,6,0,1,5,0,0,2,19,6,21,0
WFQHLBMA,5,0,0,4,1,0,4,0,0,3,1,0,1,0,0,1,0,0,0,0,0,0,0,0,4,1,0,5,0
9DUEJFEH,6,2,0,4,4,0,4,2,0,2,4,0,2,0,0,2,0,0,0,0,0,0,0,0,6,2,0,8,0
3YW7ZYKU,28,5,3,16,9,5,20,5,1,14,6,4,8,0,2,2,3,1,3,0,1,2,0,0,25,8,3,33,0
LLEOZZ2E,25,16,1,30,10,0,9,5,0,9,5,0,16,11,1,21,5,0,6,5,0,7,4,0,14,27,11,41,0
EW2CTHVM,3,0,0,3,0,0,1,0,0,1,0,0,2,0,0,2,0,0,0,0,0,0,0,0,1,2,0,3,0
DMPCQOOF,54,4,4,54,0,0,7,1,1,7,0,0,47,3,3,47,0,0,4,0,0,4,0,0,8,50,4,58,0
DXCCABAT,8,3,2,8,1,0,3,2,1,4,0,0,5,1,1,4,1,0,1,0,0,1,0,0,5,6,1,11,0
FMEZHYU8,35,3,5,32,1,0,23,3,5,20,1,0,12,0,0,12,0,0,1,0,0,1,0,0,26,12,1,38,0
EJOPM3M6,4,0,0,4,0,0,3,0,0,3,0,0,1,0,0,1,0,0,0,0,0,0,0,0,3,1,0,4,0
7RVGXALQ,41,7,22,26,0,4,14,6,13,7,0,4,27,1,9,19,0,0,3,0,0,3,0,0,20,28,3,48,0
VKHNZNV3,89,13,32,61,9,5,31,7,12,20,6,2,58,6,20,41,3,3,8,0,1,7,0,0,38,64,8,102,0
BYGN8KBX,69,9,17,44,14,4,31,7,8,19,9,2,38,2,9,25,5,2,7,0,1,6,0,0,38,40,7,78,0
LR2LMVSU,50,2,15,37,0,0,11,0,3,8,0,0,39,2,12,29,0,0,11,1,6,6,0,0,11,41,12,52,0
1M3QTLO8,71,8,7,72,0,0,17,3,2,18,0,0,54,5,5,54,0,0,8,0,0,8,0,0,20,59,8,79,0
FXMKOQ57,16,3,4,14,1,1,7,3,1,8,1,0,9,0,3,6,0,1,0,0,0,0,0,0,10,9,0,19,0
A2JUOXZV,27,8,6,22,5,2,11,6,2,11,2,2,16,2,4,11,3,0,5,0,0,3,2,0,17,18,5,35,0
PVTBKPW3,32,0,10,22,0,1,8,0,3,5,0,0,24,0,7,17,0,1,3,0,1,2,0,0,8,24,3,32,0
GXN1KIDV,60,0,21,34,5,0,18,0,5,11,2,0,42,0,16,23,3,0,11,0,4,5,2,0,18,42,11,60,0
FGEAE3Y3,56,1,19,33,5,0,36,0,13,19,4,0,20,1,6,14,1,0,0,0,0,0,0,0,36,21,0,57,0
YOAVU8OC,148,37,22,97,40,24,79,26,10,50,27,18,69,11,12,47,13,6,12,0,1,11,0,0,105,80,12,185,0
UEVXS2HL,59,12,22,46,3,0,20,1,7,12,2,0,39,11,15,34,1,0,5,0,3,2,0,0,21,50,5,71,0
ZHFY3J49,123,9,27,59,27,21,46,8,6,25,21,3,77,1,21,34,6,18,13,0,4,8,0,2,54,78,13,132,0
25JGDDKD,28,2,2,24,4,0,13,0,1,10,2,0,15,2,1,14,2,0,3,0,0,2,1,0,13,17,3,30,0
BKU1CB7X,68,12,1,38,34,7,57,9,1,32,26,7,11,3,0,6,8,0,0,0,0,0,0,0,66,14,0,80,0
H9Q3ZNLT,31,3,3,25,5,1,24,2,2,20,3,1,7,1,1,5,2,0,0,0,0,0,0,0,26,8,0,34,0
YLZOCYVW,27,2,3,26,0,0,4,2,1,5,0,0,23,0,2,21,0,0,6,0,0,6,0,0,6,23,6,29,0
A4C61EE5,45,2,5,42,0,0,17,0,5,12,0,0,28,2,0,30,0,0,3,0,0,3,0,0,17,30,3,47,0
RL2FWLZP,58,39,0,26,53,18,41,27,0,19,33,16,17,12,0,7,20,2,0,0,0,0,0,0,68,29,0,97,0
RYSTLONU,17,6,1,9,3,10,13,6,1,6,3,9,4,0,0,3,0,1,2,0,0,2,0,0,19,4,2,23,0
FKHIBQLG,26,6,1,17,14,0,12,2,1,9,4,0,14,4,0,8,10,0,2,0,0,1,1,0,14,18,2,32,0
GRHKENPO,105,22,36,79,12,0,52,18,24,36,10,0,53,4,12,43,2,0,5,0,1,4,0,0,70,57,5,127,0
RSLMGERZ,18,2,4,15,1,0,8,2,3,6,1,0,10,0,1,9,0,0,4,0,0,4,0,0,10,10,4,20,0
OELQSWVS,59,1,11,46,3,0,10,0,1,9,0,0,49,1,10,37,3,0,6,0,1,4,1,0,10,50,6,60,0
MWL5CBN8,2,1,0,1,1,1,1,0,0,0,1,0,1,1,0,1,0,1,0,1,0,0,0,1,1,2,1,3,0
LIPXYWHI,165,18,52,82,27,21,75,13,23,37,17,13,90,5,29,45,10,8,8,0,3,4,0,0,88,95,8,183,0
BWGNQR7M,12,0,0,6,5,1,4,0,0,1,3,0,8,0,0,5,2,1,3,0,0,3,0,0,4,8,3,12,0
YSNQLXPG,34,4,11,27,0,0,11,1,3,9,0,0,23,3,8,18,0,0,4,0,2,2,0,0,12,26,4,38,0
NR7PGNUS,60,12,3,64,5,0,21,2,2,20,1,0,39,10,1,44,4,0,15,3,0,17,1,0,23,49,18,72,0
XMSX5G8M,20,3,5,16,2,0,11,3,4,10,0,0,9,0,1,6,2,0,0,0,0,0,0,0,14,9,0,23,0
CT7CTBWF,7,0,0,7,0,0,6,0,0,6,0,0,1,0,0,1,0,0,0,0,0,0,0,0,6,1,0,7,0
OLQK1XVD,7,2,0,5,4,0,1,1,0,1,1,0,6,1,0,4,3,0,0,0,0,0,0,0,2,7,0,9,0
1OMTXL62,17,1,4,12,2,0,5,1,1,5,0,0,12,0,3,7,2,0,2,0,1,1,0,0,6,12,2,18,0
W4A9TUA3,50,8,6,45,7,0,24,5,5,22,2,0,26,3,1,23,5,0,2,0,1,1,0,0,29,29,2,58,0
B2JDWNRF,1,0,0,1,0,0,0,0,0,0,0,0,1,0,0,1,0,0,0,0,0,0,0,0,0,1,0,1,0
JA18JTPA,6,1,0,6,1,0,1,1,0,2,0,0,5,0,0,4,1,0,1,0,0,1,0,0,2,5,1,7,0
EK9V6PUB,11,0,0,11,0,0,4,0,0,4,0,0,7,0,0,7,0,0,0,0,0,0,0,0,4,7,0,11,0
WWGMCDKD,54,5,14,39,6,0,13,3,3,9,4,0,41,2,11,30,2,0,0,0,0,0,0,0,16,43,0,59,0
JKTHMXWM,13,0,0,13,0,0,2,0,0,2,0,0,11,0,0,11,0,0,0,0,0,0,0,0,2,11,0,13,0
6AG1OGZP,8,2,1,8,1,0,3,1,0,3,1,0,5,1,1,5,0,0,3,1,1,3,0,0,4,6,4,10,0
V5MVGNWO,3,0,0,3,0,0,1,0,0,1,0,0,2,0,0,2,0,0,0,0,0,0,0,0,1,2,0,3,0
82U3OZYP,55,7,15,40,7,0,25,1,7,13,6,0,30,6,8,27,1,0,1,1,1,1,0,0,26,36,2,62,0
ERJ14UAR,93,15,4,53,19,32,40,7,3,29,5,10,53,8,1,24,14,22,7,1,0,3,2,3,47,61,8,108,0
8BKB33R6,20,3,4,15,4,0,12,2,3,8,3,0,8,1,1,7,1,0,1,0,0,1,0,0,14,9,1,23,0
MLURGIMK,14,1,2,11,2,0,4,0,0,4,0,0,10,1,2,7,2,0,0,0,0,0,0,0,4,11,0,15,0
ZWKI1NMB,17,1,0,12,6,0,14,1,0,12,3,0,3,0,0,0,3,0,0,0,0,0,0,0,15,3,0,18,0
2BKHMFNN,41,9,4,39,7,0,17,3,1,17,2,0,24,6,3,22,5,0,1,0,0,1,0,0,20,30,1,50,0
T7DASFG1,11,1,0,12,0,0,5,1,0,6,0,0,6,0,0,6,0,0,0,0,0,0,0,0,6,6,0,12,0
HRVDHCVC,8,0,0,7,1,0,0,0,0,0,0,0,8,0,0,7,1,0,0,0,0,0,0,0,0,8,0,8,0
DMYJF3GP,80,28,0,61,36,11,37,19,0,22,24,10,43,9,0,39,12,1,8,0,0,8,0,0,56,52,8,108,0
NAPGUUJO,20,2,2,20,0,0,7,2,1,8,0,0,13,0,1,12,0,0,3,0,0,3,0,0,9,13,3,22,0
9VQGTAKM,38,0,13,25,0,1,11,0,3,8,0,0,27,0,10,17,0,1,3,0,0,3,0,0,11,27,3,38,0
QZCVQKX4,18,1,1,11,7,0,7,1,1,5,2,0,11,0,0,6,5,0,0,0,0,0,0,0,8,11,0,19,0
VARCEEMQ,19,2,5,15,1,0,12,2,2,11,1,0,7,0,3,4,0,0,0,0,0,0,0,0,14,7,0,21,0
MD4U5WGV,18,1,1,17,1,0,8,1,1,7,1,0,10,0,0,10,0,0,2,0,0,2,0,0,9,10,2,19,0
UXEQSBR3,4,1,0,4,1,0,3,0,0,2,1,0,1,1,0,2,0,0,0,0,0,0,0,0,3,2,0,5,0
BGFLZ44K,43,4,15,27,5,0,9,3,5,7,0,0,34,1,10,20,5,0,12,0,4,5,3,0,12,35,12,47,0
LFWK9WF5,28,4,0,27,5,0,16,3,0,15,4,0,12,1,0,12,1,0,1,0,0,1,0,0,19,13,1,32,0
CELTVCFK,51,16,7,40,20,0,19,8,0,16,11,0,32,8,7,24,9,0,8,1,2,7,0,0,27,40,9,67,0
FVCX84V4,13,0,1,2,3,6,11,0,1,0,3,6,2,0,0,2,0,0,0,0,0,0,0,0,11,2,0,13,0
SFGAEFPB,23,2,9,16,0,0,6,1,1,6,0,0,17,1,8,10,0,0,4,0,3,1,0,0,7,18,4,25,0
8PBSB9OQ,2,0,0,0,2,0,1,0,0,0,1,0,1,0,0,0,1,0,1,0,0,0,1,0,1,1,1,2,0
A9ALHBEI,11,7,1,16,1,0,0,0,0,0,0,0,11,7,1,16,1,0,5,3,1,7,0,0,0,18,8,18,0
HOZDWQHP,29,3,4,28,0,0,13,3,3,13,0,0,16,0,1,15,0,0,4,0,1,3,0,0,16,16,4,32,0
X4SFFPTC,83,11,11,37,15,33,39,9,4,15,10,21,44,2,7,22,5,12,6,0,2,4,0,0,48,46,6,94,0
RBO514KM,42,1,19,22,2,2,19,0,9,9,1,1,23,1,10,13,1,1,3,1,0,3,1,0,19,24,4,43,0
MOMRLDVA,18,3,10,11,0,0,7,0,2,5,0,0,11,3,8,6,0,0,0,0,0,0,0,0,7,14,0,21,0
HBWK52I1,53,1,21,33,0,0,11,1,7,5,0,0,42,0,14,28,0,0,5,0,1,4,0,0,12,42,5,54,0
HHH15XLI,14,3,6,10,1,0,0,2,0,2,0,0,14,1,6,8,1,0,4,1,2,3,0,0,2,15,5,17,0
UTKEDLBI,8,4,4,6,2,0,5,2,3,3,1,0,3,2,1,3,1,0,1,0,0,1,0,0,7,5,1,12,0
CW5XEJON,1,0,0,0,1,0,0,0,0,0,0,0,1,0,0,0,1,0,1,0,0,0,1,0,0,1,1,1,0
LUKVWIPV,120,10,6,83,40,2,28,3,1,22,8,1,92,7,5,61,32,1,20,7,2,14,10,1,31,99,27,130,0
2HHD1GFK,54,2,18,38,0,1,14,1,5,10,0,0,40,1,13,28,0,1,5,0,1,4,0,0,15,41,5,56,0
XCRLKZUK,29,3,11,18,3,1,3,2,0,4,1,0,26,1,11,14,2,1,3,0,2,1,0,0,5,27,3,32,0
DGWZHUL4,90,9,7,76,16,0,20,4,1,22,1,0,70,5,6,54,15,0,13,0,2,7,4,0,24,75,13,99,0
COIYNJIO,30,4,9,23,2,0,3,3,1,3,2,0,27,1,8,20,0,0,2,0,0,2,0,0,6,28,2,34,0
7SQGEKCL,5,0,0,2,3,0,2,0,0,0,2,0,3,0,0,2,1,0,0,0,0,0,0,0,2,3,0,5,0
BGMJ3ZCO,30,8,8,23,7,1,21,8,8,16,5,1,9,0,0,7,2,0,1,0,0,1,0,0,29,9,1,38,0
HUBAFIKG,96,48,51,90,3,0,54,24,36,41,1,0,42,24,15,49,2,0,6,8,3,10,1,0,78,66,14,144,0
RTFGKZVI,22,4,1,15,10,0,10,1,1,7,3,0,12,3,0,8,7,0,0,0,0,0,0,0,11,15,0,26,0
7HQ7LGMM,1,0,0,1,0,0,0,0,0,0,0,0,1,0,0,1,0,0,1,0,0,1,0,0,0,1,1,1,0
NOL7PGZR,65,13,17,57,4,0,19,3,4,18,0,0,46,10,13,39,4,0,3,4,2,5,0,0,22,56,7,78,0
ROUZXDJO,76,9,15,68,2,0,28,4,5,26,1,0,48,5,10,42,1,0,11,0,4,7,0,0,32,53,11,85,0
NIBSKHIE,25,6,7,21,3,0,6,4,4,6,0,0,19,2,3,15,3,0,4,0,2,2,0,0,10,21,4,31,0
BLHNXWQQ,0,1,0,1,0,0,0,1,0,1,0,0,0,0,0,0,0,0,0,0,0,0,0,0,1,0,0,1,0
FRJW8PDG,2,0,0,1,1,0,0,0,0,0,0,0,2,0,0,1,1,0,0,0,0,0,0,0,0,2,0,2,0
BTAAEE5Z,297,47,94,210,32,10,115,25,39,92,8,2,182,22,55,118,24,8,51,11,26,25,4,8,140,204,62,344,0
69LHOIQG,19,15,12,18,4,0,19,15,12,18,4,0,0,0,0,0,0,0,0,0,0,0,0,0,34,0,0,34,0
LQMGKDUU,371,130,66,314,114,13,162,78,35,145,57,8,209,52,31,169,57,5,40,6,6,28,12,0,240,261,46,501,0
ADFX7LVJ,88,7,18,69,8,0,33,6,4,28,7,0,55,1,14,41,1,0,11,0,1,10,0,0,39,56,11,95,0
AMIA8HJH,89,3,26,61,4,2,39,3,8,29,4,2,50,0,18,32,0,0,0,0,0,0,0,0,42,50,0,92,0
1UKU4IRJ,2,0,1,1,0,0,2,0,1,1,0,0,0,0,0,0,0,0,0,0,0,0,0,0,2,0,0,2,0
RN7XMHQL,89,10,34,61,4,0,34,7,12,27,2,0,55,3,22,34,2,0,4,0,3,1,0,0,41,58,4,99,0
5ELFFKP1,98,23,30,57,24,15,52,17,14,33,14,9,46,6,16,24,10,6,4,0,2,2,0,0,69,52,4,121,0
MBUTCZ5B,11,0,5,6,0,0,2,0,1,1,0,0,9,0,4,5,0,0,4,0,1,3,0,0,2,9,4,11,0
W9ZGIRL4,24,7,0,12,7,12,9,1,0,4,2,4,15,6,0,8,5,8,1,0,0,1,0,0,10,21,1,31,0
QDWFUB9W,5,0,0,4,1,0,2,0,0,1,1,0,3,0,0,3,0,0,1,0,0,1,0,0,2,3,1,5,0
L3RHWWLB,10,0,1,9,0,0,6,0,1,5,0,0,4,0,0,4,0,0,2,0,0,2,0,0,6,4,2,10,0
GNJRXQEB,1,0,1,0,0,0,0,0,0,0,0,0,1,0,1,0,0,0,1,0,1,0,0,0,0,1,1,1,0
HKGHILLR,44,4,5,27,2,11,12,2,3,8,0,2,32,2,2,19,2,9,7,0,0,5,0,1,14,34,7,48,0
6RMF4HND,187,25,23,129,26,34,91,17,12,61,15,20,96,8,11,68,11,14,21,0,4,15,2,0,108,104,21,212,0
DLDVHNUP,52,9,6,40,15,0,28,4,4,21,7,0,24,5,2,19,8,0,2,0,1,0,1,0,32,29,2,61,0
ARJCECON,1,0,0,1,0,0,1,0,0,1,0,0,0,0,0,0,0,0,0,0,0,0,0,0,1,0,0,1,0
JPLWHRQU,45,6,5,45,1,0,16,4,2,18,0,0,29,2,3,27,1,0,7,0,2,5,0,0,20,31,7,51,0
VSN4FXZD,16,2,5,13,0,0,5,2,2,5,0,0,11,0,3,8,0,0,1,0,0,1,0,0,7,11,1,18,0
D6ULTXC5,21,4,5,18,2,0,10,4,2,10,2,0,11,0,3,8,0,0,2,0,0,2,0,0,14,11,2,25,0
KMSFNDGS,65,3,2,51,9,6,17,1,0,10,2,6,48,2,2,41,7,0,4,1,0,5,0,0,18,50,5,68,0
FOEAHJDV,6,1,0,6,1,0,4,1,0,4,1,0,2,0,0,2,0,0,0,0,0,0,0,0,5,2,0,7,0
LKH3CBVV,106,14,19,82,19,0,45,5,11,33,6,0,61,9,8,49,13,0,3,0,0,3,0,0,50,70,3,120,0
B3VDWMZM,65,8,10,55,5,2,8,2,2,7,1,0,57,6,8,48,4,2,42,2,7,32,2,2,10,63,44,73,0
WUGYNKJL,18,0,3,12,3,0,5,0,1,4,0,0,13,0,2,8,3,0,2,0,1,0,1,0,5,13,2,18,0
X6JOXHD3,60,34,12,39,34,11,43,27,11,24,26,11,17,7,1,15,8,0,0,0,0,0,0,0,70,24,0,94,0
NI484FUJ,2,0,0,1,1,0,0,0,0,0,0,0,2,0,0,1,1,0,2,0,0,1,1,0,0,2,2,2,0
SDCIGK82,17,0,10,7,0,0,4,0,3,1,0,0,13,0,7,6,0,0,2,0,2,0,0,0,4,13,2,17,0
3IO5N9DC,25,6,1,26,4,0,19,3,1,18,3,0,6,3,0,8,1,0,0,0,0,0,0,0,22,9,0,31,0
ZGFZITTF,52,0,7,39,5,1,17,0,4,12,1,0,35,0,3,27,4,1,9,0,0,9,0,0,17,35,9,52,0
H8SJCBNL,40,3,11,32,0,0,10,1,2,9,0,0,30,2,9,23,0,0,4,1,2,3,0,0,11,32,5,43,0
TKOOPTZM,53,4,11,46,0,0,10,3,2,11,0,0,43,1,9,35,0,0,1,0,0,1,0,0,13,44,1,57,0
YQTYNCCI,5,0,0,5,0,0,4,0,0,4,0,0,1,0,0,1,0,0,0,0,0,0,0,0,4,1,0,5,0
KTUMLVMZ,7,8,1,9,5,0,7,8,1,9,5,0,0,0,0,0,0,0,0,0,0,0,0,0,15,0,0,15,0
9MLCBGHI,13,15,2,18,8,0,7,12,2,11,6,0,6,3,0,7,2,0,1,1,0,1,1,0,19,9,2,28,0
HANHIEI1,48,7,12,34,9,0,21,6,5,15,7,0,27,1,7,19,2,0,11,0,2,9,0,0,27,28,11,55,0
38TYDNGK,33,0,9,24,0,0,8,0,3,5,0,0,25,0,6,19,0,0,5,0,2,3,0,0,8,25,5,33,0
J2U7AMFC,9,1,1,8,1,0,6,1,1,5,1,0,3,0,0,3,0,0,0,0,0,0,0,0,7,3,0,10,0
ZW3Z7IBZ,48,1,21,23,0,6,9,0,2,4,0,3,39,1,19,19,0,3,6,0,2,3,0,1,9,40,6,49,0
QBJ4J35A,20,4,0,21,3,0,8,4,0,9,3,0,12,0,0,12,0,0,3,0,0,3,0,0,12,12,3,24,0
CQFLMK65,40,9,8,41,0,0,14,5,5,14,0,0,26,4,3,27,0,0,6,0,0,6,0,0,19,30,6,49,0
FRV3JXBP,1,1,0,2,0,0,1,1,0,2,0,0,0,0,0,0,0,0,0,0,0,0,0,0,2,0,0,2,0
NKGBX9H2,8,0,2,5,1,0,7,0,2,5,0,0,1,0,0,0,1,0,1,0,0,0,1,0,7,1,1,8,0
SLHRDMCF,5,0,0,4,1,0,4,0,0,3,1,0,1,0,0,1,0,0,0,0,0,0,0,0,4,1,0,5,0
PPDHS7FJ,0,2,1,1,0,0,0,1,1,0,0,0,0,1,0,1,0,0,0,0,0,0,0,0,1,1,0,2,0
ZUJ1383U,3,1,1,2,1,0,1,0,1,0,0,0,2,1,0,2,1,0,0,0,0,0,0,0,1,3,0,4,0
PVIXF8JZ,28,0,10,18,0,0,4,0,0,4,0,0,24,0,10,14,0,0,5,0,1,4,0,0,4,24,5,28,0
Z7HEUW6B,52,1,18,34,1,1,13,1,4,9,1,0,39,0,14,25,0,1,5,0,1,4,0,0,14,39,5,53,0
EONTAFFU,0,1,0,1,0,0,0,0,0,0,0,0,0,1,0,1,0,0,0,1,0,1,0,0,0,1,1,1,0
XBWLZCY1,23,1,4,19,1,0,2,1,2,1,0,0,21,0,2,18,1,0,7,0,0,7,0,0,3,21,7,24,0
1HRPEZYB,2,0,1,0,1,0,1,0,1,0,0,0,1,0,0,0,1,0,0,0,0,0,0,0,1,1,0,2,0
9DMRO6BX,8,0,0,7,1,0,5,0,0,4,1,0,3,0,0,3,0,0,1,0,0,1,0,0,5,3,1,8,0
WM8XRFEJ,6,0,1,5,0,0,0,0,0,0,0,0,6,0,1,5,0,0,2,0,0,2,0,0,0,6,2,6,0
CUD7DXOT,52,8,5,41,12,2,31,6,3,21,11,2,21,2,2,20,1,0,5,0,0,5,0,0,37,23,5,60,0
NYKXMVB5,10,1,1,9,1,0,0,0,0,0,0,0,10,1,1,9,1,0,1,0,0,0,1,0,0,11,1,11,0
CJ1PEE6U,20,0,7,13,0,0,10,0,3,7,0,0,10,0,4,6,0,0,0,0,0,0,0,0,10,10,0,20,0
GXVEDZ6M,41,0,20,19,2,0,12,0,4,7,1,0,29,0,16,12,1,0,10,0,5,5,0,0,12,29,10,41,0
WFOCNVF1,8,0,0,5,3,0,7,0,0,5,2,0,1,0,0,0,1,0,0,0,0,0,0,0,7,1,0,8,0
EETDCYBN,78,9,35,45,7,1,19,8,10,14,3,0,59,1,25,31,4,1,8,1,5,3,1,1,27,60,9,87,0
45MILTZM,89,8,14,61,21,2,42,7,10,25,13,1,47,1,4,36,8,1,7,0,2,5,0,0,49,48,7,97,0
SIPZ9ILF,0,2,0,2,0,0,0,0,0,0,0,0,0,2,0,2,0,0,0,0,0,0,0,0,0,2,0,2,0
X5FDGB24,4,2,1,5,0,0,0,2,1,1,0,0,4,0,0,4,0,0,0,0,0,0,0,0,2,4,0,6,0
GUHYCSRV,34,0,5,29,0,0,14,0,4,10,0,0,20,0,1,19,0,0,3,0,0,3,0,0,14,20,3,34,0
AGHSKFEB,45,0,11,34,0,0,14,0,3,11,0,0,31,0,8,23,0,0,4,0,0,4,0,0,14,31,4,45,0
CBLYB4BX,34,0,5,27,2,0,8,0,3,5,0,0,26,0,2,22,2,0,4,0,0,3,1,0,8,26,4,34,0
OMBT82DD,17,1,0,11,7,0,4,1,0,2,3,0,13,0,0,9,4,0,3,0,0,2,1,0,5,13,3,18,0
K1KOVFD8,84,2,32,50,3,1,26,2,10,15,3,0,58,0,22,35,0,1,6,0,3,3,0,0,28,58,6,86,0
VMYEI13K,51,6,12,42,3,0,22,2,3,18,3,0,29,4,9,24,0,0,1,0,0,1,0,0,24,33,1,57,0
XCYEX1EP,12,13,3,21,1,0,10,4,2,12,0,0,2,9,1,9,1,0,2,1,0,2,1,0,14,11,3,25,0
HYECSCFB,8,0,3,3,2,0,2,0,0,2,0,0,6,0,3,1,2,0,4,0,2,0,2,0,2,6,4,8,0
KJCO8E5I,82,12,13,58,20,4,28,5,6,20,7,0,54,7,7,38,13,4,7,1,2,5,1,0,33,61,8,94,0
ZXSSVUKN,13,1,1,8,5,0,1,1,0,2,0,0,12,0,1,6,5,0,3,0,0,3,0,0,2,12,3,14,0
9B5JCGYV,58,4,20,42,0,1,21,4,9,16,0,1,37,0,11,26,0,0,10,0,3,7,0,0,25,37,10,62,0
LNV54IWL,33,5,5,32,1,0,16,2,0,18,0,0,17,3,5,14,1,0,2,0,0,2,0,0,18,20,2,38,0
QUNSRFCX,28,0,13,15,0,0,10,0,5,5,0,0,18,0,8,10,0,0,0,0,0,0,0,0,10,18,0,28,0
YF1A9I2H,41,0,5,35,1,0,11,0,2,9,0,0,30,0,3,26,1,0,5,0,0,4,1,0,11,30,5,41,0
LQH6I9PT,33,3,6,30,0,0,10,3,4,9,0,0,23,0,2,21,0,0,9,0,1,8,0,0,13,23,9,36,0
8WFA1BOC,36,0,5,30,1,0,9,0,0,9,0,0,27,0,5,21,1,0,2,0,0,2,0,0,9,27,2,36,0
X9LDSVBH,23,2,7,18,0,0,8,1,5,4,0,0,15,1,2,14,0,0,3,0,0,3,0,0,9,16,3,25,0
QKABZO9N,43,0,22,21,0,0,8,0,3,5,0,0,35,0,19,16,0,0,10,0,4,6,0,0,8,35,10,43,0
QTSBBN58,1,0,0,1,0,0,0,0,0,0,0,0,1,0,0,1,0,0,1,0,0,1,0,0,0,1,1,1,0
ERMPVVUA,85,11,14,64,17,1,43,5,10,29,9,0,42,6,4,35,8,1,9,1,0,6,3,1,48,48,10,96,0
AWLXGEJG,7,0,3,2,2,0,4,0,1,1,2,0,3,0,2,1,0,0,0,0,0,0,0,0,4,3,0,7,0
ZJRRGY5Z,22,8,4,23,3,0,13,2,2,12,1,0,9,6,2,11,2,0,1,0,0,1,0,0,15,15,1,30,0
WF8JCZ6S,8,0,2,3,1,2,8,0,2,3,1,2,0,0,0,0,0,0,0,0,0,0,0,0,8,0,0,8,0
HWNTSHCO,2,0,0,2,0,0,0,0,0,0,0,0,2,0,0,2,0,0,1,0,0,1,0,0,0,2,1,2,0
ZPYABB2P,29,13,10,28,4,0,12,6,5,11,2,0,17,7,5,17,2,0,5,0,2,3,0,0,18,24,5,42,0
XU7VJYCV,1,0,0,1,0,0,1,0,0,1,0,0,0,0,0,0,0,0,0,0,0,0,0,0,1,0,0,1,0
7BFSJ8NJ,31,12,2,32,9,0,27,9,2,27,7,0,4,3,0,5,2,0,0,0,0,0,0,0,36,7,0,43,0
CU7PCWQL,56,9,7,48,10,0,23,4,6,17,4,0,33,5,1,31,6,0,6,0,1,4,1,0,27,38,6,65,0
PWVD71YK,63,4,13,50,4,0,20,3,2,18,3,0,43,1,11,32,1,0,8,0,2,6,0,0,23,44,8,67,0
PAYAZOJ4,4,6,1,7,2,0,2,1,0,3,0,0,2,5,1,4,2,0,0,0,0,0,0,0,3,7,0,10,0
FWUWHD8F,4,1,1,4,0,0,4,0,1,3,0,0,0,1,0,1,0,0,0,1,0,1,0,0,4,1,1,5,0
TQMNTCVF,18,0,1,17,0,0,5,0,0,5,0,0,13,0,1,12,0,0,2,0,0,2,0,0,5,13,2,18,0
VEX1QVMO,6,0,1,5,0,0,3,0,1,2,0,0,3,0,0,3,0,0,0,0,0,0,0,0,3,3,0,6,0
TRJ4KXPC,24,2,1,23,2,0,9,1,0,8,2,0,15,1,1,15,0,0,2,0,0,2,0,0,10,16,2,26,0
EWXNAAEQ,18,2,2,16,2,0,5,1,2,3,1,0,13,1,0,13,1,0,1,0,0,1,0,0,6,14,1,20,0
DCOICQRL,27,0,6,21,0,0,9,0,3,6,0,0,18,0,3,15,0,0,3,0,1,2,0,0,9,18,3,27,0
X3EEIMLT,36,3,8,29,2,0,20,0,4,16,0,0,16,3,4,13,2,0,0,0,0,0,0,0,20,19,0,39,0
LELVXLZB,34,14,8,37,3,0,5,2,0,7,0,0,29,12,8,30,3,0,2,3,0,5,0,0,7,41,5,48,0
NALT6BEO,6,2,1,7,0,0,3,1,0,4,0,0,3,1,1,3,0,0,1,0,1,0,0,0,4,4,1,8,0
EJLHZXHC,23,14,12,18,3,6,5,2,4,3,0,2,18,12,8,15,3,4,4,0,1,3,0,0,7,30,4,37,0
ELXINGJL,9,0,0,9,0,0,0,0,0,0,0,0,9,0,0,9,0,0,0,0,0,0,0,0,0,9,0,9,0
ZCPJHWXX,25,2,11,15,1,0,16,0,5,10,1,0,9,2,6,5,0,0,1,0,1,0,0,0,16,11,1,27,0
DEKXVWRG,7,0,0,1,1,4,0,0,0,0,0,0,7,0,0,1,1,4,0,0,0,0,0,0,0,7,0,7,0
OVBQUMYO,4,0,0,4,0,0,0,0,0,0,0,0,4,0,0,4,0,0,1,0,0,1,0,0,0,4,1,4,0
GR6AUEPR,11,1,3,9,0,0,4,1,1,4,0,0,7,0,2,5,0,0,1,0,0,1,0,0,5,7,1,12,0
8BAE1Z3U,6,1,0,6,1,0,3,1,0,3,1,0,3,0,0,3,0,0,0,0,0,0,0,0,4,3,0,7,0
BSVHVVBP,23,8,5,24,2,0,7,6,1,11,1,0,16,2,4,13,1,0,6,1,2,4,1,0,13,18,7,31,0
EQNOZKDL,15,5,1,15,4,0,5,3,1,7,0,0,10,2,0,8,4,0,2,0,0,1,1,0,8,12,2,20,0
7UV1LGCP,1,0,0,1,0,0,1,0,0,1,0,0,0,0,0,0,0,0,0,0,0,0,0,0,1,0,0,1,0
JZBFAERI,11,5,6,3,3,3,2,1,2,0,1,0,9,4,4,3,2,3,7,3,4,2,0,3,3,13,10,16,0
NHB4XKU1,6,0,0,6,0,0,0,0,0,0,0,0,6,0,0,6,0,0,6,0,0,6,0,0,0,6,6,6,0
QGGG8DI5,5,0,0,5,0,0,1,0,0,1,0,0,4,0,0,4,0,0,2,0,0,2,0,0,1,4,2,5,0
QRKIZL4H,14,1,1,8,6,0,3,0,0,3,0,0,11,1,1,5,6,0,1,1,0,2,0,0,3,12,2,15,0
IITENNNV,1,2,0,3,0,0,1,2,0,3,0,0,0,0,0,0,0,0,0,0,0,0,0,0,3,0,0,3,0
FTVPD5ZN,5,0,0,5,0,0,3,0,0,3,0,0,2,0,0,2,0,0,1,0,0,1,0,0,3,2,1,5,0
YHPRWVAY,53,0,24,25,4,3,13,0,6,4,3,1,40,0,18,21,1,2,6,0,2,4,0,0,13,40,6,53,0
2F8K6B7K,3,0,0,3,0,0,0,0,0,0,0,0,3,0,0,3,0,0,0,0,0,0,0,0,0,3,0,3,0
DVXOTECF,33,0,1,29,3,0,22,0,1,20,1,0,11,0,0,9,2,0,0,0,0,0,0,0,22,11,0,33,0
YAOO4GCO,59,3,10,52,0,1,9,3,2,10,0,0,50,0,8,42,0,1,11,0,1,10,0,0,12,50,11,62,0
WFIYWKQL,10,5,2,13,0,0,2,2,1,3,0,0,8,3,1,10,0,0,0,1,0,1,0,0,4,11,1,15,0
S4OJCATR,22,0,4,18,0,0,12,0,2,10,0,0,10,0,2,8,0,0,1,0,0,1,0,0,12,10,1,22,0
LWZKN89C,17,2,5,12,2,0,11,0,3,7,1,0,6,2,2,5,1,0,0,0,0,0,0,0,11,8,0,19,0
S5VHXLZC,57,2,6,52,1,0,9,2,1,10,0,0,48,0,5,42,1,0,20,0,2,18,0,0,11,48,20,59,0
PDURUNEU,27,8,1,21,8,4,9,4,1,9,3,0,18,4,0,12,5,4,0,0,0,0,0,0,13,22,0,35,0
GJHHV3AO,36,2,2,29,6,1,17,2,1,13,5,0,19,0,1,16,1,1,1,0,0,1,0,0,19,19,1,38,0
7NIWWL1Y,16,1,3,14,0,0,7,1,2,6,0,0,9,0,1,8,0,0,0,0,0,0,0,0,8,9,0,17,0
GGTLJJBB,30,0,3,26,1,0,4,0,1,3,0,0,26,0,2,23,1,0,7,0,2,4,1,0,4,26,7,30,0
CFC4OSRE,45,0,10,34,1,0,8,0,1,7,0,0,37,0,9,27,1,0,11,0,2,9,0,0,8,37,11,45,0
IJ9QUUTR,119,30,15,98,36,1,36,10,7,29,10,0,83,20,8,69,26,1,16,0,2,12,2,0,46,103,16,149,0
RCAYDIPT,16,2,5,12,1,0,8,2,4,5,1,0,8,0,1,7,0,0,2,0,0,2,0,0,10,8,2,18,0
A4DTHVCE,69,16,6,61,17,1,6,6,3,5,4,0,63,10,3,56,13,1,5,0,0,5,0,0,12,73,5,85,0
DTDYFXZI,16,3,8,10,1,1,5,1,2,4,0,0,11,2,6,6,1,1,1,0,0,1,0,0,6,13,1,19,0
GDJCSYCH,27,11,2,30,6,0,22,10,2,25,5,0,5,1,0,5,1,0,2,0,0,2,0,0,32,6,2,38,0
QKG26YFZ,12,7,10,9,0,0,4,1,3,2,0,0,8,6,7,7,0,0,6,0,5,1,0,0,5,14,6,19,0
U9PKL6FC,22,5,2,16,8,1,4,3,2,5,0,0,18,2,0,11,8,1,1,0,0,1,0,0,7,20,1,27,0
XZBR3RQT,38,3,11,29,1,0,12,3,5,10,0,0,26,0,6,19,1,0,5,0,1,3,1,0,15,26,5,41,0
IL6NF5WI,136,14,50,81,19,5,51,9,25,31,4,4,85,5,25,50,15,1,2,2,1,2,1,0,60,90,4,150,0
8TBJDLL2,8,4,5,7,0,0,4,3,4,3,0,0,4,1,1,4,0,0,3,0,1,2,0,0,7,5,3,12,0
SYFDROZX,3,3,1,4,1,0,1,3,0,3,1,0,2,0,1,1,0,0,0,0,0,0,0,0,4,2,0,6,0
6CHRNWPM,74,13,28,38,21,0,60,11,24,31,16,0,14,2,4,7,5,0,1,0,0,1,0,0,71,16,1,87,0
HODVI6EH,11,0,1,10,0,0,6,0,1,5,0,0,5,0,0,5,0,0,1,0,0,1,0,0,6,5,1,11,0
ENQHS3OZ,9,1,2,8,0,0,8,0,0,8,0,0,1,1,2,0,0,0,1,0,1,0,0,0,8,2,1,10,0
9PGU6G16,6,4,0,10,0,0,3,3,0,6,0,0,3,1,0,4,0,0,1,0,0,1,0,0,6,4,1,10,0
J7ZDOXCU,10,3,3,7,2,1,3,3,2,4,0,0,7,0,1,3,2,1,1,0,0,1,0,0,6,7,1,13,0
IQFHANDC,251,54,71,194,38,7,144,22,42,108,16,3,107,32,29,86,22,4,10,3,2,11,0,0,166,139,13,305,0
W12QABZE,34,0,8,26,0,1,8,0,2,6,0,1,26,0,6,20,0,0,8,0,1,7,0,0,8,26,8,34,0
MYM6X5PU,10,1,0,11,0,0,2,0,0,2,0,0,8,1,0,9,0,0,2,0,0,2,0,0,2,9,2,11,0
O3AMHCYS,145,31,44,106,26,0,53,16,16,41,12,0,92,15,28,65,14,0,36,4,9,30,1,0,69,107,40,176,0
STATOLDR,3,0,0,2,1,0,1,0,0,0,1,0,2,0,0,2,0,0,1,0,0,1,0,0,1,2,1,3,0
1UWXVQ8H,15,0,3,12,0,0,8,0,1,7,0,0,7,0,2,5,0,0,0,0,0,0,0,0,8,7,0,15,0
8LOVDU4Y,8,0,1,6,1,0,3,0,1,2,0,0,5,0,0,4,1,0,0,0,0,0,0,0,3,5,0,8,0
RMMJQJCA,11,4,1,2,4,8,2,1,1,2,0,0,9,3,0,0,4,8,0,0,0,0,0,0,3,12,0,15,0
69174DLR,9,1,2,8,0,0,3,1,1,3,0,0,6,0,1,5,0,0,2,0,0,2,0,0,4,6,2,10,0
4QIYQFPN,98,15,11,67,25,10,53,13,4,35,17,10,45,2,7,32,8,0,5,0,0,2,3,0,66,47,5,113,0
AJLQGNHS,7,1,2,5,1,0,1,0,0,1,0,0,6,1,2,4,1,0,0,0,0,0,0,0,1,7,0,8,0
QSNPXEB4,10,2,5,7,0,0,5,2,1,6,0,0,5,0,4,1,0,0,0,0,0,0,0,0,7,5,0,12,0
UJP2KUPS,3,0,0,3,0,0,0,0,0,0,0,0,3,0,0,3,0,0,1,0,0,1,0,0,0,3,1,3,0
GUKSELLG,17,0,5,12,0,0,7,0,3,4,0,0,10,0,2,8,0,0,1,0,0,1,0,0,7,10,1,17,0
NKXTKDSG,53,0,11,40,2,0,14,0,2,11,1,0,39,0,9,29,1,0,9,0,2,6,1,0,14,39,9,53,0
JHUAQKDF,36,2,11,27,0,0,5,2,3,4,0,0,31,0,8,23,0,0,0,0,0,0,0,0,7,31,0,38,0
MKUPGVND,4,0,1,3,0,0,2,0,0,2,0,0,2,0,1,1,0,0,2,0,1,1,0,0,2,2,2,4,0
W2SYDLUQ,7,0,0,7,0,0,4,0,0,4,0,0,3,0,0,3,0,0,0,0,0,0,0,0,4,3,0,7,0
XXTALIKG,61,5,18,39,2,3,12,0,3,8,0,0,49,5,15,31,2,3,14,0,5,7,1,0,12,54,14,66,0
LDDJ7WEO,4,0,1,3,0,0,4,0,1,3,0,0,0,0,0,0,0,0,0,0,0,0,0,0,4,0,0,4,0
MU9JMIIO,5,1,0,6,0,0,1,1,0,2,0,0,4,0,0,4,0,0,0,0,0,0,0,0,2,4,0,6,0
6WCDI3M7,3,0,0,3,0,0,1,0,0,1,0,0,2,0,0,2,0,0,1,0,0,1,0,0,1,2,1,3,0
IZSXR6UW,25,4,10,11,8,0,7,1,5,3,0,0,18,3,5,8,8,0,0,0,0,0,0,0,8,21,0,29,0
TPDJJS7A,45,8,0,40,13,0,25,3,0,21,7,0,20,5,0,19,6,0,2,0,0,2,0,0,28,25,2,53,0
N4WUQCZW,37,1,12,25,1,0,8,0,5,3,0,0,29,1,7,22,1,0,3,0,0,3,0,0,8,30,3,38,0
BHKXKYSN,12,0,8,4,0,0,4,0,3,1,0,0,8,0,5,3,0,0,3,0,2,1,0,0,4,8,3,12,0
FYXIQ7ML,15,3,7,11,0,0,2,1,1,2,0,0,13,2,6,9,0,0,6,0,4,2,0,0,3,15,6,18,0
22M1WTZE,1,0,0,1,0,0,0,0,0,0,0,0,1,0,0,1,0,0,0,0,0,0,0,0,0,1,0,1,0
VJKBXZ79,7,0,0,2,5,0,2,0,0,2,0,0,5,0,0,0,5,0,0,0,0,0,0,0,2,5,0,7,0
KSMNABUX,140,40,20,117,41,2,64,20,9,46,27,2,76,20,11,71,14,0,11,1,0,10,2,0,84,96,12,180,0
WZBVCCOO,68,6,9,60,5,0,20,2,5,16,1,0,48,4,4,44,4,0,10,2,2,9,1,0,22,52,12,74,0
WFNGTXSI,86,27,15,88,10,0,66,22,13,69,6,0,20,5,2,19,4,0,5,0,0,5,0,0,88,25,5,113,0
JKW8PCH1,7,0,0,7,0,0,5,0,0,5,0,0,2,0,0,2,0,0,0,0,0,0,0,0,5,2,0,7,0
5DRS55BU,37,9,10,31,5,0,10,8,1,14,3,0,27,1,9,17,2,0,4,0,1,3,0,0,18,28,4,46,0
ZGKFCDPY,3,4,0,6,1,0,0,2,0,2,0,0,3,2,0,4,1,0,0,0,0,0,0,0,2,5,0,7,0
P3P2PGWU,9,6,4,8,3,0,4,2,3,3,0,0,5,4,1,5,3,0,0,0,0,0,0,0,6,9,0,15,0
P7YMNKGS,6,1,0,3,4,0,0,0,0,0,0,0,6,1,0,3,4,0,2,0,0,1,1,0,0,7,2,7,0
6HXUXZDF,22,0,5,14,3,0,5,0,1,2,2,0,17,0,4,12,1,0,4,0,1,3,0,0,5,17,4,22,0
27XOM299,2,0,0,2,0,0,1,0,0,1,0,0,1,0,0,1,0,0,1,0,0,1,0,0,1,1,1,2,0
UJWM2CKS,4,0,0,4,0,0,0,0,0,0,0,0,4,0,0,4,0,0,4,0,0,4,0,0,0,4,4,4,0
Z3KTN7LE,24,8,2,27,3,0,13,7,2,15,3,0,11,1,0,12,0,0,2,0,0,2,0,0,20,12,2,32,0
VYCTDSQW,30,0,17,13,0,3,22,0,12,10,0,2,8,0,5,3,0,1,5,0,3,2,0,0,22,8,5,30,0
1UTOSRZC,0,1,0,1,0,0,0,1,0,1,0,0,0,0,0,0,0,0,0,0,0,0,0,0,1,0,0,1,0
GAGKOAQG,37,1,10,27,1,0,15,0,3,11,1,0,22,1,7,16,0,0,0,0,0,0,0,0,15,23,0,38,0
CRHDFTFA,13,2,0,15,0,0,5,1,0,6,0,0,8,1,0,9,0,0,1,0,0,1,0,0,6,9,1,15,0
NXNBSX7B,10,5,0,3,1,11,0,3,0,2,1,0,10,2,0,1,0,11,0,0,0,0,0,0,3,12,0,15,0
2TRXDZXS,13,1,2,9,3,0,7,1,1,5,2,0,6,0,1,4,1,0,0,0,0,0,0,0,8,6,0,14,0
921BIVXX,20,5,1,5,4,15,0,2,0,2,0,0,20,3,1,3,4,15,2,0,0,1,1,0,2,23,2,25,0
KIJTOZJZ,7,0,1,6,0,0,3,0,0,3,0,0,4,0,1,3,0,0,0,0,0,0,0,0,3,4,0,7,0
IVEWSNRG,19,9,3,19,6,0,5,7,3,7,2,0,14,2,0,12,4,0,3,0,0,2,1,0,12,16,3,28,0
J22TWKRJ,58,13,18,38,15,0,47,9,17,30,9,0,11,4,1,8,6,0,0,0,0,0,0,0,56,15,0,71,0
VSYRKDPB,49,9,13,42,3,1,20,9,9,17,3,1,29,0,4,25,0,0,4,0,0,4,0,0,29,29,4,58,0
BZPGCKMT,3,0,0,3,0,0,2,0,0,2,0,0,1,0,0,1,0,0,0,0,0,0,0,0,2,1,0,3,0
WFQ7G1EM,58,1,15,42,2,0,14,0,5,8,1,0,44,1,10,34,1,0,6,0,3,3,0,0,14,45,6,59,0
5F6CALKN,89,21,4,91,14,1,55,13,1,56,10,1,34,8,3,35,4,0,3,0,1,2,0,0,68,42,3,110,0
BUSWIKWC,10,1,2,8,1,0,2,0,1,0,1,0,8,1,1,8,0,0,0,0,0,0,0,0,2,9,0,11,0
DTOFWSDP,44,0,11,33,0,1,19,0,3,16,0,1,25,0,8,17,0,0,0,0,0,0,0,0,19,25,0,44,0
YEJXYJF4,0,2,0,2,0,0,0,2,0,2,0,0,0,0,0,0,0,0,0,0,0,0,0,0,2,0,0,2,0
VAASKYHX,11,5,3,9,4,0,4,4,2,6,0,0,7,1,1,3,4,0,0,0,0,0,0,0,8,8,0,16,0
KCNY67QP,8,2,1,3,2,3,1,2,0,1,2,0,7,0,1,2,0,3,2,0,1,1,0,0,3,7,2,10,0
ZQBZKBRI,66,13,6,63,9,1,39,8,6,35,6,0,27,5,0,28,3,1,0,0,0,0,0,0,47,32,0,79,0
UKR6TPYN,41,3,22,22,0,3,16,3,12,7,0,3,25,0,10,15,0,0,6,0,3,3,0,0,19,25,6,44,0
YRATXJJ9,7,2,0,2,7,0,3,1,0,0,4,0,4,1,0,2,3,0,1,0,0,1,0,0,4,5,1,9,0
3UESJA23,17,0,3,11,3,0,10,0,1,7,2,0,7,0,2,4,1,0,3,0,0,2,1,0,10,7,3,17,0
YAL8J4NI,27,1,6,21,1,0,11,1,1,10,1,0,16,0,5,11,0,0,0,0,0,0,0,0,12,16,0,28,0
CUH5XIIO,14,5,2,16,1,0,8,1,1,8,0,0,6,4,1,8,1,0,0,0,0,0,0,0,9,10,0,19,0
YAAUJCUK,21,18,5,25,9,0,15,17,4,21,7,0,6,1,1,4,2,0,0,0,0,0,0,0,32,7,0,39,0
TAPES3UN,46,3,19,18,0,10,25,3,14,3,0,9,21,0,5,15,0,1,3,0,0,3,0,0,28,21,3,49,0
V8CPGD6L,5,2,2,5,0,1,3,0,1,2,0,0,2,2,1,3,0,1,0,0,0,0,0,0,3,4,0,7,0
ERKX1SXH,4,1,1,4,0,0,2,0,0,2,0,0,2,1,1,2,0,0,0,0,0,0,0,0,2,3,0,5,0
GD9ZLFWS,7,5,5,7,0,1,2,3,2,3,0,0,5,2,3,4,0,1,2,0,1,1,0,0,5,7,2,12,0
AK4XNUKK,40,12,5,36,11,0,24,8,2,21,9,0,16,4,3,15,2,0,0,1,0,1,0,0,32,20,1,52,0
NYQCNB3P,3,1,2,2,0,0,0,0,0,0,0,0,3,1,2,2,0,0,3,1,2,2,0,0,0,4,4,4,0
DGKO8XTO,71,3,9,65,0,0,16,1,3,14,0,0,55,2,6,51,0,0,7,0,0,7,0,0,17,57,7,74,0
IO9ILI5M,6,3,0,9,0,0,4,1,0,5,0,0,2,2,0,4,0,0,0,0,0,0,0,0,5,4,0,9,0
FCDMXQMB,86,7,2,77,14,0,47,3,2,35,13,0,39,4,0,42,1,0,9,0,0,9,0,0,50,43,9,93,0
7UEAVUBN,18,3,8,13,0,1,7,3,4,6,0,1,11,0,4,7,0,0,0,0,0,0,0,0,10,11,0,21,0
F3LPDSKG,54,12,19,43,4,0,34,11,13,29,3,0,20,1,6,14,1,0,2,0,0,2,0,0,45,21,2,66,0
DZGDFHLT,27,5,2,28,0,1,8,1,0,9,0,0,19,4,2,19,0,1,3,0,0,3,0,0,9,23,3,32,0
NBQ4LDMB,80,0,11,56,9,5,27,0,5,16,5,1,53,0,6,40,4,4,5,0,0,5,0,0,27,53,5,80,0
IUEGAUTI,9,1,5,5,0,2,5,1,3,3,0,1,4,0,2,2,0,1,1,0,0,1,0,0,6,4,1,10,0
IDOOLIYK,9,0,0,1,4,4,7,0,0,1,3,3,2,0,0,0,1,1,0,0,0,0,0,0,7,2,0,9,0
ML5XCARP,1,0,0,1,0,0,1,0,0,1,0,0,0,0,0,0,0,0,0,0,0,0,0,0,1,0,0,1,0
UOVMTPJK,3,2,0,5,0,0,1,1,0,2,0,0,2,1,0,3,0,0,1,1,0,2,0,0,2,3,2,5,0
RFD6VHPO,5,8,2,11,0,0,0,2,0,2,0,0,5,6,2,9,0,0,4,1,2,3,0,0,2,11,5,13,0
RD5UM3TC,4,2,1,5,0,0,2,0,0,2,0,0,2,2,1,3,0,0,1,0,0,1,0,0,2,4,1,6,0
32WMXZLR,1,0,0,1,0,0,0,0,0,0,0,0,1,0,0,1,0,0,0,0,0,0,0,0,0,1,0,1,0
APXYERIN,70,27,6,46,28,17,21,8,2,19,8,0,49,19,4,27,20,17,1,0,0,1,0,0,29,68,1,97,0
UPEDJRJD,5,0,0,5,0,0,3,0,0,3,0,0,2,0,0,2,0,0,1,0,0,1,0,0,3,2,1,5,0
75RAEPS7,84,18,42,53,5,4,28,10,16,17,4,2,56,8,26,36,1,2,8,0,5,3,0,1,38,64,8,102,0
RIFMHOJM,21,1,4,17,0,1,8,1,1,7,0,1,13,0,3,10,0,0,2,0,0,2,0,0,9,13,2,22,0
M6KNYH5U,12,3,2,11,1,1,8,3,2,7,1,1,4,0,0,4,0,0,1,0,0,1,0,0,11,4,1,15,0
NYMKWEOC,3,0,2,1,0,0,3,0,2,1,0,0,0,0,0,0,0,0,0,0,0,0,0,0,3,0,0,3,0
XYZZPGDR,44,0,13,31,0,1,13,0,4,9,0,1,31,0,9,22,0,0,3,0,0,3,0,0,13,31,3,44,0
NKUA69MG,73,34,17,41,34,15,27,18,6,14,14,11,46,16,11,27,20,4,12,0,1,3,5,3,45,62,12,107,0
74EJZEVA,80,0,22,58,0,0,11,0,1,10,0,0,69,0,21,48,0,0,12,0,4,8,0,0,11,69,12,80,0
XQLYD1BD,85,3,12,71,5,0,21,2,3,19,1,0,64,1,9,52,4,0,8,0,2,6,0,0,23,65,8,88,0
GQBVKPOM,9,9,1,12,5,0,5,8,1,11,1,0,4,1,0,1,4,0,0,0,0,0,0,0,13,5,0,18,0
GUZHDVAG,53,12,13,44,8,1,20,5,5,15,5,1,33,7,8,29,3,0,4,2,3,3,0,0,25,40,6,65,0
NMFXR1X6,4,1,2,2,1,0,2,0,0,2,0,0,2,1,2,0,1,0,1,0,0,0,1,0,2,3,1,5,0
6UNBVGOC,1,0,0,0,1,0,0,0,0,0,0,0,1,0,0,0,1,0,0,0,0,0,0,0,0,1,0,1,0
IA1SGIZF,2,0,1,1,0,0,0,0,0,0,0,0,2,0,1,1,0,0,2,0,1,1,0,0,0,2,2,2,0
3QMWG6UI,11,0,5,6,0,0,2,0,0,2,0,0,9,0,5,4,0,0,3,0,1,2,0,0,2,9,3,11,0
XENTAVJZ,1,0,0,1,0,0,0,0,0,0,0,0,1,0,0,1,0,0,0,0,0,0,0,0,0,1,0,1,0
YM9UXWFF,6,1,1,6,0,0,4,0,1,3,0,0,2,1,0,3,0,0,1,0,0,1,0,0,4,3,1,7,0
2XNMFJQP,29,7,0,8,19,9,6,3,0,5,4,0,23,4,0,3,15,9,0,0,0,0,0,0,9,27,0,36,0
MQQMJGQ3,1,0,1,0,0,0,0,0,0,0,0,0,1,0,1,0,0,0,0,0,0,0,0,0,0,1,0,1,0
SR2QWQ5O,7,0,1,6,0,1,0,0,0,0,0,0,7,0,1,6,0,1,1,0,0,1,0,0,0,7,1,7,0
YADLKTMB,7,0,3,4,0,0,1,0,0,1,0,0,6,0,3,3,0,0,1,0,0,1,0,0,1,6,1,7,0
D91T7UHN,54,10,3,46,15,0,21,7,2,18,8,0,33,3,1,28,7,0,13,0,0,10,3,0,28,36,13,64,0
EOPODX9G,33,0,8,24,1,0,7,0,2,5,0,0,26,0,6,19,1,0,4,0,1,3,0,0,7,26,4,33,0
F8MCZRFO,77,9,26,54,6,1,37,8,19,23,3,1,40,1,7,31,3,0,12,1,5,6,2,0,45,41,13,86,0
U2HUUC9U,57,6,1,45,16,1,40,1,0,31,9,1,17,5,1,14,7,0,3,0,1,2,0,0,41,22,3,63,0
9LE52HHA,18,4,4,11,3,5,1,0,0,1,0,0,17,4,4,10,3,5,4,0,1,3,0,1,1,21,4,22,0
LZMLK3PL,26,1,1,13,5,8,22,0,0,9,5,8,4,1,1,4,0,0,0,0,0,0,0,0,22,5,0,27,0
ARJY21TF,2,2,0,2,2,0,1,2,0,2,1,0,1,0,0,0,1,0,1,0,0,0,1,0,3,1,1,4,0
YTUEHKEC,67,1,8,47,13,0,21,1,0,14,8,0,46,0,8,33,5,0,13,0,2,8,3,0,22,46,13,68,0
JCIBQMRI,0,2,2,0,0,0,0,0,0,0,0,0,0,2,2,0,0,0,0,0,0,0,0,0,0,2,0,2,0
CYIMCRBS,9,0,3,6,0,0,6,0,3,3,0,0,3,0,0,3,0,0,0,0,0,0,0,0,6,3,0,9,0
VN5NTECB,1,0,0,1,0,0,1,0,0,1,0,0,0,0,0,0,0,0,0,0,0,0,0,0,1,0,0,1,0
XOHNELPA,89,1,22,62,6,0,24,1,8,13,4,0,65,0,14,49,2,0,4,0,0,3,1,0,25,65,4,90,0
MRYXGDDV,8,3,1,5,0,5,3,0,0,3,0,0,5,3,1,2,0,5,2,0,1,1,0,0,3,8,2,11,0
WJ86MVO4,39,10,20,27,2,0,17,7,11,12,1,0,22,3,9,15,1,0,4,0,1,2,1,0,24,25,4,49,0
Q8BSEKTJ,55,6,11,46,4,0,16,5,4,15,2,0,39,1,7,31,2,0,7,0,2,4,1,0,21,40,7,61,0
BMYJDVTN,1,0,0,1,0,0,0,0,0,0,0,0,1,0,0,1,0,0,1,0,0,1,0,0,0,1,1,1,0
PLHRJNBK,13,2,1,9,2,2,6,0,1,0,2,2,7,2,0,9,0,0,1,1,0,2,0,0,6,9,2,15,0
1FBDAZH6,31,4,13,21,1,3,1,4,0,5,0,0,30,0,13,16,1,3,3,0,1,2,0,1,5,30,3,35,0
L3FLA16P,113,24,25,97,15,0,58,13,8,56,7,0,55,11,17,41,8,0,13,2,1,12,2,0,71,66,15,137,0
ULL7LUQZ,43,4,3,42,2,0,17,4,0,20,1,0,26,0,3,22,1,0,2,0,0,2,0,0,21,26,2,47,0
QCKZZAGV,33,0,9,24,0,1,7,0,1,6,0,0,26,0,8,18,0,1,7,0,2,5,0,0,7,26,7,33,0
K2NMAZXI,11,2,0,8,5,0,2,0,0,2,0,0,9,2,0,6,5,0,0,0,0,0,0,0,2,11,0,13,0
8LQCP5CA,7,1,0,7,0,1,3,0,0,3,0,0,4,1,0,4,0,1,0,0,0,0,0,0,3,5,0,8,1
SH9CCU3E,3,1,0,1,3,0,0,0,0,0,0,0,3,1,0,1,3,0,3,1,0,1,3,0,0,4,4,4,0
LGDSYHUC,4,1,1,3,1,0,4,1,1,3,1,0,0,0,0,0,0,0,0,0,0,0,0,0,5,0,0,5,0
LR32FAEQ,7,5,1,11,0,0,0,0,0,0,0,0,7,5,1,11,0,0,7,5,1,11,0,0,0,12,12,12,0
E77JVTRD,4,1,0,2,3,0,3,1,0,2,2,0,1,0,0,0,1,0,1,0,0,0,1,0,4,1,1,5,0
GC5SLRBQ,7,0,0,6,1,0,4,0,0,4,0,0,3,0,0,2,1,0,1,0,0,1,0,0,4,3,1,7,0
6WBHWUGZ,69,3,28,44,0,0,21,1,8,14,0,0,48,2,20,30,0,0,6,1,5,2,0,0,22,50,7,72,0
DITBOCNE,4,1,3,1,1,0,2,1,2,0,1,0,2,0,1,1,0,0,0,0,0,0,0,0,3,2,0,5,0
P1ARZCTW,17,0,11,6,0,0,12,0,9,3,0,0,5,0,2,3,0,0,4,0,1,3,0,0,12,5,4,17,0
CQ6QQRRP,35,3,2,36,0,0,16,3,1,18,0,0,19,0,1,18,0,0,5,0,1,4,0,0,19,19,5,38,0
UMCVSXJZ,3,0,0,3,0,0,0,0,0,0,0,0,3,0,0,3,0,0,1,0,0,1,0,0,0,3,1,3,0
P5Q1JSKC,14,0,1,13,0,0,5,0,0,5,0,0,9,0,1,8,0,0,3,0,0,3,0,0,5,9,3,14,0
CT2CA9E5,15,0,4,11,0,0,9,0,2,7,0,0,6,0,2,4,0,0,1,0,1,0,0,0,9,6,1,15,0
7JXHY9SH,5,0,0,5,0,0,5,0,0,5,0,0,0,0,0,0,0,0,0,0,0,0,0,0,5,0,0,5,0
SE8LUN4X,74,16,5,64,21,0,37,12,0,33,16,0,37,4,5,31,5,0,3,0,1,2,0,0,49,41,3,90,0
PWEUBH3P,10,2,1,11,0,0,3,0,1,2,0,0,7,2,0,9,0,0,2,1,0,3,0,0,3,9,3,12,0
IVTA5YVA,1,0,0,1,0,0,0,0,0,0,0,0,1,0,0,1,0,0,0,0,0,0,0,0,0,1,0,1,0
RSWNBKSO,10,5,1,14,0,0,3,1,0,4,0,0,7,4,1,10,0,0,1,0,0,1,0,0,4,11,1,15,0
BAGAHWZM,2,1,0,3,0,0,2,0,0,2,0,0,0,1,0,1,0,0,0,0,0,0,0,0,2,1,0,3,0
X2UQL8VI,35,4,13,26,0,1,12,2,7,7,0,0,23,2,6,19,0,1,2,0,1,1,0,1,14,25,2,39,0
TQ5142LM,27,0,16,11,0,0,8,0,4,4,0,0,19,0,12,7,0,0,5,0,2,3,0,0,8,19,5,27,0
BRX3AMCX,8,0,0,7,1,0,4,0,0,4,0,0,4,0,0,3,1,0,0,0,0,0,0,0,4,4,0,8,0
PEIDT5DS,157,17,23,129,22,0,37,8,13,32,0,0,120,9,10,97,22,0,15,0,0,13,2,0,45,129,15,174,0
AGZG1OKN,13,0,1,11,1,0,7,0,0,6,1,0,6,0,1,5,0,0,0,0,0,0,0,0,7,6,0,13,0
MDCK5R4P,8,1,1,8,0,0,4,1,1,4,0,0,4,0,0,4,0,0,2,0,0,2,0,0,5,4,2,9,0
X34FTTIO,19,8,3,22,2,0,13,5,0,16,2,0,6,3,3,6,0,0,1,1,0,2,0,0,18,9,2,27,0
GRJ9ZTWD,1,0,0,1,0,0,0,0,0,0,0,0,1,0,0,1,0,0,1,0,0,1,0,0,0,1,1,1,0
HCVUIJCF,15,1,0,13,3,0,5,0,0,5,0,0,10,1,0,8,3,0,2,0,0,2,0,0,5,11,2,16,0
FBGOZP55,1,2,0,3,0,0,0,2,0,2,0,0,1,0,0,1,0,0,0,0,0,0,0,0,2,1,0,3,0
YFZQFSGM,1,0,0,1,0,0,0,0,0,0,0,0,1,0,0,1,0,0,1,0,0,1,0,0,0,1,1,1,0
OTRHLYCZ,7,2,1,8,0,0,4,1,0,5,0,0,3,1,1,3,0,0,1,0,0,1,0,0,5,4,1,9,0
DBBKUHI1,5,1,0,4,2,0,5,1,0,4,2,0,0,0,0,0,0,0,0,0,0,0,0,0,6,0,0,6,0
GIAWZQOI,51,7,8,47,3,0,18,2,1,18,1,0,33,5,7,29,2,0,8,0,0,8,0,0,20,38,8,58,0
8WYP8MHZ,4,3,2,5,0,0,1,0,0,1,0,0,3,3,2,4,0,0,0,0,0,0,0,0,1,6,0,7,0
FHEUEBQK,20,1,0,13,5,3,13,1,0,7,4,3,7,0,0,6,1,0,0,0,0,0,0,0,14,7,0,21,0
UVSACIBP,11,0,2,9,0,0,4,0,1,3,0,0,7,0,1,6,0,0,2,0,0,2,0,0,4,7,2,11,0
IMLTB1AZ,13,7,5,9,6,0,2,7,0,4,5,0,11,0,5,5,1,0,0,0,0,0,0,0,9,11,0,20,0
YDW6ZW3P,11,2,8,5,0,1,8,2,7,3,0,0,3,0,1,2,0,1,1,0,0,1,0,0,10,3,1,13,0
UC1OCZTG,16,0,5,9,2,0,8,0,2,4,2,0,8,0,3,5,0,0,2,0,1,1,0,0,8,8,2,16,0
TWMCKDUI,15,1,5,11,0,0,6,0,3,3,0,0,9,1,2,8,0,0,1,0,0,1,0,0,6,10,1,16,0
6V8ZRHNF,1,2,1,2,0,0,1,2,1,2,0,0,0,0,0,0,0,0,0,0,0,0,0,0,3,0,0,3,0
K1SECTWT,9,2,1,7,2,1,3,0,0,1,1,1,6,2,1,6,1,0,0,0,0,0,0,0,3,8,0,11,0
RR5PVIE8,44,8,15,32,5,0,23,8,13,13,5,0,21,0,2,19,0,0,2,0,0,2,0,0,31,21,2,52,0
JFRUWJEO,9,0,0,8,0,1,4,0,0,4,0,0,5,0,0,4,0,1,3,0,0,3,0,0,4,5,3,9,0
QJBHTGHC,68,1,25,43,0,1,22,0,6,15,0,1,46,1,19,28,0,0,7,0,3,4,0,0,22,47,7,69,0
HGJY7RPF,32,1,12,21,0,1,11,0,5,6,0,1,21,1,7,15,0,0,7,0,2,5,0,0,11,22,7,33,0
2Z96SYFT,41,0,5,27,4,5,17,0,4,10,1,2,24,0,1,17,3,3,0,0,0,0,0,0,17,24,0,41,0
MAQJQNVO,3,3,0,3,3,0,2,3,0,3,2,0,1,0,0,0,1,0,0,0,0,0,0,0,5,1,0,6,0
V3L8DTJL,50,30,6,43,30,2,39,23,5,35,21,1,11,7,1,8,9,1,0,0,0,0,0,0,62,18,0,80,0
SE9OEM9X,55,8,3,48,10,2,22,4,1,21,4,0,33,4,2,27,6,2,1,1,0,1,1,0,26,37,2,63,0
MJW5FPOC,3,0,0,3,0,0,2,0,0,2,0,0,1,0,0,1,0,0,0,0,0,0,0,0,2,1,0,3,0
O8F2R8UN,0,3,0,3,0,0,0,2,0,2,0,0,0,1,0,1,0,0,0,0,0,0,0,0,2,1,0,3,0
GWKANAAR,7,0,2,3,2,0,3,0,2,1,0,0,4,0,0,2,2,0,0,0,0,0,0,0,3,4,0,7,0
KOCBIPSL,19,4,8,15,0,0,7,3,5,5,0,0,12,1,3,10,0,0,2,1,0,3,0,0,10,13,3,23,0
2YUF1CKU,168,65,80,120,29,6,79,23,44,44,11,4,89,42,36,76,18,2,14,16,3,21,6,0,102,131,30,233,0
3YGK3DYQ,68,29,1,46,50,0,34,9,1,20,22,0,34,20,0,26,28,0,2,1,0,2,1,0,43,54,3,97,0
LRVUM45T,13,3,0,4,9,3,11,3,0,3,8,3,2,0,0,1,1,0,0,0,0,0,0,0,14,2,0,16,0
NAHQXYQQ,24,18,2,24,16,0,9,2,1,7,3,0,15,16,1,17,13,0,2,2,0,2,2,0,11,31,4,42,0
PHIJ2ER3,2,0,0,2,0,0,2,0,0,2,0,0,0,0,0,0,0,0,0,0,0,0,0,0,2,0,0,2,0
ZT6DZVOT,39,2,4,11,0,26,10,2,1,5,0,6,29,0,3,6,0,20,3,0,0,1,0,2,12,29,3,41,0
UC7R7LVV,56,0,12,44,0,0,12,0,1,11,0,0,44,0,11,33,0,0,8,0,1,7,0,0,12,44,8,56,0
8O5JICGQ,47,2,17,30,0,1,14,1,0,14,0,0,33,1,17,16,0,1,6,0,2,4,0,0,15,34,6,49,0
WTBDBXSV,63,8,5,36,16,14,25,6,0,13,7,11,38,2,5,23,9,3,14,2,3,11,1,1,31,40,16,71,0
MXCWAAWQ,14,0,2,12,0,0,6,0,0,6,0,0,8,0,2,6,0,0,1,0,0,1,0,0,6,8,1,14,0
QWDHJJ9A,24,1,1,15,9,0,6,1,0,3,4,0,18,0,1,12,5,0,2,0,0,2,0,0,7,18,2,25,0
L9WN8AGE,16,2,0,6,12,0,9,2,0,5,6,0,7,0,0,1,6,0,0,0,0,0,0,0,11,7,0,18,0
FARA91SE,109,16,13,96,16,0,43,10,7,37,9,0,66,6,6,59,7,0,5,0,2,3,0,0,53,72,5,125,0
CZAQ41RD,14,4,5,5,5,3,12,4,5,4,4,3,2,0,0,1,1,0,0,0,0,0,0,0,16,2,0,18,0
DBKLUV88,113,14,27,87,12,1,36,10,8,33,4,1,77,4,19,54,8,0,16,0,3,12,1,0,46,81,16,127,0
RVSUSQDT,14,2,0,4,12,0,8,0,0,2,6,0,6,2,0,2,6,0,0,2,0,2,0,0,8,8,2,16,0
5UJ5PRQ7,28,21,3,43,3,0,13,15,0,27,1,0,15,6,3,16,2,0,0,0,0,0,0,0,28,21,0,49,0
GLSUD5VD,32,13,7,17,19,2,14,6,5,8,7,0,18,7,2,9,12,2,0,0,0,0,0,0,20,25,0,45,0
I2VK8A9O,66,5,17,52,1,1,14,1,3,12,0,0,52,4,14,40,1,1,5,0,3,2,0,0,15,56,5,71,0
5ORPRM9P,9,3,3,5,2,2,4,2,1,3,0,2,5,1,2,2,2,0,0,0,0,0,0,0,6,6,0,12,0
AZDWWJ6R,10,5,1,11,3,0,6,2,1,6,1,0,4,3,0,5,2,0,0,1,0,1,0,0,8,7,1,15,0
YIXS3CB2,18,3,2,16,3,0,7,2,0,8,1,0,11,1,2,8,2,0,0,0,0,0,0,0,9,12,0,21,0
7QO79KG1,10,0,0,7,3,0,3,0,0,1,2,0,7,0,0,6,1,0,1,0,0,1,0,0,3,7,1,10,0
BPXWLQFR,11,0,2,8,1,0,7,0,1,5,1,0,4,0,1,3,0,0,0,0,0,0,0,0,7,4,0,11,0
8YYBEFIM,6,0,3,3,0,0,4,0,1,3,0,0,2,0,2,0,0,0,0,0,0,0,0,0,4,2,0,6,0
MPSKREFV,53,9,13,46,3,0,15,9,3,18,3,0,38,0,10,28,0,0,5,0,2,3,0,0,24,38,5,62,0
LJCLEOPY,9,10,2,13,4,0,7,6,2,9,2,0,2,4,0,4,2,0,0,0,0,0,0,0,13,6,0,19,0
UW3FXGDG,1,0,1,0,0,1,0,0,0,0,0,0,1,0,1,0,0,1,1,0,1,0,0,1,0,1,1,1,0
CG43OFZ3,15,2,0,15,2,0,5,0,0,5,0,0,10,2,0,10,2,0,1,0,0,1,0,0,5,12,1,17,0
DPZUA53C,82,16,5,79,14,0,31,5,1,31,4,0,51,11,4,48,10,0,13,2,0,12,3,0,36,62,15,98,0
BNQJG3KE,16,4,3,10,7,0,14,4,3,9,6,0,2,0,0,1,1,0,0,0,0,0,0,0,18,2,0,20,0
SIFRGLEY,6,1,0,5,2,0,2,0,0,0,2,0,4,1,0,5,0,0,1,0,0,1,0,0,2,5,1,7,0
HQDM9JFM,58,15,7,58,8,0,29,7,3,27,6,0,29,8,4,31,2,0,2,0,0,2,0,0,36,37,2,73,0
YF5TJBNP,1,0,0,1,0,0,0,0,0,0,0,0,1,0,0,1,0,0,1,0,0,1,0,0,0,1,1,1,0
8OAPIKOD,20,1,5,11,3,2,7,1,0,6,2,0,13,0,5,5,1,2,7,0,4,1,0,2,8,13,7,21,0
GGTWDRL8,21,3,11,11,2,0,8,1,6,3,0,0,13,2,5,8,2,0,1,0,1,0,0,0,9,15,1,24,0
HACH6RSJ,10,3,0,8,0,5,2,2,0,4,0,0,8,1,0,4,0,5,0,0,0,0,0,0,4,9,0,13,0
4XCCF6SD,48,5,8,42,3,0,20,4,2,20,2,0,28,1,6,22,1,0,2,0,0,2,0,0,24,29,2,53,0
DQWJLNHG,7,0,0,2,0,5,0,0,0,0,0,0,7,0,0,2,0,5,1,0,0,0,0,1,0,7,1,7,0
LW1RJOOF,21,1,1,16,5,0,7,1,0,5,3,0,14,0,1,11,2,0,2,0,0,1,1,0,8,14,2,22,0
SXVQ7MNX,27,13,12,19,6,3,9,1,3,6,1,0,18,12,9,13,5,3,5,0,2,3,0,0,10,30,5,40,0
WTG3JHKL,50,2,9,43,0,0,20,2,4,18,0,0,30,0,5,25,0,0,0,0,0,0,0,0,22,30,0,52,0
O15QQVKX,24,1,0,23,2,0,7,0,0,5,2,0,17,1,0,18,0,0,1,0,0,1,0,0,7,18,1,25,0
F9EFKLHB,24,0,6,18,0,0,3,0,1,2,0,0,21,0,5,16,0,0,4,0,0,4,0,0,3,21,4,24,0
ZTCYGSXQ,24,4,0,17,11,0,19,4,0,16,7,0,5,0,0,1,4,0,3,0,0,0,3,0,23,5,3,28,0
GAHCEKCH,1,0,1,0,0,0,0,0,0,0,0,0,1,0,1,0,0,0,0,0,0,0,0,0,0,1,0,1,0
MKQJLCDD,2,1,1,2,0,0,2,0,1,1,0,0,0,1,0,1,0,0,0,0,0,0,0,0,2,1,0,3,0
NCRD1SCI,0,5,0,0,0,5,0,0,0,0,0,0,0,5,0,0,0,5,0,5,0,0,0,5,0,5,5,5,0
6XOSG5TN,3,0,0,2,1,0,1,0,0,1,0,0,2,0,0,1,1,0,0,0,0,0,0,0,1,2,0,3,0
CAWOGIMC,130,7,48,86,3,9,50,6,14,40,2,2,80,1,34,46,1,7,11,0,5,6,0,1,56,81,11,137,0
EYREAOH6,3,3,1,4,1,0,2,1,1,1,1,0,1,2,0,3,0,0,0,0,0,0,0,0,3,3,0,6,0
DQTCT8D8,2,1,0,3,0,0,2,0,0,2,0,0,0,1,0,1,0,0,0,0,0,0,0,0,2,1,0,3,0
GXNJNVAR,14,3,0,17,0,0,3,1,0,4,0,0,11,2,0,13,0,0,1,0,0,1,0,0,4,13,1,17,0
WCU8JUHX,2,1,1,2,0,0,2,1,1,2,0,0,0,0,0,0,0,0,0,0,0,0,0,0,3,0,0,3,0
IMFFF4IL,3,2,1,3,1,0,0,2,0,1,1,0,3,0,1,2,0,0,2,0,0,2,0,0,2,3,2,5,0
DHLB4H2S,4,0,1,3,0,0,2,0,1,1,0,0,2,0,0,2,0,0,0,0,0,0,0,0,2,2,0,4,0
YMT695GH,30,1,7,24,0,0,6,1,2,5,0,0,24,0,5,19,0,0,2,0,0,2,0,0,7,24,2,31,0
HOEZCSFO,79,0,30,48,1,0,17,0,4,13,0,0,62,0,26,35,1,0,10,0,5,5,0,0,17,62,10,79,0
UQMXKVJE,23,0,7,16,0,1,6,0,0,6,0,0,17,0,7,10,0,1,0,0,0,0,0,0,6,17,0,23,0
EWJQLRJP,34,4,3,32,3,0,19,3,1,20,1,0,15,1,2,12,2,0,3,0,0,2,1,0,22,16,3,38,0
QWAZ2JYE,13,1,2,12,0,0,4,1,0,5,0,0,9,0,2,7,0,0,3,0,1,2,0,0,5,9,3,14,0
BIS5E246,71,0,15,55,1,0,15,0,3,12,0,0,56,0,12,43,1,0,16,0,1,14,1,0,15,56,16,71,0
EQ3EDBRJ,1,2,1,2,0,0,1,2,1,2,0,0,0,0,0,0,0,0,0,0,0,0,0,0,3,0,0,3,0
4KAITZB2,2,0,1,1,0,0,0,0,0,0,0,0,2,0,1,1,0,0,0,0,0,0,0,0,0,2,0,2,0
Q59JAP7W,13,2,0,14,1,0,5,2,0,7,0,0,8,0,0,7,1,0,3,0,0,3,0,0,7,8,3,15,0
CYZV4OOG,3,2,3,2,0,0,2,0,1,1,0,0,1,2,2,1,0,0,0,0,0,0,0,0,2,3,0,5,0
YQXOSPH8,6,1,2,5,0,0,3,0,1,2,0,0,3,1,1,3,0,0,0,0,0,0,0,0,3,4,0,7,0
EHKMKLNG,2,1,1,1,1,0,0,0,0,0,0,0,2,1,1,1,1,0,0,1,0,0,1,0,0,3,1,3,0
7EVQHVZI,99,1,19,71,9,1,30,1,7,20,3,1,69,0,12,51,6,0,11,0,1,10,0,0,31,69,11,100,0
LBLR3HUB,6,4,1,4,5,0,2,4,1,4,1,0,4,0,0,0,4,0,0,0,0,0,0,0,6,4,0,10,0
PZJS6HYZ,19,2,5,15,1,0,6,0,1,4,1,0,13,2,4,11,0,0,3,0,0,3,0,0,6,15,3,21,0
OXBQGOTK,21,8,2,17,10,0,18,6,0,16,8,0,3,2,2,1,2,0,1,0,0,1,0,0,24,5,1,29,0
TUQRNV8Z,18,17,1,20,14,0,17,17,1,19,14,0,1,0,0,1,0,0,0,0,0,0,0,0,34,1,0,35,0
YW1UNHBY,7,0,0,1,6,0,2,0,0,1,1,0,5,0,0,0,5,0,1,0,0,0,1,0,2,5,1,7,0
WAIF6KW8,19,2,8,12,1,0,0,0,0,0,0,0,19,2,8,12,1,0,15,2,6,10,1,0,0,21,17,21,0
IGOBA2ZE,61,0,3,54,4,0,23,0,3,17,3,0,38,0,0,37,1,0,4,0,0,4,0,0,23,38,4,61,0
XB6US879,233,85,66,211,41,4,110,53,42,104,17,1,123,32,24,107,24,3,25,4,5,22,2,1,163,155,29,318,0
TMECIHJE,65,1,31,35,0,0,8,0,5,3,0,0,57,1,26,32,0,0,10,0,6,4,0,0,8,58,10,66,0
XISR1BPS,72,1,17,56,0,1,17,1,4,14,0,0,55,0,13,42,0,1,7,0,1,6,0,0,18,55,7,73,0
WKVYZE4C,14,4,0,14,4,0,13,4,0,13,4,0,1,0,0,1,0,0,0,0,0,0,0,0,17,1,0,18,0
IBZRFJF3,108,69,16,76,66,19,84,41,15,53,45,12,24,28,1,23,21,7,2,0,0,2,0,0,125,52,2,177,0
UWHEJ6WL,242,61,84,190,17,11,79,30,31,56,13,10,163,31,53,134,4,1,32,6,9,28,0,0,109,194,38,303,0
JU1B447O,46,15,3,48,8,2,20,9,2,24,3,0,26,6,1,24,5,2,6,3,0,8,0,1,29,32,9,61,0
MJOIPCAF,7,0,0,6,1,0,6,0,0,5,1,0,1,0,0,1,0,0,1,0,0,1,0,0,6,1,1,7,0
HAKY6IUH,51,13,0,55,9,0,28,11,0,31,8,0,23,2,0,24,1,0,2,0,0,2,0,0,39,25,2,64,0
OTKB9GTK,43,1,11,33,0,0,12,0,7,5,0,0,31,1,4,28,0,0,5,0,0,5,0,0,12,32,5,44,0
ZDATC6NA,11,4,6,7,2,0,5,3,4,3,1,0,6,1,2,4,1,0,2,0,1,1,0,0,8,7,2,15,0
J6PCAQC1,23,5,4,22,2,0,14,5,4,13,2,0,9,0,0,9,0,0,1,0,0,1,0,0,19,9,1,28,0
EL5UX7OU,29,2,2,27,1,1,8,0,0,7,1,0,21,2,2,20,0,1,7,0,1,5,0,1,8,23,7,31,0
ITWZGFHG,14,3,0,8,9,0,14,3,0,8,9,0,0,0,0,0,0,0,0,0,0,0,0,0,17,0,0,17,0
CCADDGAV,106,7,26,85,2,0,51,7,15,42,1,0,55,0,11,43,1,0,10,0,2,8,0,0,58,55,10,113,0
8TWXTYU1,1,4,1,4,0,0,1,2,0,3,0,0,0,2,1,1,0,0,0,0,0,0,0,0,3,2,0,5,0
ELJGJR7R,41,0,8,33,0,0,11,0,3,8,0,0,30,0,5,25,0,0,7,0,0,7,0,0,11,30,7,41,0
KDWGDSXP,4,1,0,3,2,0,0,1,0,1,0,0,4,0,0,2,2,0,0,0,0,0,0,0,1,4,0,5,0
6M1FFT8O,25,26,6,15,20,11,23,20,4,12,18,10,2,6,2,3,2,1,0,0,0,0,0,0,43,8,0,51,0
X4IGRFQJ,29,0,8,20,1,0,7,0,1,6,0,0,22,0,7,14,1,0,7,0,4,2,1,0,7,22,7,29,0
IM2HKNKT,8,1,2,2,5,0,2,1,1,1,1,0,6,0,1,1,4,0,1,0,0,0,1,0,3,6,1,9,0
I6CHPWCI,7,0,0,7,0,0,0,0,0,0,0,0,7,0,0,7,0,0,4,0,0,4,0,0,0,7,4,7,0
MBAGB25G,22,8,4,19,6,1,19,7,3,17,5,1,3,1,1,2,1,0,0,0,0,0,0,0,26,4,0,30,0
JZXPG5GE,39,5,4,17,16,6,20,3,2,6,12,3,19,2,2,11,4,3,4,0,1,1,2,0,23,21,4,44,0
LLLTLSCV,227,86,42,168,85,22,143,73,29,108,62,20,84,13,13,60,23,2,7,0,3,3,1,0,216,97,7,313,0
AMKZFZLK,19,7,2,19,5,0,7,6,2,10,1,0,12,1,0,9,4,0,3,0,0,3,0,0,13,13,3,26,0
15MNX9BH,57,2,25,30,2,1,18,2,12,7,1,0,39,0,13,23,1,1,8,0,3,4,0,1,20,39,8,59,0
FUUHTVLT,15,6,1,8,11,1,12,6,1,6,10,1,3,0,0,2,1,0,0,0,0,0,0,0,18,3,0,21,0
G4YZHGE8,25,2,6,20,1,0,9,0,3,6,0,0,16,2,3,14,1,0,2,0,2,0,0,0,9,18,2,27,0
CWWEM2JN,5,1,0,6,0,0,1,0,0,1,0,0,4,1,0,5,0,0,1,0,0,1,0,0,1,5,1,6,0
UWVZ2HT6,13,8,2,10,4,5,5,2,0,3,1,3,8,6,2,7,3,2,4,0,0,2,1,1,7,14,4,21,0
XQIA39RY,16,1,5,8,3,1,6,0,0,2,3,1,10,1,5,6,0,0,2,1,3,0,0,0,6,11,3,17,0
FTTOEOMF,16,1,7,9,1,2,5,1,4,1,1,1,11,0,3,8,0,1,3,0,0,3,0,0,6,11,3,17,0
LEBHIHDN,7,2,0,9,0,0,3,1,0,4,0,0,4,1,0,5,0,0,0,0,0,0,0,0,4,5,0,9,0
EINAHGPB,9,0,0,7,2,0,6,0,0,4,2,0,3,0,0,3,0,0,0,0,0,0,0,0,6,3,0,9,0
SAP5E8QA,51,5,8,45,2,2,14,2,3,13,0,0,37,3,5,32,2,2,20,0,3,17,0,1,16,40,20,56,0
RFKZGOQT,37,2,4,28,7,0,4,0,0,4,0,0,33,2,4,24,7,0,4,0,1,3,0,0,4,35,4,39,0
GJHDGR7J,23,2,9,15,1,0,6,1,4,2,1,0,17,1,5,13,0,0,10,0,2,8,0,0,7,18,10,25,0
PHKZ5ZLJ,3,0,1,1,1,0,3,0,1,1,1,0,0,0,0,0,0,0,0,0,0,0,0,0,3,0,0,3,0
KVJVL64K,6,2,1,2,5,0,1,1,0,2,0,0,5,1,1,0,5,0,0,1,1,0,0,0,2,6,1,8,0
FX8TTTXJ,1,0,0,1,0,0,1,0,0,1,0,0,0,0,0,0,0,0,0,0,0,0,0,0,1,0,0,1,0
YZCBNXSG,115,21,28,94,14,1,47,12,16,36,7,1,68,9,12,58,7,0,2,0,0,2,0,0,59,77,2,136,0
R1YLIR4H,13,3,5,11,0,0,9,1,1,9,0,0,4,2,4,2,0,0,0,0,0,0,0,0,10,6,0,16,0
OKCI6LLY,4,0,1,3,0,0,0,0,0,0,0,0,4,0,1,3,0,0,2,0,0,2,0,0,0,4,2,4,0
JW2RJXJP,0,1,0,1,0,0,0,1,0,1,0,0,0,0,0,0,0,0,0,0,0,0,0,0,1,0,0,1,0
U6ERVYVV,65,4,21,46,2,0,20,3,7,15,1,0,45,1,14,31,1,0,9,0,4,5,0,0,23,46,9,69,0
TDR5ON75,47,3,12,36,2,1,18,1,6,13,0,0,29,2,6,23,2,1,9,1,0,8,2,0,19,31,10,50,0
KE25JZ1W,41,1,7,35,0,0,8,1,2,7,0,0,33,0,5,28,0,0,4,0,0,4,0,0,9,33,4,42,0
BJD7HOWF,11,0,0,11,0,0,4,0,0,4,0,0,7,0,0,7,0,0,4,0,0,4,0,0,4,7,4,11,0
VI2DFSIY,97,24,12,83,26,0,34,16,6,32,12,0,63,8,6,51,14,0,8,1,1,7,1,0,50,71,9,121,0
IR8TNKOS,69,6,14,52,3,2,18,2,3,16,0,1,51,4,11,36,3,1,15,1,3,12,1,0,20,55,16,75,0
8HFKGZNG,40,2,9,20,1,12,18,0,7,8,1,2,22,2,2,12,0,10,1,0,1,0,0,0,18,24,1,42,0
NBJPRGVD,12,4,1,11,4,0,10,0,0,6,4,0,2,4,1,5,0,0,2,1,1,2,0,0,10,6,3,16,0
DMVZ4AXQ,60,0,22,35,3,0,28,0,7,19,2,0,32,0,15,16,1,0,3,0,2,1,0,0,28,32,3,60,0
GGTAN2SF,4,2,3,3,0,0,2,2,3,1,0,0,2,0,0,2,0,0,1,0,0,1,0,0,4,2,1,6,0
IYCFCLJF,48,28,8,38,23,7,29,16,8,24,11,2,19,12,0,14,12,5,3,0,0,3,0,0,45,31,3,76,0
HUEYXM8L,12,1,2,10,1,0,2,0,1,1,0,0,10,1,1,9,1,0,1,0,0,1,0,0,2,11,1,13,0
4Z3JJUA3,1,0,0,0,1,0,0,0,0,0,0,0,1,0,0,0,1,0,1,0,0,0,1,0,0,1,1,1,0
EUSI9RIV,178,35,86,113,10,6,53,12,30,31,3,2,125,23,56,82,7,4,27,5,12,18,2,0,65,148,32,213,0
IPCNIAU6,22,4,2,10,14,0,9,1,0,4,6,0,13,3,2,6,8,0,1,0,0,1,0,0,10,16,1,26,0
GHFGXELL,13,27,3,24,13,0,9,15,3,13,8,0,4,12,0,11,5,0,0,0,0,0,0,0,24,16,0,40,0
J8PGVSXY,6,1,2,5,0,0,1,1,1,1,0,0,5,0,1,4,0,0,3,0,0,3,0,0,2,5,3,7,0
ZCZEJOQT,8,2,3,7,0,0,4,2,2,4,0,0,4,0,1,3,0,0,0,0,0,0,0,0,6,4,0,10,0
PPS6RA97,90,10,10,82,7,2,25,3,3,20,4,2,65,7,7,62,3,0,18,3,3,16,2,0,28,72,21,100,0
JKYGNO8O,6,0,0,6,0,0,0,0,0,0,0,0,6,0,0,6,0,0,2,0,0,2,0,0,0,6,2,6,0
QSZFJPF4,72,25,3,61,30,3,34,14,1,34,13,0,38,11,2,27,17,3,9,0,0,5,4,0,48,49,9,97,0
PLLSPPBN,185,34,24,183,11,1,69,18,12,73,2,0,116,16,12,110,9,1,22,3,5,16,3,1,87,132,25,219,0
NUH4LJED,11,2,1,11,1,0,4,0,0,4,0,0,7,2,1,7,1,0,2,1,1,1,1,0,4,9,3,13,0
J1ECXLOI,4,1,2,2,1,0,3,0,2,1,0,0,1,1,0,1,1,0,0,0,0,0,0,0,3,2,0,5,0
MBTRD29D,32,3,0,30,5,0,10,1,0,8,3,0,22,2,0,22,2,0,3,0,0,3,0,0,11,24,3,35,0
BZQCNAYB,27,4,7,16,8,0,20,4,5,16,3,0,7,0,2,0,5,0,3,0,0,0,3,0,24,7,3,31,0
95KYWY9G,5,1,1,5,0,0,2,0,1,1,0,0,3,1,0,4,0,0,0,0,0,0,0,0,2,4,0,6,0
NQ9FCQDA,5,1,0,6,0,0,2,0,0,2,0,0,3,1,0,4,0,0,0,0,0,0,0,0,2,4,0,6,0
ZFX3LLSK,3,1,2,2,0,0,2,0,1,1,0,0,1,1,1,1,0,0,0,0,0,0,0,0,2,2,0,4,0
MHZW3NKK,45,8,1,48,4,0,16,2,0,16,2,0,29,6,1,32,2,0,5,0,0,5,0,0,18,35,5,53,0
BABT8WUJ,169,46,43,121,50,1,70,25,23,51,20,1,99,21,20,70,30,0,20,6,7,13,6,0,95,120,26,215,0
11YS7OUU,4,0,0,4,0,0,4,0,0,4,0,0,0,0,0,0,0,0,0,0,0,0,0,0,4,0,0,4,0
FKU5VN3J,91,17,8,85,14,1,16,14,1,26,3,0,75,3,7,59,11,1,6,2,1,6,1,0,30,78,8,108,0
BKP5GCLY,3,1,1,1,2,0,3,1,1,1,2,0,0,0,0,0,0,0,0,0,0,0,0,0,4,0,0,4,0
7KGUSMG5,10,1,0,7,4,0,1,0,0,0,1,0,9,1,0,7,3,0,1,0,0,1,0,0,1,10,1,11,0
RCNKXL4E,141,4,28,116,1,0,52,3,11,43,1,0,89,1,17,73,0,0,13,0,0,13,0,0,55,90,13,145,0
HTUQ55JR,6,0,0,5,1,0,0,0,0,0,0,0,6,0,0,5,1,0,2,0,0,2,0,0,0,6,2,6,0
FRZWZXKX,14,0,2,12,0,0,5,0,1,4,0,0,9,0,1,8,0,0,0,0,0,0,0,0,5,9,0,14,0
9LBX1SQR,4,3,2,5,0,0,2,2,2,2,0,0,2,1,0,3,0,0,0,0,0,0,0,0,4,3,0,7,0
AZELVTMF,0,3,0,3,0,0,0,0,0,0,0,0,0,3,0,3,0,0,0,0,0,0,0,0,0,3,0,3,0
EDL9KFMU,1,0,0,0,1,0,1,0,0,0,1,0,0,0,0,0,0,0,0,0,0,0,0,0,1,0,0,1,0
QVPABX2Y,55,3,6,43,9,0,15,3,1,14,3,0,40,0,5,29,6,0,3,0,0,3,0,0,18,40,3,58,0
MEN5MGMM,42,1,9,34,0,0,10,0,5,5,0,0,32,1,4,29,0,0,3,0,0,3,0,0,10,33,3,43,0
74W6PPDF,0,11,7,4,0,0,0,10,7,3,0,0,0,1,0,1,0,0,0,0,0,0,0,0,10,1,0,11,0
EYITNHV1,42,7,10,35,4,0,11,4,3,11,1,0,31,3,7,24,3,0,0,0,0,0,0,0,15,34,0,49,0
EYMS82VA,9,10,0,17,2,0,7,3,0,9,1,0,2,7,0,8,1,0,2,1,0,2,1,0,10,9,3,19,0
QLOJGDXU,45,7,6,34,7,5,18,7,1,15,4,5,27,0,5,19,3,0,3,0,0,2,1,0,25,27,3,52,0
Q6YKAHL1,14,0,1,10,3,0,14,0,1,10,3,0,0,0,0,0,0,0,0,0,0,0,0,0,14,0,0,14,0
FMMIRWQO,117,29,27,101,18,1,65,13,12,59,7,1,52,16,15,42,11,0,4,0,1,3,0,0,78,68,4,146,0
MSZCPQKX,16,9,1,18,6,0,14,4,1,13,4,0,2,5,0,5,2,0,0,1,0,0,1,0,18,7,1,25,0
YB8QTJDE,49,0,13,36,0,0,15,0,4,11,0,0,34,0,9,25,0,0,7,0,2,5,0,0,15,34,7,49,0
NWJ6CEFR,61,15,6,49,17,5,26,9,4,24,3,4,35,6,2,25,14,1,6,1,0,4,3,0,35,41,7,76,0
XYCJUUNK,59,3,10,47,3,2,16,3,3,12,2,2,43,0,7,35,1,0,9,0,3,6,0,0,19,43,9,62,0
ZC789V24,138,12,27,96,27,2,65,12,15,47,15,1,73,0,12,49,12,1,11,0,1,9,1,0,77,73,11,150,0
PJXGHIC5,3,4,4,3,0,1,2,1,1,2,0,0,1,3,3,1,0,1,1,0,0,1,0,0,3,4,1,7,0
NVYOGT5M,31,2,4,22,6,2,15,2,2,11,3,2,16,0,2,11,3,0,4,0,0,4,0,0,17,16,4,33,0
SMCOHPAF,16,5,2,13,6,0,8,3,1,6,4,0,8,2,1,7,2,0,5,0,0,4,1,0,11,10,5,21,0
RIPVDIFF,19,0,3,14,2,1,3,0,3,0,0,1,16,0,0,14,2,0,3,0,0,3,0,0,3,16,3,19,0
TNGLZMME,90,6,3,46,15,32,66,5,0,25,14,32,24,1,3,21,1,0,3,0,1,2,0,0,71,25,3,96,0
RYRB7JH2,34,0,21,13,0,0,5,0,2,3,0,0,29,0,19,10,0,0,6,0,2,4,0,0,5,29,6,34,0
GOSJZJG1,41,6,8,39,0,0,14,1,5,10,0,0,27,5,3,29,0,0,10,0,1,9,0,0,15,32,10,47,0
R2ZWF8GI,44,1,19,24,2,0,13,0,7,6,0,0,31,1,12,18,2,0,6,0,2,4,0,0,13,32,6,45,0
8IHO2L17,3,0,0,2,1,0,2,0,0,2,0,0,1,0,0,0,1,0,0,0,0,0,0,0,2,1,0,3,0
6FTVBDWK,72,8,32,47,1,1,38,5,20,23,0,1,34,3,12,24,1,0,7,0,1,6,0,0,43,37,7,80,0
2GBNWFXB,2,0,0,2,0,0,0,0,0,0,0,0,2,0,0,2,0,0,0,0,0,0,0,0,0,2,0,2,0
OW1JSABN,164,7,14,129,26,2,101,5,10,76,20,0,63,2,4,53,6,2,10,0,0,10,0,0,106,65,10,171,0
TR1T1EXN,11,9,2,15,3,0,1,2,0,3,0,0,10,7,2,12,3,0,8,6,2,9,3,0,3,17,14,20,0
RBL9BVZK,78,10,16,64,8,0,28,7,7,26,2,0,50,3,9,38,6,0,0,0,0,0,0,0,35,53,0,88,0
CNSYRXJO,12,1,2,11,0,0,4,1,1,4,0,0,8,0,1,7,0,0,2,0,1,1,0,0,5,8,2,13,0
GLIXOGOK,37,4,5,36,0,0,19,2,2,19,0,0,18,2,3,17,0,0,2,0,0,2,0,0,21,20,2,41,0
EXHKBVTR,3,1,1,0,3,0,0,1,1,0,0,0,3,0,0,0,3,0,0,0,0,0,0,0,1,3,0,4,0
XI7II5MZ,53,6,0,49,10,0,16,1,0,16,1,0,37,5,0,33,9,0,3,0,0,2,1,0,17,42,3,59,0
UBZRFCQC,3,0,2,1,0,0,1,0,0,1,0,0,2,0,2,0,0,0,0,0,0,0,0,0,1,2,0,3,0
ALEGOEDY,6,0,0,5,1,0,1,0,0,1,0,0,5,0,0,4,1,0,2,0,0,2,0,0,1,5,2,6,0
IOPDONRM,81,0,21,59,1,2,23,0,6,16,1,0,58,0,15,43,0,2,7,0,3,4,0,0,23,58,7,81,0
49XY9YRP,20,5,3,20,2,0,5,2,1,6,0,0,15,3,2,14,2,0,0,0,0,0,0,0,7,18,0,25,0
L3YNCVBC,23,8,1,22,8,0,9,4,1,12,0,0,14,4,0,10,8,0,5,0,0,3,2,0,13,18,5,31,0
LLIUDDNK,5,4,1,6,2,1,1,0,1,0,0,1,4,4,0,6,2,0,0,0,0,0,0,0,1,8,0,9,0
H3AB7FNR,78,11,19,52,14,3,31,10,5,24,8,3,47,1,14,28,6,0,5,0,0,4,1,0,41,48,5,89,0
V71PV4HM,35,1,12,23,0,1,10,1,6,4,0,1,25,0,6,19,0,0,9,0,1,8,0,0,11,25,9,36,0
KUIKD6XC,57,20,32,44,1,1,22,6,11,17,0,1,35,14,21,27,1,0,12,6,8,10,0,0,28,49,18,77,0
X9ISLKEU,24,4,0,26,2,0,7,2,0,7,2,0,17,2,0,19,0,0,4,0,0,4,0,0,9,19,4,28,0
1VVNOXDT,8,1,3,5,1,0,2,0,1,1,0,0,6,1,2,4,1,0,1,0,0,1,0,0,2,7,1,9,0
Q6WDMPXV,12,2,4,8,0,2,2,0,1,1,0,0,10,2,3,7,0,2,5,0,2,1,0,2,2,12,5,14,0
SPTJX8E7,1,0,0,1,0,0,0,0,0,0,0,0,1,0,0,1,0,0,1,0,0,1,0,0,0,1,1,1,0
FSELYARX,76,5,7,57,10,7,39,2,1,30,4,6,37,3,6,27,6,1,1,0,0,1,0,0,41,40,1,81,0
V9AEFSID,11,2,2,10,1,0,5,0,1,4,0,0,6,2,1,6,1,0,2,0,0,2,0,0,5,8,2,13,0
HYIJDK3D,5,6,1,9,1,0,3,3,1,4,1,0,2,3,0,5,0,0,0,0,0,0,0,0,6,5,0,11,0
RL7AFB4K,5,4,3,6,0,0,4,2,1,5,0,0,1,2,2,1,0,0,0,0,0,0,0,0,6,3,0,9,0
HWGFAKUT,15,1,2,12,2,0,6,0,0,6,0,0,9,1,2,6,2,0,7,0,0,5,2,0,6,10,7,16,0
KYSQTJ9D,22,5,4,19,4,0,12,0,1,9,2,0,10,5,3,10,2,0,1,0,1,0,0,0,12,15,1,27,0
YN1VQOYW,4,0,0,4,0,0,2,0,0,2,0,0,2,0,0,2,0,0,0,0,0,0,0,0,2,2,0,4,0
OARXLX6L,49,2,3,46,2,1,13,2,1,14,0,0,36,0,2,32,2,1,8,0,0,7,1,0,15,36,8,51,0
EZYFMBLF,4,0,0,2,2,0,0,0,0,0,0,0,4,0,0,2,2,0,2,0,0,1,1,0,0,4,2,4,0
R4NAQGQ9,22,4,2,19,5,0,12,4,2,12,2,0,10,0,0,7,3,0,0,0,0,0,0,0,16,10,0,26,0
HRCLJMXD,10,5,2,7,6,0,4,5,2,4,3,0,6,0,0,3,3,0,1,0,0,0,1,0,9,6,1,15,0
LYNBFPJO,2,5,0,7,0,0,0,5,0,5,0,0,2,0,0,2,0,0,0,0,0,0,0,0,5,2,0,7,0
DFKZGCZE,91,1,32,60,0,4,24,1,9,16,0,1,67,0,23,44,0,3,10,0,3,7,0,0,25,67,10,92,0
NIMY12RX,30,7,7,22,7,2,8,4,0,7,5,0,22,3,7,15,2,2,2,0,0,1,1,0,12,25,2,37,0
OYUBDG4I,4,0,0,4,0,0,0,0,0,0,0,0,4,0,0,4,0,0,1,0,0,1,0,0,0,4,1,4,0
NVZFYDMD,9,0,2,7,0,0,3,0,1,2,0,0,6,0,1,5,0,0,0,0,0,0,0,0,3,6,0,9,0
3WWZASYH,13,3,1,15,0,0,10,3,1,12,0,0,3,0,0,3,0,0,0,0,0,0,0,0,13,3,0,16,0
MEAZE4ZI,86,10,33,58,5,0,35,9,15,25,4,0,51,1,18,33,1,0,5,0,3,2,0,0,44,52,5,96,0
EADBIXDS,27,1,5,21,2,0,10,0,3,7,0,0,17,1,2,14,2,0,3,1,0,3,1,0,10,18,4,28,0
7SH7IWBW,30,3,5,18,9,0,12,3,2,6,7,0,18,0,3,12,2,0,2,0,0,2,0,0,15,18,2,33,0
HA7NWINO,19,0,10,9,0,0,7,0,2,5,0,0,12,0,8,4,0,0,1,0,1,0,0,0,7,12,1,19,0
LXFWLNYA,159,29,70,97,1,28,62,16,26,33,1,20,97,13,44,64,0,8,17,0,6,10,0,2,78,110,17,188,0
2UK3WW7K,5,2,5,2,0,0,4,2,4,2,0,0,1,0,1,0,0,0,0,0,0,0,0,0,6,1,0,7,0
UW3LWIK7,6,4,4,5,0,1,1,0,1,0,0,0,5,4,3,5,0,1,1,0,0,1,0,0,1,9,1,10,0
RTJWAYHX,3,0,0,3,0,0,0,0,0,0,0,0,3,0,0,3,0,0,1,0,0,1,0,0,0,3,1,3,0
XIIJL5NM,13,6,2,15,2,1,9,4,2,10,1,1,4,2,0,5,1,0,0,0,0,0,0,0,13,6,0,19,0
EFFVGTTP,31,0,4,26,1,0,8,0,0,8,0,0,23,0,4,18,1,0,2,0,0,2,0,0,8,23,2,31,0
KOMU9LPL,115,11,8,86,23,9,46,11,3,35,14,5,69,0,5,51,9,4,5,0,0,5,0,0,57,69,5,126,0
IHFRSINC,5,0,1,2,2,0,4,0,0,2,2,0,1,0,1,0,0,0,0,0,0,0,0,0,4,1,0,5,0
4OSU9XED,48,4,31,20,1,3,20,3,17,5,1,3,28,1,14,15,0,0,2,0,0,2,0,0,23,29,2,52,0
U16TJEOB,3,0,0,3,0,0,0,0,0,0,0,0,3,0,0,3,0,0,3,0,0,3,0,0,0,3,3,3,0
QQHJBUL7,4,3,0,7,0,0,1,2,0,3,0,0,3,1,0,4,0,0,2,0,0,2,0,0,3,4,2,7,0
XWIU4YXG,111,26,16,94,27,0,60,16,7,50,19,0,51,10,9,44,8,0,7,0,1,6,0,0,76,61,7,137,0
KE2TUNEB,9,1,2,8,0,0,2,1,1,2,0,0,7,0,1,6,0,0,1,0,0,1,0,0,3,7,1,10,0
LDKLETHV,25,7,5,23,4,0,10,2,4,7,1,0,15,5,1,16,3,0,9,0,1,8,0,0,12,20,9,32,0
CKHNYYAN,8,2,3,7,0,0,1,2,2,1,0,0,7,0,1,6,0,0,2,0,1,1,0,0,3,7,2,10,0
BG3VDDXP,46,0,18,27,1,0,16,0,7,9,0,0,30,0,11,18,1,0,7,0,2,5,0,0,16,30,7,46,0
YMC79GMD,83,2,19,66,0,0,26,1,6,21,0,0,57,1,13,45,0,0,10,0,1,9,0,0,27,58,10,85,0
929DZI6I,26,10,9,26,1,1,19,7,6,19,1,1,7,3,3,7,0,0,0,0,0,0,0,0,26,10,0,36,0
GUGA9JBA,25,0,2,18,5,0,10,0,0,8,2,0,15,0,2,10,3,0,1,0,0,1,0,0,10,15,1,25,0
PCY6QISV,9,2,1,7,3,0,9,2,1,7,3,0,0,0,0,0,0,0,0,0,0,0,0,0,11,0,0,11,0
NBQH1YI6,1,0,0,1,0,0,0,0,0,0,0,0,1,0,0,1,0,0,0,0,0,0,0,0,0,1,0,1,0
AYRNBZGQ,37,1,6,24,6,2,10,0,2,3,3,2,27,1,4,21,3,0,2,0,0,2,0,0,10,28,2,38,0
LQQHQNMD,2,0,0,2,0,0,0,0,0,0,0,0,2,0,0,2,0,0,1,0,0,1,0,0,0,2,1,2,0
OHHKHNMC,17,0,0,4,13,0,3,0,0,1,2,0,14,0,0,3,11,0,6,0,0,2,4,0,3,14,6,17,0
HJAWTHIX,0,5,0,5,0,0,0,2,0,2,0,0,0,3,0,3,0,0,0,3,0,3,0,0,2,3,3,5,0
6HH2PJSQ,7,2,0,9,0,0,2,1,0,3,0,0,5,1,0,6,0,0,0,0,0,0,0,0,3,6,0,9,0
K6R37ZWZ,1,0,1,0,0,0,0,0,0,0,0,0,1,0,1,0,0,0,1,0,1,0,0,0,0,1,1,1,0
3H7LCDTF,10,0,0,8,0,2,3,0,0,2,0,1,7,0,0,6,0,1,1,0,0,1,0,0,3,7,1,10,0
1YKECC6F,170,41,56,134,21,9,78,26,39,51,14,7,92,15,17,83,7,2,22,4,2,21,3,0,104,107,26,211,0
3KIVL1LJ,66,0,19,47,0,0,10,0,7,3,0,0,56,0,12,44,0,0,13,0,2,11,0,0,10,56,13,66,0
XEY7NVCU,4,4,2,2,4,0,2,4,2,2,2,0,2,0,0,0,2,0,0,0,0,0,0,0,6,2,0,8,0
5WFC7N5Z,11,10,2,15,4,0,7,8,2,12,1,0,4,2,0,3,3,0,1,0,0,1,0,0,15,6,1,21,0
QYO9WH48,5,0,0,5,0,0,1,0,0,1,0,0,4,0,0,4,0,0,0,0,0,0,0,0,1,4,0,5,0
5YQAOSF3,7,0,4,3,0,1,2,0,1,1,0,0,5,0,3,2,0,1,4,0,2,2,0,1,2,5,4,7,0
96JNAMIK,12,0,0,4,8,0,2,0,0,2,0,0,10,0,0,2,8,0,0,0,0,0,0,0,2,10,0,12,0
SNY8ZUYK,0,2,1,1,0,0,0,0,0,0,0,0,0,2,1,1,0,0,0,0,0,0,0,0,0,2,0,2,0
QGRDT2UN,4,2,1,2,3,0,0,2,1,1,0,0,4,0,0,1,3,0,0,0,0,0,0,0,2,4,0,6,0
VC2UVIYE,0,1,0,1,0,0,0,0,0,0,0,0,0,1,0,1,0,0,0,0,0,0,0,0,0,1,0,1,0
TYIV9JXG,8,7,0,12,3,0,6,6,0,9,3,0,2,1,0,3,0,0,1,0,0,1,0,0,12,3,1,15,0
FZSQO24L,12,0,0,2,10,0,2,0,0,2,0,0,10,0,0,0,10,0,3,0,0,0,3,0,2,10,3,12,0
K3NLH6EG,4,1,0,5,0,0,4,0,0,4,0,0,0,1,0,1,0,0,0,0,0,0,0,0,4,1,0,5,0
9T33Q5IW,15,8,4,15,4,0,8,2,1,7,2,0,7,6,3,8,2,0,3,2,1,4,0,0,10,13,5,23,0
J9NQPKXV,32,3,0,21,14,0,14,3,0,10,7,0,18,0,0,11,7,0,3,0,0,2,1,0,17,18,3,35,0
M6IKSAD8,1,0,0,1,0,0,0,0,0,0,0,0,1,0,0,1,0,0,1,0,0,1,0,0,0,1,1,1,0
4N3VW4VP,0,3,0,2,1,0,0,0,0,0,0,0,0,3,0,2,1,0,0,0,0,0,0,0,0,3,0,3,0
KFGGBJMZ,33,10,0,24,18,1,11,4,0,11,4,0,22,6,0,13,14,1,3,0,0,3,0,0,15,28,3,43,0
6OHEYTUV,125,24,8,109,31,2,47,7,2,35,17,1,78,17,6,74,14,1,18,6,0,21,3,0,54,95,24,149,0
JIXJ2BGJ,61,0,6,52,3,1,17,0,0,15,2,0,44,0,6,37,1,1,5,0,1,4,0,1,17,44,5,61,0
JUVQTKAG,38,1,0,32,7,0,5,0,0,5,0,0,33,1,0,27,7,0,4,0,0,4,0,0,5,34,4,39,0
AGVYPCBE,51,13,3,52,7,2,15,11,0,20,6,0,36,2,3,32,1,2,3,0,0,2,1,0,26,38,3,64,0
9EYC5YTN,47,6,8,38,7,0,23,5,5,19,4,0,24,1,3,19,3,0,1,0,0,1,0,0,28,25,1,53,0
ZOJKL7QG,5,0,1,3,1,0,0,0,0,0,0,0,5,0,1,3,1,0,1,0,0,1,0,0,0,5,1,5,0
HJQU7ELB,49,0,5,44,0,0,10,0,2,8,0,0,39,0,3,36,0,0,3,0,0,3,0,0,10,39,3,49,0
WI1C4QZQ,3,7,0,8,2,0,2,7,0,8,1,0,1,0,0,0,1,0,0,0,0,0,0,0,9,1,0,10,0
VXQOI6ZU,73,0,21,49,1,2,27,0,5,19,1,2,46,0,16,30,0,0,7,0,2,5,0,0,27,46,7,73,0
OVJKFQOH,7,3,0,3,5,2,7,2,0,2,5,2,0,1,0,1,0,0,0,0,0,0,0,0,9,1,0,10,0
58BXW4JB,31,2,0,27,6,0,9,0,0,8,1,0,22,2,0,19,5,0,3,0,0,3,0,0,9,24,3,33,0
SPWVSKNY,124,11,46,73,8,7,34,3,22,14,1,1,90,8,24,59,7,6,16,1,2,15,0,0,37,98,17,135,0
YQQGAZKC,31,2,1,28,4,0,6,1,0,7,0,0,25,1,1,21,4,0,7,1,0,7,1,0,7,26,8,33,0
QCMKHJEE,0,1,0,1,0,0,0,0,0,0,0,0,0,1,0,1,0,0,0,0,0,0,0,0,0,1,0,1,0
HIDRSH96,1,2,1,2,0,0,0,1,1,0,0,0,1,1,0,2,0,0,0,0,0,0,0,0,1,2,0,3,0
AUGSIYRA,31,0,5,14,8,4,15,0,3,10,2,0,16,0,2,4,6,4,4,0,1,1,0,2,15,16,4,31,0
TQHAYBQT,4,0,1,3,0,0,2,0,1,1,0,0,2,0,0,2,0,0,0,0,0,0,0,0,2,2,0,4,0
1DDTVIUR,95,15,1,63,29,17,40,7,1,27,13,6,55,8,0,36,16,11,6,2,0,7,0,1,47,63,8,110,0
SB9XQE88,1,1,0,2,0,0,1,1,0,2,0,0,0,0,0,0,0,0,0,0,0,0,0,0,2,0,0,2,0
CJSYYR3Q,100,29,0,91,36,2,51,13,0,41,23,0,49,16,0,50,13,2,0,0,0,0,0,0,64,65,0,129,0
LPZWXYXD,127,10,41,88,8,4,63,10,22,43,8,4,64,0,19,45,0,0,15,0,4,11,0,0,73,64,15,137,0
FKREA7SX,1,0,0,0,1,0,1,0,0,0,1,0,0,0,0,0,0,0,0,0,0,0,0,0,1,0,0,1,0
KGHQA4FB,5,2,0,4,3,0,0,2,0,1,1,0,5,0,0,3,2,0,0,0,0,0,0,0,2,5,0,7,0
3SVZJNFD,0,4,1,3,0,0,0,2,0,2,0,0,0,2,1,1,0,0,0,0,0,0,0,0,2,2,0,4,0
S2QCBKYX,6,0,2,1,3,0,4,0,1,0,3,0,2,0,1,1,0,0,0,0,0,0,0,0,4,2,0,6,0
S2LX9DZY,1,0,1,0,0,0,1,0,1,0,0,0,0,0,0,0,0,0,0,0,0,0,0,0,1,0,0,1,0
SP6IRFMS,10,0,0,9,1,0,2,0,0,2,0,0,8,0,0,7,1,0,3,0,0,2,1,0,2,8,3,10,0
JFXLXYA7,5,1,0,6,0,0,1,0,0,1,0,0,4,1,0,5,0,0,1,0,0,1,0,0,1,5,1,6,0
GXXLGRLN,22,5,0,19,8,0,7,0,0,6,1,0,15,5,0,13,7,0,0,0,0,0,0,0,7,20,0,27,0
BXXQOQRV,28,1,6,21,2,0,4,0,0,4,0,0,24,1,6,17,2,0,4,0,1,3,0,0,4,25,4,29,0
RZA6FEE1,46,1,37,10,0,0,9,1,9,1,0,0,37,0,28,9,0,0,7,0,5,2,0,0,10,37,7,47,0
TEYALUSU,5,0,2,3,0,0,2,0,1,1,0,0,3,0,1,2,0,0,0,0,0,0,0,0,2,3,0,5,0
BY6Y3SJN,9,2,0,7,4,0,5,0,0,3,2,0,4,2,0,4,2,0,1,0,0,0,1,0,5,6,1,11,0
XELASJKO,6,7,4,5,4,0,5,7,3,5,4,0,1,0,1,0,0,0,0,0,0,0,0,0,12,1,0,13,0
FIWEOS4C,43,2,3,31,10,1,19,2,0,12,8,1,24,0,3,19,2,0,14,0,1,12,1,0,21,24,14,45,0
WSHGDT9J,11,6,3,12,2,0,9,6,3,10,2,0,2,0,0,2,0,0,1,0,0,1,0,0,15,2,1,17,0
Y629FF5Z,40,28,18,28,21,9,33,27,17,24,18,8,7,1,1,4,3,1,0,0,0,0,0,0,60,8,0,68,0
NH1UZ2S2,31,13,18,25,1,0,10,6,8,7,1,0,21,7,10,18,0,0,7,1,3,5,0,0,16,28,8,44,0
LHMYG6WU,41,1,19,23,0,0,12,1,5,8,0,0,29,0,14,15,0,0,4,0,3,1,0,0,13,29,4,42,0
UYYK9QIO,76,0,24,52,0,0,11,0,6,5,0,0,65,0,18,47,0,0,8,0,1,7,0,0,11,65,8,76,0
YZM6G9JC,37,2,15,24,0,0,14,1,5,10,0,0,23,1,10,14,0,0,2,0,0,2,0,0,15,24,2,39,0
F9KFYMRP,14,0,1,12,1,0,2,0,1,1,0,0,12,0,0,11,1,0,4,0,0,4,0,0,2,12,4,14,0
5A8JOIS3,35,2,2,35,0,0,13,2,0,15,0,0,22,0,2,20,0,0,5,0,0,5,0,0,15,22,5,37,0
CMOKAUZC,3,0,0,3,0,0,3,0,0,3,0,0,0,0,0,0,0,0,0,0,0,0,0,0,3,0,0,3,0
EY5ILFPB,17,4,0,20,1,0,4,3,0,7,0,0,13,1,0,13,1,0,5,0,0,4,1,0,7,14,5,21,0
CA71RE8E,36,14,0,31,19,0,26,14,0,30,10,0,10,0,0,1,9,0,1,0,0,0,1,0,40,10,1,50,0
9YUFJA4M,18,3,2,11,1,7,10,1,0,7,1,3,8,2,2,4,0,4,1,0,0,1,0,0,11,10,1,21,0
DAYY4WU8,2,0,0,1,1,0,2,0,0,1,1,0,0,0,0,0,0,0,0,0,0,0,0,0,2,0,0,2,0
PRNQKNVS,67,9,27,48,0,5,9,6,5,9,0,1,58,3,22,39,0,4,19,2,6,15,0,1,15,61,21,76,0
RMC5LKOG,24,5,1,24,4,0,5,2,0,5,2,0,19,3,1,19,2,0,4,1,0,4,1,0,7,22,5,29,0
I7EK1HMD,14,9,0,12,11,0,9,5,0,7,7,0,5,4,0,5,4,0,1,0,0,0,1,0,14,9,1,23,0
GD6WGOWV,61,4,9,46,9,1,31,4,3,24,7,1,30,0,6,22,2,0,2,0,2,0,0,0,35,30,2,65,0
KC6UZZQA,132,35,14,120,33,0,64,21,9,57,19,0,68,14,5,63,14,0,13,0,1,11,1,0,85,82,13,167,0
TPUQLXY9,4,0,0,2,2,0,3,0,0,1,2,0,1,0,0,1,0,0,0,0,0,0,0,0,3,1,0,4,0
RNDP8LL2,98,10,19,83,6,0,44,8,6,42,4,0,54,2,13,41,2,0,17,0,4,13,0,0,52,56,17,108,0
55I7ZVMQ,1,1,1,1,0,0,0,1,0,1,0,0,1,0,1,0,0,0,0,0,0,0,0,0,1,1,0,2,0
CJXUTJB5,6,0,0,4,1,1,3,0,0,3,0,0,3,0,0,1,1,1,0,0,0,0,0,0,3,3,0,6,0
QXOCLHUG,3,2,2,1,2,0,0,2,2,0,0,0,3,0,0,1,2,0,0,0,0,0,0,0,2,3,0,5,0
SSXZAHQL,41,5,4,37,5,0,20,2,1,17,4,0,21,3,3,20,1,0,3,0,0,3,0,0,22,24,3,46,0
EHWUNLXU,10,0,1,9,0,0,3,0,0,3,0,0,7,0,1,6,0,0,0,0,0,0,0,0,3,7,0,10,0
5PUWH379,40,3,9,30,4,0,12,0,0,10,2,0,28,3,9,20,2,0,3,2,1,3,1,0,12,31,5,43,0
4GISVNKM,9,4,0,11,2,0,3,2,0,3,2,0,6,2,0,8,0,0,2,0,0,2,0,0,5,8,2,13,0
MDG59VGI,4,0,1,3,0,0,2,0,0,2,0,0,2,0,1,1,0,0,0,0,0,0,0,0,2,2,0,4,0
W3GCG67X,35,15,9,25,16,0,20,13,8,14,11,0,15,2,1,11,5,0,7,0,1,5,1,0,33,17,7,50,0
X5AEEHKJ,4,3,4,3,0,0,2,2,2,2,0,0,2,1,2,1,0,0,0,0,0,0,0,0,4,3,0,7,0
AOAHFI6S,95,21,9,94,13,2,48,18,8,51,7,2,47,3,1,43,6,0,4,0,0,2,2,0,66,50,4,116,0
8TLCEFOY,82,34,15,76,25,0,52,20,13,47,12,0,30,14,2,29,13,0,4,0,0,3,1,0,72,44,4,116,0
GXG6LPYA,27,5,0,24,8,0,8,3,0,8,3,0,19,2,0,16,5,0,7,0,0,7,0,0,11,21,7,32,0
IW4UKGMK,72,5,8,63,6,0,27,3,4,23,3,0,45,2,4,40,3,0,10,0,1,9,0,0,30,47,10,77,0
XZ1EH3J1,29,6,0,23,11,1,16,4,0,13,6,1,13,2,0,10,5,0,4,0,0,2,2,0,20,15,4,35,0
IPV7O21W,1,0,0,1,0,0,0,0,0,0,0,0,1,0,0,1,0,0,0,0,0,0,0,0,0,1,0,1,0
3AWJWUIZ,0,1,0,1,0,0,0,1,0,1,0,0,0,0,0,0,0,0,0,0,0,0,0,0,1,0,0,1,0
IF21QN7C,21,1,6,16,0,0,8,0,0,8,0,0,13,1,6,8,0,0,2,0,0,2,0,0,8,14,2,22,0
HOQXGDTN,75,11,32,41,4,10,19,5,13,9,0,2,56,6,19,32,4,8,16,1,8,9,0,0,24,62,17,86,0
KQVSXKV4,45,8,3,40,8,3,24,8,1,25,4,2,21,0,2,15,4,1,3,0,0,2,1,0,32,21,3,53,0
MN7SGDCB,5,1,0,6,0,0,2,1,0,3,0,0,3,0,0,3,0,0,0,0,0,0,0,0,3,3,0,6,0
FB9FGH1Y,42,1,3,33,7,0,25,1,1,19,6,0,17,0,2,14,1,0,2,0,0,1,1,0,26,17,2,43,0
BVNOYZNA,38,2,8,28,4,2,14,1,1,13,1,0,24,1,7,15,3,2,5,0,2,1,2,0,15,25,5,40,0
QCEUS7CK,2,0,0,2,0,0,0,0,0,0,0,0,2,0,0,2,0,0,0,0,0,0,0,0,0,2,0,2,0
GCZXKVXE,1,0,0,1,0,0,0,0,0,0,0,0,1,0,0,1,0,0,0,0,0,0,0,0,0,1,0,1,0
CMACLUYU,11,2,0,12,1,0,5,0,0,5,0,0,6,2,0,7,1,0,3,0,0,2,1,0,5,8,3,13,0
O6RWTPUM,20,4,6,14,4,0,14,3,5,9,3,0,6,1,1,5,1,0,0,0,0,0,0,0,17,7,0,24,0
1JNUULA4,12,0,7,5,0,1,6,0,1,5,0,0,6,0,6,0,0,1,2,0,2,0,0,0,6,6,2,12,0
CBRJKECN,63,3,2,59,4,1,25,3,0,25,3,0,38,0,2,34,1,1,3,0,1,2,0,0,28,38,3,66,0
MPP9ZWMO,11,2,2,10,1,0,5,0,0,4,1,0,6,2,2,6,0,0,1,0,0,1,0,0,5,8,1,13,0
ZXIOIGE7,2,6,2,6,0,1,0,1,0,1,0,0,2,5,2,5,0,1,0,1,0,1,0,0,1,7,1,8,0
YWD8QK3S,7,1,3,5,0,0,4,1,2,3,0,0,3,0,1,2,0,0,1,0,0,1,0,0,5,3,1,8,0
9KD8HHMF,24,0,2,19,3,0,4,0,0,4,0,0,20,0,2,15,3,0,4,0,0,2,2,0,4,20,4,24,0
VCV7WAWI,20,1,3,16,2,0,16,0,1,13,2,0,4,1,2,3,0,0,1,1,1,1,0,0,16,5,2,21,0
C2UCJ1AN,4,1,0,3,2,0,3,1,0,2,2,0,1,0,0,1,0,0,0,0,0,0,0,0,4,1,0,5,0
DBQ21T3I,26,9,0,19,13,3,21,9,0,14,13,3,5,0,0,5,0,0,1,0,0,1,0,0,30,5,1,35,0
RDPWF8GL,13,2,0,14,1,0,3,0,0,3,0,0,10,2,0,11,1,0,1,0,0,1,0,0,3,12,1,15,0
95E3K6LE,6,1,1,3,3,0,2,1,1,0,2,0,4,0,0,3,1,0,0,0,0,0,0,0,3,4,0,7,0
X8UHKOQQ,4,1,0,2,3,0,1,1,0,2,0,0,3,0,0,0,3,0,2,0,0,0,2,0,2,3,2,5,0
5CCIG9HF,0,2,0,2,0,0,0,2,0,2,0,0,0,0,0,0,0,0,0,0,0,0,0,0,2,0,0,2,0
A2XOCFJI,1,0,0,0,1,0,1,0,0,0,1,0,0,0,0,0,0,0,0,0,0,0,0,0,1,0,0,1,0
HQLN5I4C,21,3,3,20,1,0,5,2,0,7,0,0,16,1,3,13,1,0,1,0,0,1,0,0,7,17,1,24,0
SYDZIEJS,5,0,0,2,3,0,3,0,0,1,2,0,2,0,0,1,1,0,0,0,0,0,0,0,3,2,0,5,0
TDL6D3KK,117,1,34,74,10,0,32,1,9,20,4,0,85,0,25,54,6,0,11,0,4,6,1,0,33,85,11,118,0
CDSJMRMG,123,3,50,75,1,0,45,1,18,28,0,0,78,2,32,47,1,0,10,0,3,7,0,0,46,80,10,126,0
JCZCH3CQ,12,0,1,11,0,0,4,0,0,4,0,0,8,0,1,7,0,0,1,0,0,1,0,0,4,8,1,12,0
RWTHSRHG,20,0,4,16,0,0,7,0,3,4,0,0,13,0,1,12,0,0,2,0,0,2,0,0,7,13,2,20,0
U5IM9L6Z,35,5,8,25,7,0,9,0,4,4,1,0,26,5,4,21,6,0,1,0,0,1,0,0,9,31,1,40,0
LEXG5EUJ,187,32,16,122,76,5,86,22,7,67,32,2,101,10,9,55,44,3,8,0,1,4,3,0,108,111,8,219,0
LGTHMNQ9,5,0,0,5,0,0,0,0,0,0,0,0,5,0,0,5,0,0,4,0,0,4,0,0,0,5,4,5,0
IMFCMRXS,32,2,9,25,0,0,25,2,9,18,0,0,7,0,0,7,0,0,0,0,0,0,0,0,27,7,0,34,0
7BEWS44Z,62,7,13,56,0,0,18,6,7,17,0,0,44,1,6,39,0,0,8,0,1,7,0,0,24,45,8,69,0
USE5JRHE,5,0,1,3,1,1,2,0,0,2,0,0,3,0,1,1,1,1,0,0,0,0,0,0,2,3,0,5,0
YFAIGQNL,6,0,2,4,0,0,2,0,1,1,0,0,4,0,1,3,0,0,2,0,0,2,0,0,2,4,2,6,0
4CJNDAGP,30,2,3,28,1,0,13,1,1,13,0,0,17,1,2,15,1,0,2,0,0,2,0,0,14,18,2,32,0
XX15J1JQ,184,4,21,151,15,1,91,2,16,65,11,1,93,2,5,86,4,0,27,0,0,26,1,0,93,95,27,188,0
PGQL4HSP,4,0,0,4,0,0,2,0,0,2,0,0,2,0,0,2,0,0,2,0,0,2,0,0,2,2,2,4,0
IMFUFEIP,21,3,7,16,1,0,12,3,6,8,1,0,9,0,1,8,0,0,1,0,0,1,0,0,15,9,1,24,0
NEDSQKE8,5,0,0,5,0,0,0,0,0,0,0,0,5,0,0,5,0,0,0,0,0,0,0,0,0,5,0,5,0
8SMR3CUO,57,0,6,51,0,0,15,0,3,12,0,0,42,0,3,39,0,0,6,0,1,5,0,0,15,42,6,57,0
8SC3DWLB,5,0,1,4,0,0,1,0,0,1,0,0,4,0,1,3,0,0,1,0,0,1,0,0,1,4,1,5,0
MJZOGNJQ,13,2,7,8,0,3,3,2,4,1,0,1,10,0,3,7,0,2,5,0,1,4,0,0,5,10,5,15,0
ULLUYLST,3,0,1,2,0,0,1,0,0,1,0,0,2,0,1,1,0,0,2,0,1,1,0,0,1,2,2,3,0
SEU3FNQU,3,0,0,3,0,0,0,0,0,0,0,0,3,0,0,3,0,0,2,0,0,2,0,0,0,3,2,3,0
JBMSQD29,17,0,6,11,0,0,5,0,0,5,0,0,12,0,6,6,0,0,1,0,0,1,0,0,5,12,1,17,0
1COAW7N9,1,0,0,1,0,0,0,0,0,0,0,0,1,0,0,1,0,0,1,0,0,1,0,0,0,1,1,1,0
OSVOCJBF,61,3,8,50,6,0,33,3,3,28,5,0,28,0,5,22,1,0,1,0,0,1,0,0,36,28,1,64,0
VCGGMYVW,15,1,4,12,0,0,4,1,1,4,0,0,11,0,3,8,0,0,2,0,0,2,0,0,5,11,2,16,0
FNCELG4Z,24,0,3,21,0,0,7,0,1,6,0,0,17,0,2,15,0,0,0,0,0,0,0,0,7,17,0,24,0
L79PHPSC,150,13,49,85,19,11,45,8,9,24,11,9,105,5,40,61,8,2,16,0,10,5,1,0,53,110,16,163,0
VGKTLHHX,98,13,33,64,14,2,28,5,14,18,1,2,70,8,19,46,13,0,18,0,2,13,3,0,33,78,18,111,0
YGW22CCS,42,11,5,28,16,4,18,6,2,14,7,1,24,5,3,14,9,3,2,0,1,1,0,0,24,29,2,53,0
SILQZ3RP,31,8,2,25,12,0,10,5,1,11,3,0,21,3,1,14,9,0,4,0,0,3,1,0,15,24,4,39,0
FNR3ERMJ,12,0,0,10,2,0,10,0,0,8,2,0,2,0,0,2,0,0,0,0,0,0,0,0,10,2,0,12,0
FNXGMRAD,39,0,8,30,1,0,8,0,1,7,0,0,31,0,7,23,1,0,8,0,4,4,0,0,8,31,8,39,0
B3OMERGR,38,6,11,33,0,0,4,2,0,6,0,0,34,4,11,27,0,0,3,0,0,3,0,0,6,38,3,44,0
JX7FDE72,8,7,1,14,0,0,2,3,1,4,0,0,6,4,0,10,0,0,0,0,0,0,0,0,5,10,0,15,0
BJQBYXWE,27,0,13,13,1,0,7,0,4,3,0,0,20,0,9,10,1,0,5,0,2,2,1,0,7,20,5,27,0
YRFCXRSA,122,8,14,82,24,9,59,4,6,37,14,5,63,4,8,45,10,4,22,0,5,13,3,3,63,67,22,130,0
OPLT2BHS,4,1,0,2,3,0,2,1,0,2,1,0,2,0,0,0,2,0,1,0,0,0,1,0,3,2,1,5,0
Q7AOVYZL,0,2,0,2,0,0,0,2,0,2,0,0,0,0,0,0,0,0,0,0,0,0,0,0,2,0,0,2,0
ZPCPGNVR,1,0,0,1,0,0,0,0,0,0,0,0,1,0,0,1,0,0,0,0,0,0,0,0,0,1,0,1,0
CMYMTVGA,14,5,0,11,8,0,2,0,0,2,0,0,12,5,0,9,8,0,0,0,0,0,0,0,2,17,0,19,0
BSJDUKX7,7,5,0,11,1,0,7,5,0,11,1,0,0,0,0,0,0,0,0,0,0,0,0,0,12,0,0,12,0
V4VDIF3T,10,1,1,8,2,0,3,1,0,3,1,0,7,0,1,5,1,0,2,0,0,2,0,0,4,7,2,11,0
ICA7EET7,2,2,1,2,1,0,1,2,1,1,1,0,1,0,0,1,0,0,0,0,0,0,0,0,3,1,0,4,0
B5AWQCQJ,56,31,20,52,15,0,30,25,14,36,5,0,26,6,6,16,10,0,0,0,0,0,0,0,55,32,0,87,0
OZ5STGZR,28,1,0,7,5,17,17,0,0,6,3,8,11,1,0,1,2,9,1,0,0,1,0,0,17,12,1,29,0
2EIBGRUF,3,0,2,0,1,1,1,0,1,0,0,1,2,0,1,0,1,0,1,0,1,0,0,0,1,2,1,3,0
HQ94G2UG,32,5,3,29,5,0,10,5,0,12,3,0,22,0,3,17,2,0,1,0,0,1,0,0,15,22,1,37,0
AOTMJJTO,22,1,5,18,0,0,12,0,2,10,0,0,10,1,3,8,0,0,6,0,3,3,0,0,12,11,6,23,0
TCVEDHRW,50,7,4,49,4,0,17,3,3,15,2,0,33,4,1,34,2,0,4,0,0,4,0,0,20,37,4,57,0
AVIWDEWZ,13,1,4,8,1,1,5,0,0,5,0,0,8,1,4,3,1,1,1,0,0,0,0,1,5,9,1,14,0
P6F3YBS5,44,2,6,36,2,2,15,1,4,10,0,2,29,1,2,26,2,0,2,0,1,1,0,0,16,30,2,46,0
7LOXSAEE,47,6,4,42,7,1,9,6,2,9,4,1,38,0,2,33,3,0,2,0,0,1,1,0,15,38,2,53,0
HFIVIDAI,17,0,4,13,0,0,2,0,0,2,0,0,15,0,4,11,0,0,0,0,0,0,0,0,2,15,0,17,0
ABBVMJYM,15,0,1,13,1,0,4,0,0,4,0,0,11,0,1,9,1,0,0,0,0,0,0,0,4,11,0,15,0
EUQGNVZF,1,0,0,1,0,0,0,0,0,0,0,0,1,0,0,1,0,0,0,0,0,0,0,0,0,1,0,1,0
APOFMHDQ,138,59,28,134,32,4,65,39,14,65,22,4,73,20,14,69,10,0,12,3,1,12,2,0,104,93,15,197,0
LVQQ5KGZ,4,1,0,3,2,0,2,0,0,1,1,0,2,1,0,2,1,0,2,1,0,2,1,0,2,3,3,5,0
VNQPG2NB,4,1,1,2,1,1,3,1,1,2,1,0,1,0,0,0,0,1,0,0,0,0,0,0,4,1,0,5,0
GR7OBERI,8,0,0,8,0,0,1,0,0,1,0,0,7,0,0,7,0,0,1,0,0,1,0,0,1,7,1,8,0
4EFJM6WV,9,2,1,9,1,1,7,0,1,6,0,1,2,2,0,3,1,0,0,0,0,0,0,0,7,4,0,11,0
HVRZP9RC,48,3,14,32,5,0,18,0,6,11,1,0,30,3,8,21,4,0,3,0,0,3,0,0,18,33,3,51,0
7YWEMLAT,14,2,4,10,2,0,5,0,1,4,0,0,9,2,3,6,2,0,0,0,0,0,0,0,5,11,0,16,0
PZRRBVAX,21,4,6,18,1,0,2,1,1,2,0,0,19,3,5,16,1,0,1,0,1,0,0,0,3,22,1,25,0
HDFDED7M,49,14,0,19,33,11,13,5,0,6,7,5,36,9,0,13,26,6,6,2,0,5,3,0,18,45,8,63,0
WH8G7WRH,42,2,7,37,0,0,11,0,4,7,0,0,31,2,3,30,0,0,3,0,0,3,0,0,11,33,3,44,0
DVMUBIOL,76,1,18,59,0,0,14,1,2,13,0,0,62,0,16,46,0,0,10,0,4,6,0,0,15,62,10,77,0
HJCZZLMX,30,1,6,24,1,0,6,0,0,6,0,0,24,1,6,18,1,0,7,0,2,5,0,0,6,25,7,31,0
YWUFMYYW,10,0,0,9,1,0,4,0,0,3,1,0,6,0,0,6,0,0,1,0,0,1,0,0,4,6,1,10,0
HOZP5ZUC,35,0,3,31,1,0,17,0,1,15,1,0,18,0,2,16,0,0,2,0,0,2,0,0,17,18,2,35,0
RSXG7GPO,2,1,0,2,1,0,2,0,0,1,1,0,0,1,0,1,0,0,0,0,0,0,0,0,2,1,0,3,0
IL83GOLC,3,0,0,3,0,0,0,0,0,0,0,0,3,0,0,3,0,0,1,0,0,1,0,0,0,3,1,3,0
D3UYXFZL,149,16,34,93,36,2,64,7,17,39,15,0,85,9,17,54,21,2,4,1,2,3,0,0,71,94,5,165,0
LKXJ6ULZ,124,10,41,89,4,0,35,4,10,28,1,0,89,6,31,61,3,0,9,0,4,5,0,0,39,95,9,134,0
RSSPX7ZS,49,4,17,33,3,0,11,0,1,10,0,0,38,4,16,23,3,0,5,0,3,2,0,0,11,42,5,53,0
O3OD8DAY,2,0,0,2,0,0,0,0,0,0,0,0,2,0,0,2,0,0,2,0,0,2,0,0,0,2,2,2,0
YKWTSLBG,24,1,4,21,0,0,7,0,1,6,0,0,17,1,3,15,0,0,1,0,0,1,0,0,7,18,1,25,0
QK27IUKD,12,0,5,6,1,0,1,0,0,1,0,0,11,0,5,5,1,0,2,0,0,2,0,0,1,11,2,12,0
ODIT6XWF,13,3,1,8,4,3,6,1,0,1,3,3,7,2,1,7,1,0,1,0,0,1,0,0,7,9,1,16,0
PXYQCM4C,46,3,8,39,2,1,13,3,3,12,1,0,33,0,5,27,1,1,4,0,1,3,0,0,16,33,4,49,0
8GYNVYUX,1,0,0,1,0,0,1,0,0,1,0,0,0,0,0,0,0,0,0,0,0,0,0,0,1,0,0,1,0
7H78TXJU,12,0,0,11,0,1,3,0,0,3,0,0,9,0,0,8,0,1,2,0,0,1,0,1,3,9,2,12,0
7ACI5SAF,7,0,2,5,0,0,5,0,1,4,0,0,2,0,1,1,0,0,1,0,1,0,0,0,5,2,1,7,0
PW8DOZW5,20,3,4,17,2,0,9,3,4,8,0,0,11,0,0,9,2,0,3,0,0,3,0,0,12,11,3,23,0
M6ETTQ9S,29,2,8,23,0,1,12,2,5,9,0,1,17,0,3,14,0,0,2,0,0,2,0,0,14,17,2,31,0
SGYTUQIA,11,0,0,11,0,0,3,0,0,3,0,0,8,0,0,8,0,0,2,0,0,2,0,0,3,8,2,11,0
UM5OGTDC,30,1,8,23,0,0,9,1,2,8,0,0,21,0,6,15,0,0,5,0,2,3,0,0,10,21,5,31,0
3TZ5LXTC,29,4,1,18,12,2,9,3,1,5,6,0,20,1,0,13,6,2,1,1,0,2,0,0,12,21,2,33,0
IUIXQ3C3,9,2,4,7,0,1,3,1,1,3,0,0,6,1,3,4,0,1,3,0,2,1,0,1,4,7,3,11,0
RB1LLSCH,79,5,26,44,14,0,40,1,14,19,8,0,39,4,12,25,6,0,2,0,0,2,0,0,41,43,2,84,0
DNURYFQZ,64,4,8,57,3,0,22,3,5,18,2,0,42,1,3,39,1,0,11,0,2,9,0,0,25,43,11,68,0
PSD41KWL,24,4,2,23,3,1,5,1,0,6,0,0,19,3,2,17,3,1,2,1,1,2,0,1,6,22,3,28,0
BXPH2GWC,45,3,9,34,1,4,13,1,3,11,0,0,32,2,6,23,1,4,3,0,1,2,0,0,14,34,3,48,0
3EEX9HME,28,0,19,9,0,0,5,0,3,2,0,0,23,0,16,7,0,0,3,0,2,1,0,0,5,23,3,28,0
P29OWEU2,72,6,10,65,3,0,33,3,4,29,3,0,39,3,6,36,0,0,10,0,2,8,0,0,36,42,10,78,0
QOTGUSKP,21,1,2,19,1,0,4,0,1,3,0,0,17,1,1,16,1,0,2,0,0,2,0,0,4,18,2,22,0
TBIAWNO1,19,8,2,25,0,0,18,7,2,23,0,0,1,1,0,2,0,0,0,0,0,0,0,0,25,2,0,27,0
ILYI1STR,18,6,4,17,3,0,7,0,0,6,1,0,11,6,4,11,2,0,1,0,1,0,0,0,7,17,1,24,0
ECRJYEAC,70,14,18,55,10,1,30,13,4,28,10,1,40,1,14,27,0,0,7,0,3,4,0,0,43,41,7,84,0
M3UBL16A,2,0,1,1,0,0,1,0,1,0,0,0,1,0,0,1,0,0,0,0,0,0,0,0,1,1,0,2,0
PAPBUQ9W,88,15,25,77,1,0,27,3,7,23,0,0,61,12,18,54,1,0,9,2,2,9,0,0,30,73,11,103,0
YWN9YQU1,13,2,1,14,0,0,2,0,0,2,0,0,11,2,1,12,0,0,2,0,0,2,0,0,2,13,2,15,0
EHEGGQK3,32,3,8,27,0,0,10,2,2,10,0,0,22,1,6,17,0,0,8,0,2,6,0,0,12,23,8,35,0
IF9XX7VE,4,1,3,2,0,0,3,1,2,2,0,0,1,0,1,0,0,0,1,0,1,0,0,0,4,1,1,5,0
YKBNJJW2,6,0,2,4,0,0,3,0,1,2,0,0,3,0,1,2,0,0,0,0,0,0,0,0,3,3,0,6,0
ZKQEZEND,12,3,1,12,2,0,4,1,0,4,1,0,8,2,1,8,1,0,3,0,1,2,0,0,5,10,3,15,0
IUFKEEHX,22,1,9,14,0,1,5,1,2,4,0,0,17,0,7,10,0,1,1,0,0,1,0,0,6,17,1,23,0
HO9NAVYW,49,6,7,43,5,0,20,1,2,17,2,0,29,5,5,26,3,0,0,0,0,0,0,0,21,34,0,55,0
QW5PQK9B,35,4,10,29,0,0,16,2,5,13,0,0,19,2,5,16,0,0,2,0,0,2,0,0,18,21,2,39,0
VDZKFTAM,18,2,4,15,1,0,7,2,1,7,1,0,11,0,3,8,0,0,2,0,1,1,0,0,9,11,2,20,0
BZIHHBFN,44,7,9,36,6,3,25,2,7,15,5,3,19,5,2,21,1,0,2,0,0,2,0,0,27,24,2,51,0
1TBKEGGX,80,1,17,62,2,0,27,1,7,19,2,0,53,0,10,43,0,0,6,0,1,5,0,0,28,53,6,81,0
FIZJB8BY,45,9,2,38,8,6,26,6,1,23,4,4,19,3,1,15,4,2,1,0,0,1,0,0,32,22,1,54,0
X37YIXXI,21,0,8,13,0,0,4,0,2,2,0,0,17,0,6,11,0,0,4,0,1,3,0,0,4,17,4,21,0
DUBJMM45,97,9,34,58,14,1,33,9,14,23,5,1,64,0,20,35,9,0,4,0,1,3,0,0,42,64,4,106,0
NWDJWACC,34,3,5,19,7,8,20,0,4,4,6,7,14,3,1,15,1,1,1,2,0,3,0,0,20,17,3,37,0
MQ8NBQNX,21,1,3,15,4,0,8,0,3,5,0,0,13,1,0,10,4,0,4,0,0,3,1,0,8,14,4,22,0
COXPQ18L,17,1,1,6,7,4,9,0,0,3,4,2,8,1,1,3,3,2,0,1,0,1,0,0,9,9,1,18,0
TGLTH2WU,23,0,5,18,0,0,9,0,4,5,0,0,14,0,1,13,0,0,4,0,0,4,0,0,9,14,4,23,0
LNUPTALP,58,4,8,42,12,0,12,0,3,6,3,0,46,4,5,36,9,0,8,0,1,7,0,0,12,50,8,62,0
PDIGLIOA,25,2,6,17,1,4,13,0,5,5,0,4,12,2,1,12,1,0,3,0,0,3,0,0,13,14,3,27,0
IGJIXKYS,19,0,1,13,2,3,2,0,0,2,0,0,17,0,1,11,2,3,6,0,0,4,1,1,2,17,6,19,0
AVXV9OOQ,5,0,2,3,0,0,0,0,0,0,0,0,5,0,2,3,0,0,0,0,0,0,0,0,0,5,0,5,0
7CRLF4KU,64,3,14,49,4,4,20,2,2,18,2,0,44,1,12,31,2,4,3,0,2,1,0,2,22,45,3,67,0
E7NDF63V,5,0,1,3,1,0,4,0,1,2,1,0,1,0,0,1,0,0,0,0,0,0,0,0,4,1,0,5,0
FPOGDYGK,75,1,8,64,4,0,23,1,4,19,1,0,52,0,4,45,3,0,12,0,0,11,1,0,24,52,12,76,0
HQC8HEKZ,2,0,1,1,0,0,2,0,1,1,0,0,0,0,0,0,0,0,0,0,0,0,0,0,2,0,0,2,0
ZRGNSCYB,32,0,15,16,1,0,9,0,4,4,1,0,23,0,11,12,0,0,7,0,0,7,0,0,9,23,7,32,0
OFMKEUOK,68,2,10,44,14,3,21,2,5,13,4,1,47,0,5,31,10,2,1,0,0,1,0,0,23,47,1,70,0
8GGYM7TQ,40,1,2,30,8,0,18,1,0,14,5,0,22,0,2,16,3,0,3,0,0,1,1,0,19,22,3,41,0
NR2MOH72,4,0,1,3,0,0,3,0,0,3,0,0,1,0,1,0,0,0,1,0,1,0,0,0,3,1,1,4,0
MMORDSO7,66,22,8,60,20,0,26,8,4,21,9,0,40,14,4,39,11,0,0,2,0,2,0,0,34,54,2,88,0
3AS3QVZ7,21,1,0,20,2,0,3,0,0,3,0,0,18,1,0,17,2,0,6,0,0,6,0,0,3,19,6,22,0
UDRA1U5U,23,8,2,14,14,1,15,3,2,8,8,0,8,5,0,6,6,1,0,0,0,0,0,0,18,13,0,31,0
A5IX63HI,6,2,1,7,0,0,2,2,0,4,0,0,4,0,1,3,0,0,1,0,0,1,0,0,4,4,1,8,0
MHVEJ9TQ,19,1,0,18,2,0,3,0,0,2,1,0,16,1,0,16,1,0,2,0,0,2,0,0,3,17,2,20,0
PLOUDWDP,16,3,7,11,1,0,8,3,4,7,0,0,8,0,3,4,1,0,0,0,0,0,0,0,11,8,0,19,0
IIB4PLRS,43,7,8,26,12,4,17,2,4,11,4,0,26,5,4,15,8,4,0,0,0,0,0,0,19,31,0,50,0
WYIH9PO2,22,4,11,15,0,0,7,2,2,7,0,0,15,2,9,8,0,0,1,1,1,1,0,0,9,17,2,26,0
QYABULRF,18,2,10,10,0,0,4,2,3,3,0,0,14,0,7,7,0,0,2,0,2,0,0,0,6,14,2,20,0
NRAMZSFU,154,10,25,119,20,0,74,6,22,48,10,0,80,4,3,71,10,0,7,0,0,5,2,0,80,84,7,164,0
VV4E9QWW,8,0,0,2,3,3,8,0,0,2,3,3,0,0,0,0,0,0,0,0,0,0,0,0,8,0,0,8,0
YKMQBJTD,6,3,0,9,0,0,3,2,0,5,0,0,3,1,0,4,0,0,1,0,0,1,0,0,5,4,1,9,0
B7K8I4EX,0,1,0,1,0,0,0,0,0,0,0,0,0,1,0,1,0,0,0,1,0,1,0,0,0,1,1,1,0
DVXJFBPO,56,28,10,64,10,0,35,23,8,43,7,0,21,5,2,21,3,0,1,0,0,1,0,0,58,26,1,84,0
ZUG6WGLJ,9,6,2,10,3,0,5,6,2,6,3,0,4,0,0,4,0,0,0,0,0,0,0,0,11,4,0,15,0
VGUB8SAX,132,38,43,99,20,9,44,17,22,29,8,3,88,21,21,70,12,6,10,0,3,7,0,0,61,109,10,170,0
XW2RIYPC,103,14,3,84,28,2,43,9,0,34,16,2,60,5,3,50,12,0,0,0,0,0,0,0,52,65,0,117,0
KNTOI2BL,4,0,0,2,2,0,2,0,0,0,2,0,2,0,0,2,0,0,0,0,0,0,0,0,2,2,0,4,0
R2YP8HFH,73,14,7,48,26,6,27,6,5,21,7,0,46,8,2,27,19,6,1,2,0,1,2,0,33,54,3,87,0
ZPS6NEUS,29,7,11,21,4,1,14,7,10,8,3,1,15,0,1,13,1,0,4,0,0,3,1,0,21,15,4,36,0
UDEGOEIW,40,1,11,24,5,2,9,0,2,7,0,0,31,1,9,17,5,2,7,0,4,3,0,0,9,32,7,41,0
2SSLYDIN,89,12,31,66,4,1,26,11,12,23,2,0,63,1,19,43,2,1,7,1,0,8,0,0,37,64,8,101,0
G7AIF1KR,1,0,0,1,0,0,1,0,0,1,0,0,0,0,0,0,0,0,0,0,0,0,0,0,1,0,0,1,0
TJRHQOF3,4,1,1,3,1,0,2,0,0,2,0,0,2,1,1,1,1,0,0,0,0,0,0,0,2,3,0,5,0
QVE86EOL,12,2,2,11,1,1,5,0,1,3,1,0,7,2,1,8,0,1,3,0,0,3,0,0,5,9,3,14,0
9E5B5WYB,11,2,1,12,0,0,6,0,0,6,0,0,5,2,1,6,0,0,0,0,0,0,0,0,6,7,0,13,0
LSNYAGB1,10,0,0,9,1,0,4,0,0,3,1,0,6,0,0,6,0,0,0,0,0,0,0,0,4,6,0,10,0
GVGWTG9H,35,5,11,28,1,0,13,3,4,11,1,0,22,2,7,17,0,0,8,0,3,5,0,0,16,24,8,40,0
PACKCFRK,7,0,1,4,2,0,4,0,1,3,0,0,3,0,0,1,2,0,1,0,0,0,1,0,4,3,1,7,0
JCVKCJSJ,38,3,7,32,2,0,9,3,0,12,0,0,29,0,7,20,2,0,6,0,0,5,1,0,12,29,6,41,0
N663WECI,24,1,5,20,0,1,18,1,4,15,0,0,6,0,1,5,0,1,2,0,0,2,0,0,19,6,2,25,0
NOAHWVNJ,38,8,6,29,9,2,9,8,0,10,5,2,29,0,6,19,4,0,3,0,0,2,1,0,17,29,3,46,0
RAMHWJLZ,2,0,0,2,0,0,0,0,0,0,0,0,2,0,0,2,0,0,0,0,0,0,0,0,0,2,0,2,0
HNEOIYGF,45,3,12,32,1,2,14,3,2,15,0,0,31,0,10,17,1,2,8,0,2,3,1,1,17,31,8,48,0
Y5NAZK7S,8,4,1,11,0,0,2,1,0,3,0,0,6,3,1,8,0,0,3,0,0,3,0,0,3,9,3,12,0
BJIEHDLM,55,4,22,36,1,0,29,2,13,17,1,0,26,2,9,19,0,0,4,0,2,2,0,0,31,28,4,59,0
ODFXS4JI,11,0,0,11,0,0,5,0,0,5,0,0,6,0,0,6,0,0,1,0,0,1,0,0,5,6,1,11,0
IKVWRIQ7,10,4,0,12,2,0,4,2,0,4,2,0,6,2,0,8,0,0,3,2,0,5,0,0,6,8,5,14,0
JFCNSJMU,46,2,16,32,0,0,7,2,2,7,0,0,39,0,14,25,0,0,9,0,2,7,0,0,9,39,9,48,0
OFPLKTUN,177,14,43,132,12,4,63,6,18,42,5,4,114,8,25,90,7,0,15,1,4,11,1,0,69,122,16,191,0
RYIXACWG,85,16,8,70,23,0,41,7,6,27,15,0,44,9,2,43,8,0,4,0,0,3,1,0,48,53,4,101,0
FFTDPCJK,40,5,4,31,5,5,15,5,1,11,3,5,25,0,3,20,2,0,3,0,1,2,0,0,20,25,3,45,0
MQKOFYUY,52,2,9,41,4,0,27,2,5,21,3,0,25,0,4,20,1,0,5,0,0,5,0,0,29,25,5,54,0
OV4IT1ZH,25,0,7,18,0,0,6,0,2,4,0,0,19,0,5,14,0,0,4,0,0,4,0,0,6,19,4,25,0
AVBQ6LBN,8,1,0,8,1,0,2,1,0,2,1,0,6,0,0,6,0,0,0,0,0,0,0,0,3,6,0,9,0
RBFMW7NY,16,7,5,13,4,0,14,4,3,11,4,0,2,3,2,2,0,0,1,0,0,1,0,0,18,5,1,23,0
BSUOXXAH,15,2,0,14,0,2,8,2,0,7,0,2,7,0,0,7,0,0,0,0,0,0,0,0,10,7,0,17,0
1NDRSRG9,4,3,0,7,0,0,1,2,0,3,0,0,3,1,0,4,0,0,0,0,0,0,0,0,3,4,0,7,0
D6CNALLS,5,0,2,3,0,0,1,0,0,1,0,0,4,0,2,2,0,0,0,0,0,0,0,0,1,4,0,5,0
3E6YUJTE,12,0,1,11,0,0,6,0,0,6,0,0,6,0,1,5,0,0,0,0,0,0,0,0,6,6,0,12,0
VQ4YLELQ,15,0,2,10,3,0,7,0,2,5,0,0,8,0,0,5,3,0,2,0,0,0,2,0,7,8,2,15,0
YONCMBH5,1,0,0,0,1,0,0,0,0,0,0,0,1,0,0,0,1,0,0,0,0,0,0,0,0,1,0,1,0
BDPCKCI5,2,9,3,7,1,0,2,9,3,7,1,0,0,0,0,0,0,0,0,0,0,0,0,0,11,0,0,11,0
EBUGNDHH,1,0,0,1,0,0,0,0,0,0,0,0,1,0,0,1,0,0,1,0,0,1,0,0,0,1,1,1,0
B8DE2ZUV,2,0,1,1,0,0,0,0,0,0,0,0,2,0,1,1,0,0,0,0,0,0,0,0,0,2,0,2,0
JPJGCTQF,82,11,23,62,8,1,43,11,17,29,8,1,39,0,6,33,0,0,5,0,1,4,0,0,54,39,5,93,0
JOTGEMNH,78,5,14,64,5,0,41,1,7,31,4,0,37,4,7,33,1,0,2,0,0,2,0,0,42,41,2,83,0
DXUJ7BNJ,28,11,2,36,1,0,19,10,2,27,0,0,9,1,0,9,1,0,4,1,0,5,0,0,29,10,5,39,0
94C6P4JM,50,13,23,40,0,1,42,13,22,33,0,1,8,0,1,7,0,0,1,0,0,1,0,0,55,8,1,63,0
SSFGBSOB,148,16,49,103,12,4,23,2,11,14,0,0,125,14,38,89,12,4,21,0,5,16,0,0,25,139,21,164,0
7IEARGVL,65,6,11,43,15,2,15,6,3,10,6,2,50,0,8,33,9,0,13,0,3,9,1,0,21,50,13,71,0
XRGAAHWN,16,0,5,11,0,0,8,0,1,7,0,0,8,0,4,4,0,0,1,0,1,0,0,0,8,8,1,16,0
JXQTVXTI,9,0,4,5,0,0,7,0,4,3,0,0,2,0,0,2,0,0,1,0,0,1,0,0,7,2,1,9,0
ZNIO5B33,2,2,0,2,2,0,1,2,0,1,2,0,1,0,0,1,0,0,0,0,0,0,0,0,3,1,0,4,0
PTKV1VCE,30,4,11,22,1,0,12,2,7,7,0,0,18,2,4,15,1,0,4,2,2,3,1,0,14,20,6,34,0
YRNDBOAW,42,4,6,31,8,1,18,3,4,12,5,0,24,1,2,19,3,1,3,0,0,2,1,0,21,25,3,46,0
DLT9KWMN,17,0,5,8,4,1,17,0,5,8,4,1,0,0,0,0,0,0,0,0,0,0,0,0,17,0,0,17,0
J9HBRNHP,4,0,1,3,0,0,0,0,0,0,0,0,4,0,1,3,0,0,4,0,1,3,0,0,0,4,4,4,0
IU3HLARN,13,0,1,10,2,0,4,0,0,3,1,0,9,0,1,7,1,0,0,0,0,0,0,0,4,9,0,13,0
86AVOBOX,53,4,14,42,1,0,14,4,2,16,0,0,39,0,12,26,1,0,7,0,2,5,0,0,18,39,7,57,0
QIQ6XHGW,10,0,5,5,0,0,5,0,2,3,0,0,5,0,3,2,0,0,0,0,0,0,0,0,5,5,0,10,0
88HOAWCE,1,0,0,0,1,0,0,0,0,0,0,0,1,0,0,0,1,0,0,0,0,0,0,0,0,1,0,1,0
KXELSBLC,4,6,1,8,1,0,1,2,0,3,0,0,3,4,1,5,1,0,0,0,0,0,0,0,3,7,0,10,0
9WSBUTLX,123,98,33,104,75,10,85,52,25,61,42,9,38,46,8,43,33,1,2,0,0,2,0,0,137,84,2,221,0
IBJJZWUA,92,10,17,81,4,1,36,1,8,28,1,0,56,9,9,53,3,1,14,0,1,13,0,0,37,65,14,102,0
FQFFI5DA,72,19,8,65,18,1,26,12,3,32,3,0,46,7,5,33,15,1,1,1,0,2,0,0,38,53,2,91,0
EYVQMYCT,148,25,28,102,37,6,79,10,20,40,23,6,69,15,8,62,14,0,7,1,0,7,1,0,89,84,8,173,0
XQZBAKPB,36,5,17,24,0,0,9,2,4,7,0,0,27,3,13,17,0,0,6,0,5,1,0,0,11,30,6,41,0
BH5ADFY9,2,1,0,3,0,0,2,1,0,3,0,0,0,0,0,0,0,0,0,0,0,0,0,0,3,0,0,3,0
DFU4SX7M,42,3,15,29,1,1,18,2,5,14,1,1,24,1,10,15,0,0,5,0,3,2,0,0,20,25,5,45,0
NWXIUNDW,14,3,3,14,0,0,3,2,2,3,0,0,11,1,1,11,0,0,2,0,1,1,0,0,5,12,2,17,0
1UFTQLPH,5,1,1,5,0,0,3,1,1,3,0,0,2,0,0,2,0,0,0,0,0,0,0,0,4,2,0,6,0
7VRPCPCK,23,0,11,12,0,0,5,0,2,3,0,0,18,0,9,9,0,0,4,0,2,2,0,0,5,18,4,23,1
OQCKXU4M,8,2,2,8,0,0,1,0,0,1,0,0,7,2,2,7,0,0,2,0,2,0,0,0,1,9,2,10,0
KSTF4VBK,35,1,5,28,3,0,15,1,4,10,2,0,20,0,1,18,1,0,5,0,0,5,0,0,16,20,5,36,0
OXWB9GGL,147,30,31,131,15,0,43,15,11,43,4,0,104,15,20,88,11,0,46,0,11,32,3,0,58,119,46,177,0
XYNJ1NGD,12,2,1,13,0,0,2,0,0,2,0,0,10,2,1,11,0,0,2,0,0,2,0,0,2,12,2,14,0
FKPNQ8EI,1,0,0,1,0,0,1,0,0,1,0,0,0,0,0,0,0,0,0,0,0,0,0,0,1,0,0,1,0
YPQFXVJZ,12,3,1,14,0,0,2,3,0,5,0,0,10,0,1,9,0,0,2,0,0,2,0,0,5,10,2,15,0
MDIBHGO9,15,1,1,15,0,0,4,1,1,4,0,0,11,0,0,11,0,0,2,0,0,2,0,0,5,11,2,16,0
DXVZ9WLF,14,5,2,6,2,9,3,2,1,4,0,0,11,3,1,2,2,9,0,0,0,0,0,0,5,14,0,19,0
9MKUVWUY,53,1,19,32,0,2,13,1,7,7,0,0,40,0,12,25,0,2,9,0,2,6,0,1,14,40,9,54,0
6WM5VQP4,80,8,40,32,11,5,49,6,25,22,3,5,31,2,15,10,8,0,0,0,0,0,0,0,55,33,0,88,0
LM3LGQG6,4,0,1,3,0,0,2,0,0,2,0,0,2,0,1,1,0,0,0,0,0,0,0,0,2,2,0,4,0
XU9V3JVP,5,2,1,5,1,0,2,1,1,2,0,0,3,1,0,3,1,0,0,0,0,0,0,0,3,4,0,7,0
IA2UEKHJ,3,0,1,2,0,0,1,0,0,1,0,0,2,0,1,1,0,0,1,0,1,0,0,0,1,2,1,3,0
RCPHKFTO,51,3,8,39,6,1,28,3,3,22,5,1,23,0,5,17,1,0,3,0,0,2,1,0,31,23,3,54,0
IROTDRUB,18,13,7,21,3,0,2,4,2,4,0,0,16,9,5,17,3,0,3,3,4,2,0,0,6,25,6,31,0
DLCPO2AX,29,0,10,19,0,0,10,0,1,9,0,0,19,0,9,10,0,0,9,0,5,4,0,0,10,19,9,29,0
X9IRMV9G,132,52,7,119,58,0,52,31,2,55,26,0,80,21,5,64,32,0,17,6,2,16,5,0,83,101,23,184,0
H4V3DZLT,26,1,5,22,0,0,5,1,0,6,0,0,21,0,5,16,0,0,6,0,2,4,0,0,6,21,6,27,0
KM5VKZQG,55,1,9,43,3,1,32,1,8,23,2,0,23,0,1,20,1,1,2,0,0,1,0,1,33,23,2,56,0
NKOWOTYW,1,1,0,2,0,0,0,0,0,0,0,0,1,1,0,2,0,0,1,1,0,2,0,0,0,2,2,2,0
9CLBALDG,21,0,4,17,0,0,5,0,1,4,0,0,16,0,3,13,0,0,2,0,0,2,0,0,5,16,2,21,0
AGNUP7NZ,40,9,5,39,5,0,16,1,2,15,0,0,24,8,3,24,5,0,13,5,3,12,3,0,17,32,18,49,0
OGJWIN3T,3,0,0,2,0,1,2,0,0,1,0,1,1,0,0,1,0,0,0,0,0,0,0,0,2,1,0,3,0
2NBFNZH6,20,1,8,12,1,0,3,0,2,1,0,0,17,1,6,11,1,0,4,1,2,3,0,0,3,18,5,21,0
BC9YCHGW,14,0,4,10,0,0,0,0,0,0,0,0,14,0,4,10,0,0,3,0,1,2,0,0,0,14,3,14,0
MVD4WG6D,11,0,1,10,0,0,5,0,0,5,0,0,6,0,1,5,0,0,0,0,0,0,0,0,5,6,0,11,0
TGCSLNLR,16,2,2,13,3,0,14,2,2,13,1,0,2,0,0,0,2,0,0,0,0,0,0,0,16,2,0,18,0
GPMTSSEK,50,4,26,26,1,1,12,2,4,10,0,0,38,2,22,16,1,1,6,0,4,1,0,1,14,40,6,54,0
PFOGTNN5,43,18,10,17,29,5,30,14,8,15,20,1,13,4,2,2,9,4,0,0,0,0,0,0,44,17,0,61,0
XP8FLOCG,35,8,10,27,6,0,17,7,6,16,2,0,18,1,4,11,4,0,1,0,0,1,0,0,24,19,1,43,0
IGTWZAW9,19,10,1,23,5,0,8,4,1,8,3,0,11,6,0,15,2,0,0,0,0,0,0,0,12,17,0,29,0
FDAHO3RD,4,0,1,3,0,0,1,0,0,1,0,0,3,0,1,2,0,0,2,0,1,1,0,0,1,3,2,4,0
HVTHNSZC,10,8,3,15,0,0,5,2,2,5,0,0,5,6,1,10,0,0,1,1,0,2,0,0,7,11,2,18,0
UWBHFAWG,55,0,22,33,0,0,12,0,4,8,0,0,43,0,18,25,0,0,10,0,4,6,0,0,12,43,10,55,0
PDOCOW3N,46,4,7,40,2,1,28,1,3,24,1,1,18,3,4,16,1,0,4,1,0,5,0,0,29,21,5,50,0
LUHUMTPK,53,1,13,40,1,0,18,0,7,11,0,0,35,1,6,29,1,0,3,0,0,2,1,0,18,36,3,54,0
S1SZWLWR,14,0,4,10,0,0,2,0,1,1,0,0,12,0,3,9,0,0,3,0,0,3,0,0,2,12,3,14,0
TILR2SS4,8,6,10,4,0,2,7,2,7,2,0,2,1,4,3,2,0,0,0,0,0,0,0,0,9,5,0,14,0
HA8ZMVFN,201,65,35,214,17,1,94,32,19,94,13,1,107,33,16,120,4,0,16,6,0,21,1,0,126,140,22,266,0
QYCPP4ST,0,3,1,1,1,0,0,3,1,1,1,0,0,0,0,0,0,0,0,0,0,0,0,0,3,0,0,3,0
8QEB8ICC,33,5,3,31,4,0,10,4,0,11,3,0,23,1,3,20,1,0,8,0,1,7,0,0,14,24,8,38,0
THOBDURN,3,2,0,5,0,0,2,1,0,3,0,0,1,1,0,2,0,0,0,0,0,0,0,0,3,2,0,5,0
WCECIYFL,1,0,0,1,0,0,0,0,0,0,0,0,1,0,0,1,0,0,1,0,0,1,0,0,0,1,1,1,0
MTGWYBCM,9,0,0,3,6,0,0,0,0,0,0,0,9,0,0,3,6,0,3,0,0,0,3,0,0,9,3,9,0
QEGRSQGM,77,58,11,57,48,19,50,39,9,35,33,12,27,19,2,22,15,7,1,0,0,1,0,0,89,46,1,135,0
L2AGOQAK,10,0,0,8,2,0,3,0,0,3,0,0,7,0,0,5,2,0,0,0,0,0,0,0,3,7,0,10,0
UF4DYKUP,6,6,0,10,2,0,2,5,0,6,1,0,4,1,0,4,1,0,0,0,0,0,0,0,7,5,0,12,0
GBSYFJTG,18,2,0,13,7,0,3,0,0,2,1,0,15,2,0,11,6,0,1,0,0,1,0,0,3,17,1,20,0
UB1XV8MC,67,2,6,49,14,0,36,1,4,26,7,0,31,1,2,23,7,0,0,0,0,0,0,0,37,32,0,69,0
1E7QFGWA,6,2,0,2,6,0,3,2,0,1,4,0,3,0,0,1,2,0,0,0,0,0,0,0,5,3,0,8,0
IK2U6VQI,33,2,3,30,2,0,14,0,2,12,0,0,19,2,1,18,2,0,1,0,0,1,0,0,14,21,1,35,0
TTKEKTGB,41,7,2,27,19,0,18,0,1,8,9,0,23,7,1,19,10,0,3,0,0,2,1,0,18,30,3,48,0
WEWZUITC,13,0,2,10,0,1,1,0,0,1,0,0,12,0,2,9,0,1,1,0,0,1,0,0,1,12,1,13,0
YWIYUC4M,5,1,1,5,0,0,2,0,0,2,0,0,3,1,1,3,0,0,0,0,0,0,0,0,2,4,0,6,0
AAJON6JA,3,1,1,2,1,0,2,1,0,2,1,0,1,0,1,0,0,0,1,0,1,0,0,0,3,1,1,4,0
OBFBHUZV,9,1,0,5,5,0,3,1,0,4,0,0,6,0,0,1,5,0,1,0,0,1,0,0,4,6,1,10,0
6DCI9BGX,1,0,0,0,1,0,0,0,0,0,0,0,1,0,0,0,1,0,0,0,0,0,0,0,0,1,0,1,0
GTPYRZXP,8,0,1,7,0,0,3,0,0,3,0,0,5,0,1,4,0,0,2,0,1,1,0,0,3,5,2,8,0
GQJJWISG,5,8,0,10,3,0,5,8,0,10,3,0,0,0,0,0,0,0,0,0,0,0,0,0,13,0,0,13,0
QU1OICDI,1,0,0,1,0,0,0,0,0,0,0,0,1,0,0,1,0,0,0,0,0,0,0,0,0,1,0,1,0
IGGKKIOX,4,0,1,3,0,0,3,0,1,2,0,0,1,0,0,1,0,0,1,0,0,1,0,0,3,1,1,4,0
HFR4HYOA,80,14,4,57,29,4,35,11,0,23,19,4,45,3,4,34,10,0,13,0,1,11,1,0,46,48,13,94,0
POZVVJMT,0,5,1,4,0,0,0,4,1,3,0,0,0,1,0,1,0,0,0,0,0,0,0,0,4,1,0,5,0
TOMO7PWP,32,8,2,32,6,0,19,3,1,17,4,0,13,5,1,15,2,0,2,0,0,2,0,0,22,18,2,40,0
SUQFI3LU,2,0,0,1,1,0,0,0,0,0,0,0,2,0,0,1,1,0,0,0,0,0,0,0,0,2,0,2,0
ONMDVIIS,52,7,8,26,16,10,11,5,2,8,5,1,41,2,6,18,11,9,4,0,0,4,0,0,16,43,4,59,0
XIUOZHZY,60,6,13,45,7,1,34,0,4,23,7,0,26,6,9,22,0,1,1,0,0,1,0,0,34,32,1,66,0
4UVECLDV,6,0,0,6,0,0,1,0,0,1,0,0,5,0,0,5,0,0,0,0,0,0,0,0,1,5,0,6,0
V4W7O2TU,1,0,0,1,0,0,1,0,0,1,0,0,0,0,0,0,0,0,0,0,0,0,0,0,1,0,0,1,0
INJZL6ZZ,4,2,0,6,0,0,0,0,0,0,0,0,4,2,0,6,0,0,0,0,0,0,0,0,0,6,0,6,0
V7FTX4HL,202,34,91,112,31,3,56,23,29,34,14,2,146,11,62,78,17,1,17,5,5,12,5,1,79,157,22,236,0
VN56RCOD,25,3,5,22,0,1,14,1,3,12,0,0,11,2,2,10,0,1,3,0,1,2,0,0,15,13,3,28,0
HTXQLLJL,4,1,0,5,0,0,2,1,0,3,0,0,2,0,0,2,0,0,0,0,0,0,0,0,3,2,0,5,0
GOTOH1CP,50,33,1,41,29,11,36,19,0,24,22,9,14,14,1,17,7,2,3,0,1,2,0,0,55,28,3,83,0
NTKSVSUQ,21,1,7,8,7,0,6,1,3,4,0,0,15,0,4,4,7,0,8,0,3,2,3,0,7,15,8,22,0
AWVI1HHH,2,0,0,2,0,0,1,0,0,1,0,0,1,0,0,1,0,0,0,0,0,0,0,0,1,1,0,2,0
HZK7WPY9,42,3,5,31,9,0,14,1,2,11,2,0,28,2,3,20,7,0,0,0,0,0,0,0,15,30,0,45,0
KCD4FDOK,21,1,2,20,0,0,1,1,0,2,0,0,20,0,2,18,0,0,4,0,1,3,0,0,2,20,4,22,0
EINTA7BI,4,0,1,3,0,0,1,0,1,0,0,0,3,0,0,3,0,0,0,0,0,0,0,0,1,3,0,4,0
T6I6UCFV,22,9,5,22,4,0,16,7,3,16,4,0,6,2,2,6,0,0,1,0,0,1,0,0,23,8,1,31,0
ZDBBUGFJ,5,0,0,5,0,0,2,0,0,2,0,0,3,0,0,3,0,0,0,0,0,0,0,0,2,3,0,5,0
65EHETUJ,4,0,0,2,0,2,1,0,0,1,0,0,3,0,0,1,0,2,0,0,0,0,0,0,1,3,0,4,0
YUZ6RIF4,3,2,1,1,3,1,0,1,1,0,0,1,3,1,0,1,3,0,0,0,0,0,0,0,1,4,0,5,0
2MDD4Z3C,71,5,11,50,15,0,19,2,1,13,7,0,52,3,10,37,8,0,4,0,1,1,2,0,21,55,4,76,0
MPICHOHC,50,0,8,41,1,0,10,0,2,8,0,0,40,0,6,33,1,0,10,0,2,8,0,0,10,40,10,50,0
PF5JUFTX,32,5,4,25,6,2,10,3,0,7,6,0,22,2,4,18,0,2,5,0,0,5,0,0,13,24,5,37,0
SB793JGG,98,8,21,75,3,5,27,6,5,25,2,0,71,2,16,50,1,5,14,0,2,11,1,0,33,73,14,106,0
RBQ4F9VL,25,7,8,22,1,1,11,1,3,9,0,0,14,6,5,13,1,1,0,0,0,0,0,0,12,20,0,32,0
WAMDC9FL,6,0,0,3,0,3,4,0,0,1,0,3,2,0,0,2,0,0,0,0,0,0,0,0,4,2,0,6,0
WUDRIKZF,4,0,1,3,0,0,3,0,1,2,0,0,1,0,0,1,0,0,0,0,0,0,0,0,3,1,0,4,0
MNMSD4RR,2,0,0,0,1,1,2,0,0,0,1,1,0,0,0,0,0,0,0,0,0,0,0,0,2,0,0,2,0
BBMYPKRA,44,0,7,32,5,0,16,0,2,12,2,0,28,0,5,20,3,0,5,0,1,4,0,0,16,28,5,44,0
LVVXGDXY,11,13,10,14,0,0,9,10,8,11,0,0,2,3,2,3,0,0,0,0,0,0,0,0,19,5,0,24,0
NKVVXI64,51,29,8,45,27,1,15,8,2,15,6,0,36,21,6,30,21,1,10,8,0,8,10,0,23,57,18,80,0
HLJTAEMV,2,0,0,0,2,0,2,0,0,0,2,0,0,0,0,0,0,0,0,0,0,0,0,0,2,0,0,2,0
LYWECSSA,131,31,3,111,48,0,56,16,3,47,22,0,75,15,0,64,26,0,10,4,0,10,4,0,72,90,14,162,0
E7VGKUJI,30,24,0,21,24,9,23,13,0,10,17,9,7,11,0,11,7,0,1,2,0,1,2,0,36,18,3,54,0
HLHQ8DIU,4,0,0,3,1,0,3,0,0,2,1,0,1,0,0,1,0,0,1,0,0,1,0,0,3,1,1,4,0
MCSCRIJW,12,1,6,7,0,0,3,0,2,1,0,0,9,1,4,6,0,0,7,1,4,4,0,0,3,10,8,13,0
1S2PQWPT,11,1,4,7,1,0,4,0,0,3,1,0,7,1,4,4,0,0,0,0,0,0,0,0,4,8,0,12,0
CE9AFK2X,102,7,20,70,19,0,43,7,10,30,10,0,59,0,10,40,9,0,3,0,0,3,0,0,50,59,3,109,0
J2JFELFY,1,0,0,1,0,0,0,0,0,0,0,0,1,0,0,1,0,0,0,0,0,0,0,0,0,1,0,1,0
HE5RS9FN,1,0,1,0,0,0,0,0,0,0,0,0,1,0,1,0,0,0,0,0,0,0,0,0,0,1,0,1,0
VMQSLMP4,37,15,6,40,6,0,13,9,3,16,3,0,24,6,3,24,3,0,7,0,0,5,2,0,22,30,7,52,0
KOOFMXTD,9,0,1,6,2,0,9,0,1,6,2,0,0,0,0,0,0,0,0,0,0,0,0,0,9,0,0,9,0
NTXFVMTX,41,7,18,24,6,0,27,7,13,15,6,0,14,0,5,9,0,0,0,0,0,0,0,0,34,14,0,48,0
CLXP7G1Y,23,2,4,17,4,0,9,1,0,9,1,0,14,1,4,8,3,0,2,0,0,1,1,0,10,15,2,25,0
POYOW391,5,3,2,6,0,0,1,0,0,1,0,0,4,3,2,5,0,0,1,0,0,1,0,0,1,7,1,8,0
WY3AKYWP,2,0,0,2,0,0,1,0,0,1,0,0,1,0,0,1,0,0,0,0,0,0,0,0,1,1,0,2,0
LGPFMBZQ,196,29,24,140,50,11,69,22,11,50,26,4,127,7,13,90,24,7,21,0,6,14,1,0,91,134,21,225,0
DXIUF1IC,8,0,6,2,0,0,8,0,6,2,0,0,0,0,0,0,0,0,0,0,0,0,0,0,8,0,0,8,0
NXK2H4WY,22,0,7,15,0,0,7,0,2,5,0,0,15,0,5,10,0,0,3,0,2,1,0,0,7,15,3,22,0
5T7YLJOR,31,2,10,22,1,0,7,2,2,6,1,0,24,0,8,16,0,0,1,0,0,1,0,0,9,24,1,33,0
KGG6GMI4,133,10,25,80,23,16,73,10,11,39,18,16,60,0,14,41,5,0,2,0,0,2,0,0,83,60,2,143,0
SJDBI8VB,68,29,1,68,28,0,33,17,0,33,17,0,35,12,1,35,11,0,13,5,0,12,6,0,50,47,18,97,0
9RBHEMWB,20,13,12,17,4,0,3,1,1,3,0,0,17,12,11,14,4,0,2,0,2,0,0,0,4,29,2,33,0
KQ6V3ZBM,34,1,3,32,0,1,12,1,2,11,0,1,22,0,1,21,0,0,0,0,0,0,0,0,13,22,0,35,0
BBQYXQ79,6,0,2,4,0,0,4,0,2,2,0,0,2,0,0,2,0,0,0,0,0,0,0,0,4,2,0,6,0
JALPN4Q6,7,0,2,5,0,1,2,0,2,0,0,1,5,0,0,5,0,0,2,0,0,2,0,0,2,5,2,7,0
EIXDM1P2,36,6,7,30,5,0,19,5,6,15,3,0,17,1,1,15,2,0,6,0,0,6,0,0,24,18,6,42,0
SCUY6N9R,46,12,14,44,0,1,19,7,8,18,0,1,27,5,6,26,0,0,5,0,0,5,0,0,26,32,5,58,0
TJU9LC7G,4,0,3,1,0,0,1,0,0,1,0,0,3,0,3,0,0,0,3,0,3,0,0,0,1,3,3,4,0
ZLTWETQO,21,1,2,20,0,0,12,1,2,11,0,0,9,0,0,9,0,0,0,0,0,0,0,0,13,9,0,22,0
ZRS5XW6A,6,0,2,4,0,0,6,0,2,4,0,0,0,0,0,0,0,0,0,0,0,0,0,0,6,0,0,6,0
BBUGJCLE,3,0,0,2,1,0,1,0,0,1,0,0,2,0,0,1,1,0,0,0,0,0,0,0,1,2,0,3,0
C73IPC6N,1,0,0,1,0,0,1,0,0,1,0,0,0,0,0,0,0,0,0,0,0,0,0,0,1,0,0,1,0
YW1MONZT,1,0,1,0,0,0,0,0,0,0,0,0,1,0,1,0,0,0,0,0,0,0,0,0,0,1,0,1,0
NBQC2PPC,1,2,1,2,0,0,1,2,1,2,0,0,0,0,0,0,0,0,0,0,0,0,0,0,3,0,0,3,0
4JBDKYE5,12,0,2,9,1,0,1,0,0,1,0,0,11,0,2,8,1,0,2,0,0,1,1,0,1,11,2,12,0
RVLMLYKQ,43,13,8,45,3,0,9,1,4,6,0,0,34,12,4,39,3,0,9,1,1,7,2,0,10,46,10,56,0
AMFSUNGV,14,11,6,12,7,0,6,9,6,9,0,0,8,2,0,3,7,0,2,0,0,0,2,0,15,10,2,25,0
CYFREM37,10,5,0,8,7,0,4,4,0,5,3,0,6,1,0,3,4,0,0,0,0,0,0,0,8,7,0,15,0
BKUMVQTV,7,1,1,6,1,0,5,0,1,3,1,0,2,1,0,3,0,0,1,0,0,1,0,0,5,3,1,8,0
UP98YR7C,17,0,6,11,0,0,3,0,0,3,0,0,14,0,6,8,0,0,3,0,1,2,0,0,3,14,3,17,0
DFRZXYEU,1,0,0,1,0,0,1,0,0,1,0,0,0,0,0,0,0,0,0,0,0,0,0,0,1,0,0,1,0
CXHRFIF2,107,27,18,101,15,0,42,18,6,46,8,0,65,9,12,55,7,0,15,0,1,13,1,0,60,74,15,134,0
KEZQCINY,27,10,10,21,6,1,4,2,2,3,1,0,23,8,8,18,5,1,0,0,0,0,0,0,6,31,0,37,0
6UWI5R21,63,5,17,39,7,7,25,5,8,18,3,3,38,0,9,21,4,4,7,0,2,3,2,0,30,38,7,68,0
KDFYAAXX,33,1,1,20,13,0,8,1,1,5,3,0,25,0,0,15,10,0,4,0,0,4,0,0,9,25,4,34,0
EK4ODKXT,29,0,2,22,5,0,17,0,2,12,3,0,12,0,0,10,2,0,0,0,0,0,0,0,17,12,0,29,0
L6JNADHO,0,4,0,4,0,0,0,3,0,3,0,0,0,1,0,1,0,0,0,0,0,0,0,0,3,1,0,4,0
BNSIDJKL,3,0,0,0,3,0,0,0,0,0,0,0,3,0,0,0,3,0,3,0,0,0,3,0,0,3,3,3,0
UJ3JEBYL,36,11,9,21,3,13,17,3,7,5,2,5,19,8,2,16,1,8,10,6,1,8,1,6,20,27,16,47,0
JIULMVYF,10,0,1,8,1,0,7,0,1,5,1,0,3,0,0,3,0,0,0,0,0,0,0,0,7,3,0,10,0
I3LQGILZ,49,0,6,42,1,0,11,0,0,10,1,0,38,0,6,32,0,0,3,0,0,3,0,0,11,38,3,49,0
ODEUCJCK,32,3,4,30,1,0,14,2,4,12,0,0,18,1,0,18,1,0,2,0,0,2,0,0,16,19,2,35,0
DFN8IHIV,7,2,2,7,0,0,2,0,2,0,0,0,5,2,0,7,0,0,2,0,0,2,0,0,2,7,2,9,0
JNVIQ4PI,1,1,1,1,0,0,1,0,0,1,0,0,0,1,1,0,0,0,0,0,0,0,0,0,1,1,0,2,0
BMCMJD6K,5,0,1,4,0,1,1,0,1,0,0,1,4,0,0,4,0,0,1,0,0,1,0,0,1,4,1,5,0
MPCYWERN,3,0,1,2,0,0,0,0,0,0,0,0,3,0,1,2,0,0,0,0,0,0,0,0,0,3,0,3,0
Y556XF7L,15,12,3,16,8,1,11,11,3,12,7,1,4,1,0,4,1,0,1,0,0,1,0,0,22,5,1,27,0
FXFPYOA8,9,0,0,4,5,0,5,0,0,2,3,0,4,0,0,2,2,0,0,0,0,0,0,0,5,4,0,9,0
WTSFDQPG,30,26,0,30,23,3,19,15,0,20,11,3,11,11,0,10,12,0,2,1,0,1,2,0,34,22,3,56,0
WKOKRNTR,6,0,0,4,2,0,5,0,0,4,1,0,1,0,0,0,1,0,0,0,0,0,0,0,5,1,0,6,0
IBXFEVXY,35,2,12,18,2,4,10,2,3,7,0,1,25,0,9,11,2,3,4,0,2,2,0,0,12,25,4,37,0
HZPMS62M,3,1,1,3,0,0,3,0,1,2,0,0,0,1,0,1,0,0,0,0,0,0,0,0,3,1,0,4,0
19QOPXOG,99,20,9,76,18,16,62,11,1,46,12,14,37,9,8,30,6,2,2,1,1,2,0,0,73,46,3,119,0
BJB4RRTD,10,6,0,13,2,1,7,3,0,7,2,1,3,3,0,6,0,0,0,0,0,0,0,0,10,6,0,16,0
C1KDHEXD,38,0,1,34,3,0,6,0,0,6,0,0,32,0,1,28,3,0,6,0,0,6,0,0,6,32,6,38,0
9VC67PDT,25,1,2,23,1,0,10,1,1,10,0,0,15,0,1,13,1,0,1,0,1,0,0,0,11,15,1,26,0
FY66MWLW,16,2,3,8,5,2,1,1,0,2,0,0,15,1,3,6,5,2,6,0,1,4,1,0,2,16,6,18,0
UJSLNRPA,16,0,0,8,8,0,5,0,0,3,2,0,11,0,0,5,6,0,1,0,0,0,1,0,5,11,1,16,0
Q27FPD7M,9,4,3,9,1,0,0,1,0,1,0,0,9,3,3,8,1,0,1,2,1,2,0,0,1,12,3,13,0
BTCQNQLU,4,3,0,1,5,1,3,2,0,0,4,1,1,1,0,1,1,0,0,0,0,0,0,0,5,2,0,7,0
FCSDKCHU,2,0,0,2,0,0,0,0,0,0,0,0,2,0,0,2,0,0,0,0,0,0,0,0,0,2,0,2,0
DHVK8CCQ,13,0,2,11,0,0,1,0,0,1,0,0,12,0,2,10,0,0,5,0,1,4,0,0,1,12,5,13,0
WKJW4TB6,6,0,2,3,1,0,4,0,2,2,0,0,2,0,0,1,1,0,1,0,0,1,0,0,4,2,1,6,0
5SDQS9EZ,2,0,1,1,0,0,2,0,1,1,0,0,0,0,0,0,0,0,0,0,0,0,0,0,2,0,0,2,0
6KE1XWQV,112,15,44,65,18,1,70,8,28,37,13,0,42,7,16,28,5,1,1,0,0,1,0,0,78,49,1,127,0
NNPFGHDF,18,0,7,11,0,0,6,0,3,3,0,0,12,0,4,8,0,0,5,0,3,2,0,0,6,12,5,18,0
JXRQMELY,61,1,21,38,1,0,13,1,5,8,0,0,48,0,16,30,1,0,12,0,2,9,0,0,14,48,12,62,0
RV85BBWU,3,1,0,4,0,0,1,1,0,2,0,0,2,0,0,2,0,0,1,0,0,1,0,0,2,2,1,4,0
QRP1IUJC,18,5,6,9,5,3,18,5,6,9,5,3,0,0,0,0,0,0,0,0,0,0,0,0,23,0,0,23,0
EPJIJ7BH,51,1,6,33,11,2,17,1,3,11,4,0,34,0,3,22,7,2,7,0,2,5,0,0,18,34,7,52,0
JLONXIPN,19,11,2,21,7,0,14,7,2,14,5,0,5,4,0,7,2,0,0,0,0,0,0,0,21,9,0,30,0
SILNCZJH,81,10,36,55,0,1,23,8,12,19,0,1,58,2,24,36,0,0,6,0,0,6,0,0,31,60,6,91,0
SHYCY2UX,21,1,3,19,0,0,5,0,1,4,0,0,16,1,2,15,0,0,7,0,2,5,0,0,5,17,7,22,0
MIPVFVCL,6,1,1,6,0,0,4,1,1,4,0,0,2,0,0,2,0,0,0,0,0,0,0,0,5,2,0,7,0
TIPPCOYL,14,8,5,14,3,1,4,5,4,5,0,0,10,3,1,9,3,1,0,0,0,0,0,0,9,13,0,22,0
PZJYEEQH,88,16,3,43,27,30,45,16,1,16,19,24,43,0,2,27,8,6,6,0,1,5,0,0,61,43,6,104,0
S55DLG9X,109,5,8,100,6,0,30,2,1,28,3,0,79,3,7,72,3,0,19,0,2,16,1,0,32,82,19,114,0
1J5IIJ1A,112,11,14,85,24,0,56,5,10,44,7,0,56,6,4,41,17,0,12,1,4,8,1,0,61,62,13,123,0
Y5LUJCLZ,0,1,0,1,0,0,0,0,0,0,0,0,0,1,0,1,0,0,0,0,0,0,0,0,0,1,0,1,0
WA9I6PUI,18,0,3,14,1,1,7,0,2,4,1,1,11,0,1,10,0,0,0,0,0,0,0,0,7,11,0,18,0
FJDCLZQA,83,6,13,65,9,3,26,2,4,17,5,2,57,4,9,48,4,1,4,0,1,3,0,0,28,61,4,89,0
YVYX4TQS,168,48,23,137,56,1,43,11,5,38,11,1,125,37,18,99,45,0,29,10,3,25,11,0,54,162,39,216,0
ZCFKLQZD,45,1,21,23,2,0,12,0,6,5,1,0,33,1,15,18,1,0,7,0,2,5,0,0,12,34,7,46,0
5WA32KCM,45,1,8,38,0,0,8,0,3,5,0,0,37,1,5,33,0,0,6,1,1,6,0,0,8,38,7,46,0
3H5HYQA2,49,8,7,36,11,3,12,4,2,13,1,0,37,4,5,23,10,3,1,0,1,0,0,0,16,41,1,57,0
7GCYC8TN,40,4,17,21,6,2,18,0,7,11,0,0,22,4,10,10,6,2,1,0,0,0,1,0,18,26,1,44,0
O5GG9BEQ,7,3,4,6,0,0,2,2,2,2,0,0,5,1,2,4,0,0,0,0,0,0,0,0,4,6,0,10,0
J835KYNE,5,2,0,7,0,0,2,0,0,2,0,0,3,2,0,5,0,0,0,0,0,0,0,0,2,5,0,7,0
URW6HG7Q,7,1,4,4,0,0,2,1,0,3,0,0,5,0,4,1,0,0,1,0,1,0,0,0,3,5,1,8,0
7X5HRVF3,34,9,13,18,12,0,12,1,6,7,0,0,22,8,7,11,12,0,3,0,3,0,0,0,13,30,3,43,0
SYJJFDOR,6,0,2,4,0,0,3,0,1,2,0,0,3,0,1,2,0,0,1,0,0,1,0,0,3,3,1,6,0
SOTCCQQQ,5,0,0,5,0,0,2,0,0,2,0,0,3,0,0,3,0,0,0,0,0,0,0,0,2,3,0,5,0
OQSFWBHP,3,0,1,2,0,0,2,0,1,1,0,0,1,0,0,1,0,0,0,0,0,0,0,0,2,1,0,3,0
DQUQB91I,6,1,2,5,0,0,2,0,2,0,0,0,4,1,0,5,0,0,0,0,0,0,0,0,2,5,0,7,0
WGVAFV8Q,6,1,1,6,0,0,0,0,0,0,0,0,6,1,1,6,0,0,3,0,1,2,0,0,0,7,3,7,0
BIIATMWP,23,11,2,29,3,0,7,4,1,9,1,0,16,7,1,20,2,0,7,5,0,11,1,0,11,23,12,34,0
CURRDL7S,12,4,1,14,1,0,5,1,0,5,1,0,7,3,1,9,0,0,1,0,0,1,0,0,6,10,1,16,0
L2PMJBFM,33,8,3,33,4,1,6,1,2,5,0,0,27,7,1,28,4,1,5,0,0,5,0,0,7,34,5,41,0
PDSGIWTH,21,4,12,12,1,0,6,2,3,5,0,0,15,2,9,7,1,0,2,0,1,1,0,0,8,17,2,25,0
EVYGEL6G,7,0,5,2,0,0,1,0,1,0,0,0,6,0,4,2,0,0,0,0,0,0,0,0,1,6,0,7,0
B8HYWRIX,8,7,2,11,2,0,5,1,1,4,1,0,3,6,1,7,1,0,0,0,0,0,0,0,6,9,0,15,0
2YRD5W7H,9,0,4,5,0,0,4,0,2,2,0,0,5,0,2,3,0,0,1,0,1,0,0,0,4,5,1,9,0
U6RETXIS,8,0,2,6,0,0,2,0,1,1,0,0,6,0,1,5,0,0,1,0,0,1,0,0,2,6,1,8,0
X6BKDQH3,4,0,0,2,2,0,0,0,0,0,0,0,4,0,0,2,2,0,0,0,0,0,0,0,0,4,0,4,0
LLXTWLMC,19,0,6,13,0,1,5,0,2,3,0,0,14,0,4,10,0,1,3,0,1,2,0,0,5,14,3,19,0
KANIESJJ,8,1,0,6,0,3,7,1,0,5,0,3,1,0,0,1,0,0,0,0,0,0,0,0,8,1,0,9,0
FH2DCDPV,38,7,16,28,1,0,23,3,12,13,1,0,15,4,4,15,0,0,2,0,0,2,0,0,26,19,2,45,0
YZYBLTSE,50,6,9,39,6,2,13,3,0,13,1,2,37,3,9,26,5,0,2,0,1,1,0,0,16,40,2,56,0
Q8VYWQOF,1,1,1,1,0,0,1,0,0,1,0,0,0,1,1,0,0,0,0,0,0,0,0,0,1,1,0,2,0
8XXP4VGM,12,0,2,10,0,1,4,0,2,2,0,1,8,0,0,8,0,0,1,0,0,1,0,0,4,8,1,12,0
C5KHCND6,6,2,2,6,0,0,3,1,0,4,0,0,3,1,2,2,0,0,0,0,0,0,0,0,4,4,0,8,0
UZN6GIHP,27,3,0,29,1,0,13,3,0,15,1,0,14,0,0,14,0,0,4,0,0,4,0,0,16,14,4,30,0
HDMLG9VR,1,2,0,2,1,0,0,2,0,2,0,0,1,0,0,0,1,0,0,0,0,0,0,0,2,1,0,3,0
VNTPU8DH,2,0,1,1,0,0,1,0,1,0,0,0,1,0,0,1,0,0,0,0,0,0,0,0,1,1,0,2,0
H4674QGE,32,1,13,20,0,0,9,1,6,4,0,0,23,0,7,16,0,0,5,0,0,5,0,0,10,23,5,33,0
4RGPMBTN,1,0,0,1,0,0,1,0,0,1,0,0,0,0,0,0,0,0,0,0,0,0,0,0,1,0,0,1,0
JGSPMBTV,13,2,3,12,0,0,4,2,0,6,0,0,9,0,3,6,0,0,1,0,1,0,0,0,6,9,1,15,0
OIROECJZ,15,1,3,11,2,0,5,0,1,4,0,0,10,1,2,7,2,0,3,0,0,3,0,0,5,11,3,16,0
R3ZCPXGA,8,12,2,8,10,0,5,9,2,5,7,0,3,3,0,3,3,0,1,0,0,1,0,0,14,6,1,20,0
71PF3SUN,8,1,2,4,0,3,0,0,0,0,0,0,8,1,2,4,0,3,2,1,0,0,0,3,0,9,3,9,0
CKAK2QI9,12,28,3,35,2,0,10,13,2,20,1,0,2,15,1,15,1,0,0,0,0,0,0,0,23,17,0,40,0
S7PHSMCE,16,0,8,8,0,0,4,0,1,3,0,0,12,0,7,5,0,0,2,0,0,2,0,0,4,12,2,16,0
YXU6KLCQ,17,0,4,13,0,1,4,0,1,3,0,0,13,0,3,10,0,1,1,0,1,0,0,1,4,13,1,17,0
HNGDXKEG,13,8,5,14,2,0,7,5,3,8,1,0,6,3,2,6,1,0,3,1,2,2,0,0,12,9,4,21,0
LAFEG9IU,36,2,10,26,1,1,6,1,2,5,0,0,30,1,8,21,1,1,3,0,1,2,0,0,7,31,3,38,0
LHBU8LTX,52,8,18,41,1,0,17,4,5,15,1,0,35,4,13,26,0,0,4,1,1,4,0,0,21,39,5,60,0
LE9OPZGB,4,0,0,4,0,0,1,0,0,1,0,0,3,0,0,3,0,0,0,0,0,0,0,0,1,3,0,4,0
NKCXJNAH,66,9,11,59,5,0,24,1,6,17,2,0,42,8,5,42,3,0,12,0,1,11,0,0,25,50,12,75,0
BZE2VQXQ,41,4,3,39,3,0,16,0,1,13,2,0,25,4,2,26,1,0,5,0,1,4,0,0,16,29,5,45,0
WRGSJHJD,11,1,5,7,0,0,1,0,0,1,0,0,10,1,5,6,0,0,4,0,1,3,0,0,1,11,4,12,0
YNP49YLW,122,15,24,92,8,15,28,9,5,25,2,5,94,6,19,67,6,10,17,0,0,15,2,0,37,100,17,137,0
2MOF2H1O,19,6,3,19,3,0,7,6,1,9,3,0,12,0,2,10,0,0,1,0,0,1,0,0,13,12,1,25,0
TIB8HDTX,1,3,3,0,1,0,1,1,1,0,1,0,0,2,2,0,0,0,0,0,0,0,0,0,2,2,0,4,0
A5MOVAKL,7,5,3,6,3,0,1,1,1,1,0,0,6,4,2,5,3,0,1,0,0,1,0,0,2,10,1,12,0
ABXFDKCN,12,3,2,12,1,0,3,3,1,4,1,0,9,0,1,8,0,0,3,0,0,3,0,0,6,9,3,15,0
G9SZL8VY,6,0,0,5,1,0,0,0,0,0,0,0,6,0,0,5,1,0,0,0,0,0,0,0,0,6,0,6,0
N9KXEEYP,44,1,9,33,2,2,6,1,1,3,2,1,38,0,8,30,0,1,2,0,0,2,0,0,7,38,2,45,0
LM7X3LPR,14,4,3,9,6,0,9,3,2,7,3,0,5,1,1,2,3,0,0,0,0,0,0,0,12,6,0,18,0
D7XJ4WOF,9,0,5,4,0,0,4,0,1,3,0,0,5,0,4,1,0,0,0,0,0,0,0,0,4,5,0,9,0
8IRWBBVM,51,5,26,29,1,4,20,4,14,10,0,3,31,1,12,19,1,1,7,0,3,4,0,0,24,32,7,56,0
T8VERUZ9,68,18,23,58,4,2,8,4,3,9,0,0,60,14,20,49,4,2,6,0,2,3,1,0,12,74,6,86,0
JOYAO6ET,7,2,1,8,0,0,4,0,0,4,0,0,3,2,1,4,0,0,0,0,0,0,0,0,4,5,0,9,0
GKY4R7V5,2,0,0,2,0,0,1,0,0,1,0,0,1,0,0,1,0,0,0,0,0,0,0,0,1,1,0,2,0
LVNYID3O,7,0,1,4,2,0,6,0,0,4,2,0,1,0,1,0,0,0,0,0,0,0,0,0,6,1,0,7,0
EVHNBTK7,32,4,5,29,2,0,9,4,3,8,2,0,23,0,2,21,0,0,2,0,1,1,0,0,13,23,2,36,0
TAAHLLNT,22,3,7,17,1,0,22,3,7,17,1,0,0,0,0,0,0,0,0,0,0,0,0,0,25,0,0,25,0
AAVIJSBZ,6,1,3,4,0,0,6,1,3,4,0,0,0,0,0,0,0,0,0,0,0,0,0,0,7,0,0,7,0
XKJMNHB1,9,0,3,6,0,0,5,0,1,4,0,0,4,0,2,2,0,0,1,0,0,1,0,0,5,4,1,9,0
L1YMJ7CQ,11,1,0,10,2,0,1,1,0,2,0,0,10,0,0,8,2,0,4,0,0,3,1,0,2,10,4,12,0
RF7IYQSY,29,3,4,27,1,0,7,1,0,8,0,0,22,2,4,19,1,0,9,1,1,9,0,0,8,24,10,32,0
CQVCXWWO,28,4,2,27,3,0,20,4,2,20,2,0,8,0,0,7,1,0,4,0,0,3,1,0,24,8,4,32,0
7BYRNFDT,151,65,17,87,66,46,55,34,7,40,38,4,96,31,10,47,28,42,16,3,0,5,2,12,89,127,19,216,0
NRA6NKA4,0,2,0,2,0,0,0,0,0,0,0,0,0,2,0,2,0,0,0,2,0,2,0,0,0,2,2,2,0
MGEINTKM,38,5,15,26,2,2,8,2,3,7,0,1,30,3,12,19,2,1,3,0,1,2,0,0,10,33,3,43,0
OFV31H1S,3,6,4,5,0,0,3,4,2,5,0,0,0,2,2,0,0,0,0,0,0,0,0,0,7,2,0,9,0
DDJX7Q6X,21,0,7,14,0,0,3,0,1,2,0,0,18,0,6,12,0,0,0,0,0,0,0,0,3,18,0,21,0
VKH8OUHO,20,3,0,21,2,0,4,1,0,5,0,0,16,2,0,16,2,0,0,0,0,0,0,0,5,18,0,23,0
DBIA1UCK,84,16,9,70,20,1,26,7,3,24,6,0,58,9,6,46,14,1,2,1,0,3,0,0,33,67,3,100,0
FKIUATUX,14,2,0,14,2,0,3,0,0,3,0,0,11,2,0,11,2,0,0,0,0,0,0,0,3,13,0,16,0
AG2FTBFF,23,0,3,17,3,0,13,0,1,10,2,0,10,0,2,7,1,0,1,0,0,1,0,0,13,10,1,23,0
LLWHI2O3,10,0,2,7,1,0,4,0,2,2,0,0,6,0,0,5,1,0,0,0,0,0,0,0,4,6,0,10,0
WOSATSUX,2,1,0,2,1,0,0,0,0,0,0,0,2,1,0,2,1,0,2,0,0,2,0,0,0,3,2,3,0
CZCBWOKD,2,0,0,2,0,0,1,0,0,1,0,0,1,0,0,1,0,0,0,0,0,0,0,0,1,1,0,2,0
HBREXLTW,11,0,1,10,0,0,1,0,0,1,0,0,10,0,1,9,0,0,1,0,0,1,0,0,1,10,1,11,0
DJ7CDEJS,43,8,7,42,2,0,16,6,1,19,2,0,27,2,6,23,0,0,1,0,0,1,0,0,22,29,1,51,0
UYOQ3FJW,153,45,18,123,44,13,88,21,11,79,19,0,65,24,7,44,25,13,7,0,1,6,0,0,109,89,7,198,0
4VLOS2WM,36,4,13,27,0,0,11,4,4,11,0,0,25,0,9,16,0,0,3,0,2,1,0,0,15,25,3,40,0
ZWW6LURT,71,4,21,47,7,2,26,0,5,20,1,1,45,4,16,27,6,1,9,1,1,9,0,0,26,49,10,75,0
YXVLJ1ER,73,10,19,57,5,3,25,5,5,22,3,1,48,5,14,35,2,2,7,0,0,5,1,0,30,53,7,83,0
VBRU24GU,3,1,2,2,0,0,3,1,2,2,0,0,0,0,0,0,0,0,0,0,0,0,0,0,4,0,0,4,0
JYQPEZLB,60,1,19,41,1,1,13,1,5,9,0,1,47,0,14,32,1,0,0,0,0,0,0,0,14,47,0,61,0
IN664BO4,5,1,1,5,0,0,1,1,0,2,0,0,4,0,1,3,0,0,0,0,0,0,0,0,2,4,0,6,0
ZBWDHOJA,16,5,0,11,9,1,3,2,0,1,4,0,13,3,0,10,5,1,9,0,0,5,3,1,5,16,9,21,0
KEGCFSHT,0,2,0,2,0,0,0,1,0,1,0,0,0,1,0,1,0,0,0,1,0,1,0,0,1,1,1,2,0
6IZHR1I2,21,1,1,19,2,0,5,1,0,6,0,0,16,0,1,13,2,0,1,0,0,1,0,0,6,16,1,22,0
ESCYKPZV,5,0,1,4,0,0,5,0,1,4,0,0,0,0,0,0,0,0,0,0,0,0,0,0,5,0,0,5,0
989NTJCO,11,4,0,11,4,0,4,0,0,3,1,0,7,4,0,8,3,0,1,0,0,0,1,0,4,11,1,15,0
KGY3DSJ8,9,8,4,11,2,0,4,0,1,2,1,0,5,8,3,9,1,0,0,2,1,1,0,0,4,13,2,17,0
XIV6EOCP,35,0,11,22,2,0,8,0,2,4,2,0,27,0,9,18,0,0,9,0,2,7,0,0,8,27,9,35,0
PHGXKWUT,9,2,2,7,2,0,4,2,1,3,2,0,5,0,1,4,0,0,1,0,0,1,0,0,6,5,1,11,0
DG9QWJTR,3,0,0,3,0,0,2,0,0,2,0,0,1,0,0,1,0,0,0,0,0,0,0,0,2,1,0,3,0
H7OQMZFY,49,27,0,52,24,0,48,26,0,50,24,0,1,1,0,2,0,0,0,0,0,0,0,0,74,2,0,76,0
VPF42HHT,10,1,2,9,0,0,1,1,1,1,0,0,9,0,1,8,0,0,1,0,0,1,0,0,2,9,1,11,0
NWYEOPGU,11,5,2,14,0,0,2,0,0,2,0,0,9,5,2,12,0,0,3,0,1,2,0,0,2,14,3,16,0
N1DWUUPA,3,1,1,2,1,0,2,1,1,2,0,0,1,0,0,0,1,0,0,0,0,0,0,0,3,1,0,4,0
NBGLWDLH,26,4,2,25,3,0,20,2,2,17,3,0,6,2,0,8,0,0,3,0,0,3,0,0,22,8,3,30,0
6OFHRUSK,10,1,1,9,1,0,5,1,1,4,1,0,5,0,0,5,0,0,2,0,0,2,0,0,6,5,2,11,0
7E8BBB8B,3,0,1,2,0,0,0,0,0,0,0,0,3,0,1,2,0,0,1,0,1,0,0,0,0,3,1,3,0
KCXEUCM6,34,2,11,24,1,0,13,2,5,10,0,0,21,0,6,14,1,0,2,0,0,1,1,0,15,21,2,36,0
NRGVR3G4,145,29,48,118,5,6,61,9,22,48,0,0,84,20,26,70,5,6,17,0,2,13,2,0,70,104,17,174,0
HBAQCWH9,47,3,8,29,13,0,35,2,7,22,8,0,12,1,1,7,5,0,0,0,0,0,0,0,37,13,0,50,0
K8ZXDGVO,14,0,2,12,0,0,4,0,0,4,0,0,10,0,2,8,0,0,3,0,0,3,0,0,4,10,3,14,0
QCH4RB47,11,0,2,9,0,0,5,0,2,3,0,0,6,0,0,6,0,0,0,0,0,0,0,0,5,6,0,11,0
FWEOLXI4,7,6,3,6,4,0,5,0,1,3,1,0,2,6,2,3,3,0,2,1,0,0,3,0,5,8,3,13,0
JCMHYYRV,16,5,6,14,1,0,11,5,5,10,1,0,5,0,1,4,0,0,0,0,0,0,0,0,16,5,0,21,0
YOC3EESP,2,0,0,2,0,0,0,0,0,0,0,0,2,0,0,2,0,0,1,0,0,1,0,0,0,2,1,2,0
HKPHGUJL,38,1,17,20,2,0,29,0,13,14,2,0,9,1,4,6,0,0,2,0,0,2,0,0,29,10,2,39,0
9BVSMMT8,93,11,33,64,7,1,46,0,18,25,3,0,47,11,15,39,4,1,2,0,1,1,0,0,46,58,2,104,0
ZM8SU5WY,4,0,0,3,0,1,1,0,0,1,0,0,3,0,0,2,0,1,1,0,0,0,0,1,1,3,1,4,0
YNFBIRPX,51,1,11,40,1,0,22,1,4,18,1,0,29,0,7,22,0,0,9,0,3,6,0,0,23,29,9,52,0
ZKL9LOAJ,9,4,3,10,0,0,4,0,1,3,0,0,5,4,2,7,0,0,2,4,0,6,0,0,4,9,6,13,0
EXYYVDAQ,15,2,2,9,6,0,4,2,0,3,3,0,11,0,2,6,3,0,4,0,2,1,1,0,6,11,4,17,0
MEOZQ4HR,41,1,14,26,2,0,10,0,2,8,0,0,31,1,12,18,2,0,5,0,2,3,0,0,10,32,5,42,0
ISH7VY8T,2,2,2,2,0,2,0,0,0,0,0,0,2,2,2,2,0,2,0,2,0,2,0,0,0,4,2,4,0
LB9IQKCV,27,5,4,27,1,0,16,2,1,17,0,0,11,3,3,10,1,0,7,1,3,5,0,0,18,14,8,32,0
7ZY3SGUN,11,5,2,11,3,0,5,1,2,4,0,0,6,4,0,7,3,0,0,0,0,0,0,0,6,10,0,16,0
MCJZ7ESY,31,15,9,26,11,0,31,13,8,25,11,0,0,2,1,1,0,0,0,0,0,0,0,0,44,2,0,46,0
GTKZAJJ8,6,0,1,5,0,0,2,0,0,2,0,0,4,0,1,3,0,0,2,0,1,1,0,0,2,4,2,6,0
PKBKGBDJ,8,1,4,5,0,0,5,1,3,3,0,0,3,0,1,2,0,0,0,0,0,0,0,0,6,3,0,9,0
DHQDEPZI,7,3,2,8,0,0,2,1,0,3,0,0,5,2,2,5,0,0,1,0,0,1,0,0,3,7,1,10,0
G2ABLEJP,30,5,9,18,5,5,18,5,5,14,4,0,12,0,4,4,1,5,0,0,0,0,0,0,23,12,0,35,0
TKEKFCWV,2,0,0,2,0,0,0,0,0,0,0,0,2,0,0,2,0,0,0,0,0,0,0,0,0,2,0,2,0
KQYZL5IE,4,0,0,3,1,0,0,0,0,0,0,0,4,0,0,3,1,0,1,0,0,1,0,0,0,4,1,4,0
MWYRSLPX,3,1,0,4,0,0,3,0,0,3,0,0,0,1,0,1,0,0,0,0,0,0,0,0,3,1,0,4,0
NTGLX5EI,1,0,0,1,0,0,0,0,0,0,0,0,1,0,0,1,0,0,1,0,0,1,0,0,0,1,1,1,0
IHUDZECK,8,0,2,6,0,0,2,0,1,1,0,0,6,0,1,5,0,0,0,0,0,0,0,0,2,6,0,8,0
PISHDEHB,29,0,4,25,0,0,2,0,1,1,0,0,27,0,3,24,0,0,5,0,0,5,0,0,2,27,5,29,0
HVIEQLV1,30,3,5,26,2,0,12,1,2,11,0,0,18,2,3,15,2,0,3,0,0,3,0,0,13,20,3,33,0
CWFEH4BS,4,1,0,1,0,4,4,1,0,1,0,4,0,0,0,0,0,0,0,0,0,0,0,0,5,0,0,5,0
EITING5D,7,0,5,2,0,0,4,0,3,1,0,0,3,0,2,1,0,0,1,0,1,0,0,0,4,3,1,7,0
Z3DKEX54,109,7,3,75,10,28,45,7,0,20,6,26,64,0,3,55,4,2,10,0,1,9,0,0,52,64,10,116,0
LDJ2RCFU,23,3,6,20,0,0,1,1,1,1,0,0,22,2,5,19,0,0,5,0,0,5,0,0,2,24,5,26,0
S9ATGUTR,16,1,1,16,0,0,6,0,0,6,0,0,10,1,1,10,0,0,1,0,0,1,0,0,6,11,1,17,0
J9LAPVL5,74,7,22,46,12,1,17,3,6,11,2,1,57,4,16,35,10,0,13,0,2,7,4,0,20,61,13,81,0
KQLKWDE8,20,0,5,13,2,0,4,0,2,2,0,0,16,0,3,11,2,0,4,0,1,2,1,0,4,16,4,20,0
XNSH8XV2,63,10,7,51,15,0,38,6,7,28,9,0,25,4,0,23,6,0,2,1,0,3,0,0,44,29,3,73,0
DEXBXRZA,30,3,3,25,5,0,10,3,2,9,2,0,20,0,1,16,3,0,5,0,0,4,1,0,13,20,5,33,0
SJELQS5G,14,1,0,15,0,0,4,1,0,5,0,0,10,0,0,10,0,0,0,0,0,0,0,0,5,10,0,15,0
DHBVHJB5,5,1,2,4,0,0,1,1,1,1,0,0,4,0,1,3,0,0,0,0,0,0,0,0,2,4,0,6,0
QTBJUSKZ,6,1,0,6,1,0,2,0,0,2,0,0,4,1,0,4,1,0,0,0,0,0,0,0,2,5,0,7,0
DGQAGVPL,1,0,1,0,0,0,0,0,0,0,0,0,1,0,1,0,0,0,0,0,0,0,0,0,0,1,0,1,0
CEHC5MBV,11,0,1,7,3,0,4,0,1,2,1,0,7,0,0,5,2,0,3,0,0,2,1,0,4,7,3,11,0
YZK6JS3V,5,0,0,5,0,0,2,0,0,2,0,0,3,0,0,3,0,0,0,0,0,0,0,0,2,3,0,5,0
WFEVOT2H,6,1,0,7,0,0,2,1,0,3,0,0,4,0,0,4,0,0,1,0,0,1,0,0,3,4,1,7,0
2F96EM3X,29,2,9,21,1,1,18,2,6,13,1,0,11,0,3,8,0,1,1,0,0,1,0,0,20,11,1,31,0
8RLHJFKH,6,0,0,6,0,0,4,0,0,4,0,0,2,0,0,2,0,0,0,0,0,0,0,0,4,2,0,6,0
9STLWQQ4,21,1,4,18,0,0,7,1,2,6,0,0,14,0,2,12,0,0,0,0,0,0,0,0,8,14,0,22,0
JOFORFOZ,46,2,9,39,0,0,16,2,2,16,0,0,30,0,7,23,0,0,4,0,1,3,0,0,18,30,4,48,0
CDIZGOLF,7,5,2,9,1,0,7,3,1,8,1,0,0,2,1,1,0,0,0,0,0,0,0,0,10,2,0,12,0
RWOPF4KB,14,2,0,16,0,0,4,2,0,6,0,0,10,0,0,10,0,0,1,0,0,1,0,0,6,10,1,16,0
HH6GLOBD,10,5,3,9,1,2,3,1,1,3,0,0,7,4,2,6,1,2,1,0,0,1,0,0,4,11,1,15,0
1EGDZDHP,53,15,15,43,10,0,35,14,13,28,8,0,18,1,2,15,2,0,3,0,0,3,0,0,49,19,3,68,0
KBIKDUZM,11,0,0,10,1,0,5,0,0,4,1,0,6,0,0,6,0,0,4,0,0,4,0,0,5,6,4,11,0
5TOAJI8B,21,2,3,13,7,0,7,1,2,5,1,0,14,1,1,8,6,0,1,0,0,1,0,0,8,15,1,23,0
QNXBZPUQ,8,0,0,8,0,0,3,0,0,3,0,0,5,0,0,5,0,0,3,0,0,3,0,0,3,5,3,8,0
7DDBI9A1,19,0,9,10,0,1,6,0,3,3,0,1,13,0,6,7,0,0,1,0,0,1,0,0,6,13,1,19,0
JMASCBKY,39,9,10,37,1,1,19,7,6,19,1,1,20,2,4,18,0,0,1,0,0,1,0,0,26,22,1,48,0
XIXIEM3X,2,1,0,3,0,0,2,0,0,2,0,0,0,1,0,1,0,0,0,0,0,0,0,0,2,1,0,3,0
JDTCIPCM,33,0,2,25,6,0,2,0,0,2,0,0,31,0,2,23,6,0,12,0,1,9,2,0,2,31,12,33,0
Y1XXYEPD,6,3,1,5,3,0,4,1,1,3,1,0,2,2,0,2,2,0,0,0,0,0,0,0,5,4,0,9,0
5DZ9O5QA,12,3,1,10,4,0,3,0,0,1,2,0,9,3,1,9,2,0,2,0,0,2,0,0,3,12,2,15,0
YVWPJOY4,55,61,4,78,34,0,31,29,4,41,15,0,24,32,0,37,19,0,6,7,0,7,6,0,60,56,13,116,0
BR6ODSKY,6,1,2,5,0,0,3,1,2,2,0,0,3,0,0,3,0,0,2,0,0,2,0,0,4,3,2,7,0
LZNFSV48,0,1,0,1,0,0,0,1,0,1,0,0,0,0,0,0,0,0,0,0,0,0,0,0,1,0,0,1,0
WTSKVA44,11,2,0,10,2,1,9,2,0,8,2,1,2,0,0,2,0,0,0,0,0,0,0,0,11,2,0,13,0
F3X3HFTG,17,0,5,12,0,0,7,0,1,6,0,0,10,0,4,6,0,0,6,0,3,3,0,0,7,10,6,17,0
MOY4NZTJ,8,0,0,6,2,0,1,0,0,1,0,0,7,0,0,5,2,0,0,0,0,0,0,0,1,7,0,8,0
B8YWZGKK,14,1,6,9,0,0,4,0,1,3,0,0,10,1,5,6,0,0,0,0,0,0,0,0,4,11,0,15,0
YRLVKVRR,14,0,0,6,0,8,8,0,0,2,0,6,6,0,0,4,0,2,0,0,0,0,0,0,8,6,0,14,0
HBKPBCHM,4,0,1,3,0,0,1,0,1,0,0,0,3,0,0,3,0,0,0,0,0,0,0,0,1,3,0,4,0
1NCAF4QR,28,6,2,25,4,3,17,1,2,16,0,0,11,5,0,9,4,3,1,0,0,1,0,0,18,16,1,34,0
D61OQE2T,1,1,0,1,1,0,1,1,0,1,1,0,0,0,0,0,0,0,0,0,0,0,0,0,2,0,0,2,0
ZGUBSQVH,49,15,1,9,10,44,33,11,1,3,8,32,16,4,0,6,2,12,1,3,0,3,1,0,44,20,4,64,0
HDYXGQZ6,38,6,4,29,11,0,26,6,3,22,7,0,12,0,1,7,4,0,0,0,0,0,0,0,32,12,0,44,0
LBEMP1EN,2,0,0,2,0,0,1,0,0,1,0,0,1,0,0,1,0,0,0,0,0,0,0,0,1,1,0,2,0
B2YWTAUS,112,16,13,87,27,1,42,7,5,29,15,0,70,9,8,58,12,1,10,1,0,10,1,0,49,79,11,128,0
2UUZMBCE,5,0,2,2,1,0,3,0,1,2,0,0,2,0,1,0,1,0,0,0,0,0,0,0,3,2,0,5,0
SI1DYN9N,19,3,1,15,6,0,4,3,1,4,2,0,15,0,0,11,4,0,3,0,0,2,1,0,7,15,3,22,0
LCJNLEQY,4,0,1,3,0,0,3,0,1,2,0,0,1,0,0,1,0,0,0,0,0,0,0,0,3,1,0,4,0
HO8Q6BDW,32,0,2,14,8,9,25,0,2,8,7,9,7,0,0,6,1,0,1,0,0,1,0,0,25,7,1,32,0
PXOJQDYW,26,4,7,21,2,0,5,4,1,7,1,0,21,0,6,14,1,0,5,0,1,4,0,0,9,21,5,30,0
DU3UIMQ5,3,0,0,2,1,0,0,0,0,0,0,0,3,0,0,2,1,0,0,0,0,0,0,0,0,3,0,3,0
UWIOOXLM,28,0,6,20,0,3,6,0,1,5,0,1,22,0,5,15,0,2,5,0,2,3,0,0,6,22,5,28,0
LPDSODY6,8,0,1,5,2,0,5,0,1,4,0,0,3,0,0,1,2,0,0,0,0,0,0,0,5,3,0,8,0
AIUQIENV,8,0,1,6,1,0,1,0,1,0,0,0,7,0,0,6,1,0,3,0,0,3,0,0,1,7,3,8,0
L8CJCIHR,6,0,0,5,1,0,2,0,0,2,0,0,4,0,0,3,1,0,2,0,0,1,1,0,2,4,2,6,0
5YY4CVR6,12,5,0,9,8,0,5,5,0,7,3,0,7,0,0,2,5,0,0,0,0,0,0,0,10,7,0,17,0
YUESWUYI,30,8,8,24,6,0,18,4,4,16,2,0,12,4,4,8,4,0,9,0,3,5,1,0,22,16,9,38,0
HD2AOAFQ,6,6,7,5,0,0,1,1,2,0,0,0,5,5,5,5,0,0,0,2,0,2,0,0,2,10,2,12,0
MMPLOUJP,7,0,2,5,0,0,1,0,1,0,0,0,6,0,1,5,0,0,3,0,0,3,0,0,1,6,3,7,0
EEPTCF8O,114,26,26,96,18,0,60,23,12,53,18,0,54,3,14,43,0,0,10,2,1,11,0,0,83,57,12,140,0
AHIFGHE3,34,4,1,33,4,0,11,1,0,11,1,0,23,3,1,22,3,0,4,0,1,3,0,0,12,26,4,38,0
2WLYP2CJ,51,10,8,31,22,0,25,4,8,14,7,0,26,6,0,17,15,0,5,0,0,2,3,0,29,32,5,61,0
RMV481RU,28,4,12,19,1,0,7,0,2,5,0,0,21,4,10,14,1,0,17,0,7,10,0,0,7,25,17,32,0
3AIQESQD,21,9,3,25,2,0,4,4,1,7,0,0,17,5,2,18,2,0,4,3,0,6,1,0,8,22,7,30,0
7LMQRCMU,36,7,5,31,7,0,12,2,3,8,3,0,24,5,2,23,4,0,10,0,0,10,0,0,14,29,10,43,0
9LUILJT4,6,0,2,4,0,1,1,0,0,1,0,0,5,0,2,3,0,1,0,0,0,0,0,0,1,5,0,6,0
EMCX9GX8,15,0,5,10,0,0,6,0,4,2,0,0,9,0,1,8,0,0,3,0,0,3,0,0,6,9,3,15,0
ANYYEHZ8,63,4,12,54,1,0,13,4,2,14,1,0,50,0,10,40,0,0,10,0,1,9,0,0,17,50,10,67,0
MTQQD1M4,119,10,19,83,18,9,27,1,2,18,4,4,92,9,17,65,14,5,29,3,6,18,6,2,28,101,32,129,0
VD4M754Y,2,1,0,3,0,0,1,0,0,1,0,0,1,1,0,2,0,0,0,1,0,1,0,0,1,2,1,3,0
JYL2FXE8,2,0,0,2,0,0,1,0,0,1,0,0,1,0,0,1,0,0,1,0,0,1,0,0,1,1,1,2,0
UIQWCWSQ,3,0,0,0,3,0,2,0,0,0,2,0,1,0,0,0,1,0,0,0,0,0,0,0,2,1,0,3,0
CUTFT8DE,33,0,1,20,10,2,11,0,1,6,2,2,22,0,0,14,8,0,5,0,0,4,1,0,11,22,5,33,0
OAT5AHGS,114,32,33,94,9,10,48,22,19,33,8,10,66,10,14,61,1,0,23,3,3,23,0,0,70,76,26,146,0
DAY8HVWI,1,0,0,1,0,0,0,0,0,0,0,0,1,0,0,1,0,0,1,0,0,1,0,0,0,1,1,1,0
UZFEAC85,11,0,0,8,3,0,1,0,0,1,0,0,10,0,0,7,3,0,1,0,0,1,0,0,1,10,1,11,0
JLSRX8Q3,13,2,1,13,1,0,7,1,1,7,0,0,6,1,0,6,1,0,1,0,0,0,1,0,8,7,1,15,0
E8ZJQ96M,47,8,9,35,11,0,17,3,4,13,3,0,30,5,5,22,8,0,6,0,2,2,2,0,20,35,6,55,0
G1YGQXBF,7,2,1,2,3,3,4,0,0,0,1,3,3,2,1,2,2,0,1,2,0,1,2,0,4,5,3,9,0
AI52BIT2,5,0,1,4,0,0,1,0,1,0,0,0,4,0,0,4,0,0,2,0,0,2,0,0,1,4,2,5,0
YUHR4TVM,9,0,2,7,0,0,4,0,1,3,0,0,5,0,1,4,0,0,2,0,0,2,0,0,4,5,2,9,0
ZNOOPQI2,4,0,1,3,0,0,1,0,1,0,0,0,3,0,0,3,0,0,0,0,0,0,0,0,1,3,0,4,0
MRWBJXSO,14,0,3,11,0,0,7,0,1,6,0,0,7,0,2,5,0,0,2,0,1,1,0,0,7,7,2,14,0
VNDYLG5Q,8,0,3,4,1,0,5,0,2,3,0,0,3,0,1,1,1,0,0,0,0,0,0,0,5,3,0,8,0
PVK86QHF,22,0,2,20,0,0,8,0,1,7,0,0,14,0,1,13,0,0,4,0,0,4,0,0,8,14,4,22,0
BEUROZ8X,6,0,1,5,0,0,3,0,1,2,0,0,3,0,0,3,0,0,1,0,0,1,0,0,3,3,1,6,0
ZH772X8B,3,6,0,7,2,0,0,3,0,3,0,0,3,3,0,4,2,0,0,0,0,0,0,0,3,6,0,9,0
91NO3681,2,0,0,0,2,0,0,0,0,0,0,0,2,0,0,0,2,0,0,0,0,0,0,0,0,2,0,2,0
LMJHK3HA,8,1,0,4,4,1,3,0,0,0,3,0,5,1,0,4,1,1,2,0,0,2,0,0,3,6,2,9,0
YZGNVWVI,16,0,6,7,0,3,12,0,5,5,0,2,4,0,1,2,0,1,0,0,0,0,0,0,12,4,0,16,0
VVLSSHJV,5,5,4,6,0,0,5,3,4,4,0,0,0,2,0,2,0,0,0,0,0,0,0,0,8,2,0,10,0
VXFVK4JB,15,0,4,9,2,0,0,0,0,0,0,0,15,0,4,9,2,0,6,0,2,2,2,0,0,15,6,15,0
WOU7NFT2,1,0,0,1,0,0,0,0,0,0,0,0,1,0,0,1,0,0,1,0,0,1,0,0,0,1,1,1,0
VKLIWWZU,22,5,3,15,7,2,6,1,0,5,1,1,16,4,3,10,6,1,2,0,0,1,1,0,7,20,2,27,0
TEZRK7UV,1,0,0,0,1,0,0,0,0,0,0,0,1,0,0,0,1,0,0,0,0,0,0,0,0,1,0,1,0
WMBJRKJW,117,24,9,112,18,2,33,22,4,43,6,2,84,2,5,69,12,0,19,0,2,17,0,0,55,86,19,141,0
BZNLN2LN,12,0,1,11,0,1,7,0,1,6,0,1,5,0,0,5,0,0,0,0,0,0,0,0,7,5,0,12,0
KPM44JZK,4,0,0,4,0,0,3,0,0,3,0,0,1,0,0,1,0,0,1,0,0,1,0,0,3,1,1,4,0
1E4YGEUG,8,2,0,9,1,0,5,0,0,4,1,0,3,2,0,5,0,0,3,0,0,3,0,0,5,5,3,10,0
4K9EDJPQ,7,15,1,19,2,0,3,8,0,9,2,0,4,7,1,10,0,0,1,2,0,3,0,0,11,11,3,22,0
AJWFGENQ,50,11,10,40,10,1,14,10,2,15,6,1,36,1,8,25,4,0,4,0,0,4,0,0,24,37,4,61,0
H2GCEIHJ,19,0,1,18,0,0,4,0,0,4,0,0,15,0,1,14,0,0,2,0,1,1,0,0,4,15,2,19,0
OF7VRMI4,4,3,2,4,1,0,2,1,2,0,1,0,2,2,0,4,0,0,0,0,0,0,0,0,3,4,0,7,0
392CCD9L,14,0,3,11,0,0,3,0,1,2,0,0,11,0,2,9,0,0,4,0,0,4,0,0,3,11,4,14,0
QDB1ABI8,3,0,0,3,0,0,3,0,0,3,0,0,0,0,0,0,0,0,0,0,0,0,0,0,3,0,0,3,0
MFEFIQ4N,19,6,8,17,0,2,14,2,6,10,0,2,5,4,2,7,0,0,3,3,1,5,0,0,16,9,6,25,0
MQMNJL9W,16,6,6,16,0,0,3,1,1,3,0,0,13,5,5,13,0,0,4,2,1,5,0,0,4,18,6,22,0
KPBBLLJM,73,10,10,71,2,0,19,2,5,16,0,0,54,8,5,55,2,0,17,6,1,20,2,0,21,62,23,83,0
C9HSSQNI,5,0,1,4,0,0,1,0,0,1,0,0,4,0,1,3,0,0,0,0,0,0,0,0,1,4,0,5,0
KHAMGP1B,64,11,12,50,12,1,40,4,6,29,9,0,24,7,6,21,3,1,2,0,1,1,0,0,44,31,2,75,0
2YHUDVRC,25,0,5,16,4,0,15,0,3,9,3,0,10,0,2,7,1,0,1,0,1,0,0,0,15,10,1,25,0
OG6MDVTF,11,2,0,12,1,0,3,1,0,3,1,0,8,1,0,9,0,0,0,0,0,0,0,0,4,9,0,13,0
EJSIGXHT,10,5,1,4,10,0,2,0,0,1,1,0,8,5,1,3,9,0,0,0,0,0,0,0,2,13,0,15,0
HBTSGIHY,14,1,1,14,0,0,2,1,0,3,0,0,12,0,1,11,0,0,2,0,1,1,0,0,3,12,2,15,0
ISLEYNFD,20,4,2,13,9,0,18,4,2,13,7,0,2,0,0,0,2,0,0,0,0,0,0,0,22,2,0,24,0
NK1U2LTR,1,0,0,0,1,0,0,0,0,0,0,0,1,0,0,0,1,0,0,0,0,0,0,0,0,1,0,1,0
I1WYCKNV,25,1,0,22,4,0,0,0,0,0,0,0,25,1,0,22,4,0,10,0,0,8,2,0,0,26,10,26,0
UEDDVMOZ,6,0,0,6,0,0,0,0,0,0,0,0,6,0,0,6,0,0,3,0,0,3,0,0,0,6,3,6,0
8B75GFZE,11,3,3,7,1,3,8,2,2,4,1,3,3,1,1,3,0,0,0,0,0,0,0,0,10,4,0,14,0
ZULXACPI,1,0,0,1,0,0,1,0,0,1,0,0,0,0,0,0,0,0,0,0,0,0,0,0,1,0,0,1,0
ENYLTMIC,31,2,9,23,1,2,13,1,3,10,1,0,18,1,6,13,0,2,3,0,3,0,0,2,14,19,3,33,0
RSLRLBO3,4,0,3,1,0,0,4,0,3,1,0,0,0,0,0,0,0,0,0,0,0,0,0,0,4,0,0,4,0
6LP4HBFH,150,24,10,135,29,0,74,10,4,66,14,0,76,14,6,69,15,0,3,0,0,3,0,0,84,90,3,174,0
CXM1ZRH6,8,2,1,7,2,0,4,0,0,4,0,0,4,2,1,3,2,0,0,0,0,0,0,0,4,6,0,10,0
LI6USAA5,9,0,0,8,1,0,0,0,0,0,0,0,9,0,0,8,1,0,2,0,0,2,0,0,0,9,2,9,0
LHCGZTQC,54,3,18,36,3,0,13,1,5,9,0,0,41,2,13,27,3,0,9,2,5,4,2,0,14,43,11,57,0
IMOMPV45,88,10,16,76,6,1,28,7,7,25,3,1,60,3,9,51,3,0,8,0,3,5,0,0,35,63,8,98,0
DNKSIFB8,26,0,2,24,0,0,8,0,0,8,0,0,18,0,2,16,0,0,0,0,0,0,0,0,8,18,0,26,0
VQVRUEOO,97,34,39,78,14,1,43,28,22,39,10,1,54,6,17,39,4,0,3,0,1,2,0,0,71,60,3,131,0
GOTLDT3O,30,4,7,26,1,1,8,0,3,5,0,0,22,4,4,21,1,1,2,2,1,3,0,0,8,26,4,34,0
ZOM1H3PR,47,6,7,40,6,1,12,2,2,9,3,1,35,4,5,31,3,0,5,0,0,5,0,0,14,39,5,53,0
Y1W7D6A5,41,9,7,41,2,0,13,4,2,14,1,0,28,5,5,27,1,0,5,0,2,3,0,0,17,33,5,50,0
OONJVXY6,43,1,18,26,0,1,16,1,6,11,0,1,27,0,12,15,0,0,5,0,1,4,0,0,17,27,5,44,0
9AZFLOGM,12,4,1,9,6,0,3,0,1,0,2,0,9,4,0,9,4,0,3,4,0,5,2,0,3,13,7,16,0
LSVVLC2Y,14,1,2,13,0,0,7,0,0,7,0,0,7,1,2,6,0,0,2,0,0,2,0,0,7,8,2,15,0
AGTNNGYL,35,0,19,15,0,1,11,0,2,9,0,0,24,0,17,6,0,1,4,0,2,1,0,1,11,24,4,35,0
9CBCTXDH,1,2,1,1,1,0,0,0,0,0,0,0,1,2,1,1,1,0,0,0,0,0,0,0,0,3,0,3,0
YZ8LONYI,160,51,29,163,12,7,75,26,11,79,7,4,85,25,18,84,5,3,26,4,6,23,1,0,101,110,30,211,0
EQ638R7A,8,4,4,7,1,1,4,1,2,3,0,0,4,3,2,4,1,1,2,1,1,1,1,1,5,7,3,12,0
DAIOZEFO,1,3,2,2,0,0,0,2,1,1,0,0,1,1,1,1,0,0,0,1,0,1,0,0,2,2,1,4,0
RLENGYZL,4,0,2,2,0,0,2,0,2,0,0,0,2,0,0,2,0,0,1,0,0,1,0,0,2,2,1,4,0
6M6SKARY,7,3,2,6,2,1,3,2,2,3,0,1,4,1,0,3,2,0,0,1,0,1,0,0,5,5,1,10,0
EXEVBYVQ,9,15,5,18,1,0,7,5,3,8,1,0,2,10,2,10,0,0,0,2,0,2,0,0,12,12,2,24,0
CHZTR5GJ,6,0,2,4,0,0,2,0,0,2,0,0,4,0,2,2,0,0,2,0,0,2,0,0,2,4,2,6,0
5NRXWYTN,16,2,2,12,3,1,8,1,0,5,3,1,8,1,2,7,0,0,1,0,1,0,0,0,9,9,1,18,0
O9DVHQ29,30,1,12,19,0,0,11,1,6,6,0,0,19,0,6,13,0,0,3,0,0,3,0,0,12,19,3,31,0
KBGJLEFC,6,0,1,4,0,1,1,0,0,1,0,0,5,0,1,3,0,1,2,0,0,1,0,1,1,5,2,6,0
VLITV4GG,1,0,0,1,0,0,0,0,0,0,0,0,1,0,0,1,0,0,0,0,0,0,0,0,0,1,0,1,0
XWUJJNBQ,153,4,33,111,11,4,65,4,9,49,9,3,88,0,24,62,2,1,4,0,0,4,0,0,69,88,4,157,0
CXH1YLXA,17,0,1,14,2,0,3,0,1,2,0,0,14,0,0,12,2,0,2,0,0,2,0,0,3,14,2,17,0
QJILRH27,10,0,0,10,0,0,0,0,0,0,0,0,10,0,0,10,0,0,1,0,0,1,0,0,0,10,1,10,0
OYP2QBYA,2,1,0,3,0,0,2,1,0,3,0,0,0,0,0,0,0,0,0,0,0,0,0,0,3,0,0,3,0
JTAUQCUJ,57,18,1,51,12,11,35,12,1,31,7,8,22,6,0,20,5,3,3,0,0,2,0,1,47,28,3,75,0
KGAPCL5D,13,0,0,12,1,0,3,0,0,3,0,0,10,0,0,9,1,0,1,0,0,1,0,0,3,10,1,13,0
FDKELXS1,23,4,3,6,3,15,15,1,3,2,2,9,8,3,0,4,1,6,3,0,0,2,1,0,16,11,3,27,0
QUDC9XVG,6,0,1,5,0,0,0,0,0,0,0,0,6,0,1,5,0,0,4,0,1,3,0,0,0,6,4,6,0
B73OI9SJ,24,0,1,17,0,6,9,0,0,8,0,1,15,0,1,9,0,5,4,0,0,3,0,1,9,15,4,24,0
LJHR6P9K,51,4,10,44,1,0,21,2,7,15,1,0,30,2,3,29,0,0,3,0,0,3,0,0,23,32,3,55,0
LRTOUEXP,15,0,7,4,3,1,4,0,0,1,2,1,11,0,7,3,1,0,3,0,0,2,1,0,4,11,3,15,0
N5VLF2DM,32,4,13,21,2,0,9,2,6,4,1,0,23,2,7,17,1,0,5,0,1,4,0,0,11,25,5,36,0
GLSOO9A5,41,2,16,27,0,0,6,2,2,6,0,0,35,0,14,21,0,0,7,0,3,4,0,0,8,35,7,43,0
VNFOZFZJ,42,0,6,36,0,0,9,0,1,8,0,0,33,0,5,28,0,0,5,0,1,4,0,0,9,33,5,42,0
VTVMD56E,3,0,0,2,0,1,2,0,0,1,0,1,1,0,0,1,0,0,0,0,0,0,0,0,2,1,0,3,0
GBFEH651,19,0,9,8,2,0,7,0,4,3,0,0,12,0,5,5,2,0,0,0,0,0,0,0,7,12,0,19,0
XJPDWXSB,46,9,14,37,4,0,17,1,4,13,1,0,29,8,10,24,3,0,2,0,0,2,0,0,18,37,2,55,0
K6V93VIU,8,0,1,7,0,0,1,0,0,1,0,0,7,0,1,6,0,0,1,0,0,1,0,0,1,7,1,8,0
PHSK9QQ6,8,4,6,5,1,0,3,4,2,4,1,0,5,0,4,1,0,0,2,0,2,0,0,0,7,5,2,12,0
CFXQPMUX,11,8,1,6,4,8,1,5,0,2,4,0,10,3,1,4,0,8,0,0,0,0,0,0,6,13,0,19,0
LFQ4Y4OQ,23,1,4,20,0,0,6,1,2,5,0,0,17,0,2,15,0,0,5,0,0,5,0,0,7,17,5,24,0
FL72XTU1,33,0,9,23,0,1,13,0,4,8,0,1,20,0,5,15,0,0,6,0,1,5,0,0,13,20,6,33,0
TV1WOUH5,25,0,9,16,0,0,2,0,0,2,0,0,23,0,9,14,0,0,5,0,2,3,0,0,2,23,5,25,0
6JELLKOR,32,2,17,16,1,2,6,0,4,2,0,0,26,2,13,14,1,2,5,0,2,3,0,0,6,28,5,34,0
CDGKJDI8,28,0,9,16,0,2,4,0,2,2,0,0,24,0,7,14,0,2,7,0,2,4,0,1,4,24,7,28,0
NMULUJX4,16,0,2,13,1,0,4,0,1,3,0,0,12,0,1,10,1,0,2,0,0,1,1,0,4,12,2,16,0
DIGW9KTK,4,2,1,4,1,0,1,2,1,2,0,0,3,0,0,2,1,0,0,0,0,0,0,0,3,3,0,6,0
ZSABPFIC,21,13,7,24,3,0,9,9,5,12,1,0,12,4,2,12,2,0,0,0,0,0,0,0,18,16,0,34,0
QMYN9IGH,28,2,6,15,8,1,11,2,4,7,2,0,17,0,2,8,6,1,2,0,0,1,1,0,13,17,2,30,0
KHTAJJV6,48,6,7,38,9,0,14,1,3,12,0,0,34,5,4,26,9,0,10,1,0,8,3,0,15,39,11,54,0
D4F9FCNP,67,11,13,54,10,2,35,9,7,28,8,1,32,2,6,26,2,1,3,0,0,3,0,0,44,34,3,78,0
BHULVBKD,0,2,0,2,0,0,0,0,0,0,0,0,0,2,0,2,0,0,0,0,0,0,0,0,0,2,0,2,0
CDPO4ES6,56,2,6,51,1,0,8,0,1,6,1,0,48,2,5,45,0,0,6,0,0,6,0,0,8,50,6,58,0
YJUDNGFM,103,20,5,81,29,8,34,5,4,28,6,1,69,15,1,53,23,7,9,0,0,6,3,0,39,84,9,123,0
QHVG9IJ3,42,10,9,39,4,0,17,10,4,21,2,0,25,0,5,18,2,0,2,0,1,1,0,0,27,25,2,52,0
AMPU6NRA,13,0,3,10,0,0,4,0,0,4,0,0,9,0,3,6,0,0,1,0,0,1,0,0,4,9,1,13,0
D6YIXAGS,10,3,2,5,6,0,7,0,0,3,4,0,3,3,2,2,2,0,3,0,1,2,0,0,7,6,3,13,0
AUMSHHZI,1,0,0,1,0,0,1,0,0,1,0,0,0,0,0,0,0,0,0,0,0,0,0,0,1,0,0,1,0
BSI21EED,15,2,4,3,2,6,4,0,2,2,0,0,11,2,2,1,2,6,1,0,0,1,0,0,4,13,1,17,0
FW17T2TL,26,1,5,22,0,0,10,1,4,7,0,0,16,0,1,15,0,0,1,0,0,1,0,0,11,16,1,27,0
YQMCLEES,3,0,1,2,0,0,0,0,0,0,0,0,3,0,1,2,0,0,0,0,0,0,0,0,0,3,0,3,0
3XL5DBDZ,1,6,0,6,1,0,1,6,0,6,1,0,0,0,0,0,0,0,0,0,0,0,0,0,7,0,0,7,0
JG3YUMLF,12,0,0,6,4,2,9,0,0,5,4,0,3,0,0,1,0,2,0,0,0,0,0,0,9,3,0,12,0
Q4HTCC3V,22,1,3,20,0,0,6,1,3,4,0,0,16,0,0,16,0,0,3,0,0,3,0,0,7,16,3,23,0
BZQPHG9C,1,4,0,3,2,0,0,3,0,1,2,0,1,1,0,2,0,0,1,0,0,1,0,0,3,2,1,5,0
4DDF2WBS,1,0,0,1,0,0,1,0,0,1,0,0,0,0,0,0,0,0,0,0,0,0,0,0,1,0,0,1,0
SNCVYRWQ,1,0,0,1,0,0,0,0,0,0,0,0,1,0,0,1,0,0,0,0,0,0,0,0,0,1,0,1,0
LSVLVLH9,12,8,7,11,2,0,5,6,2,7,2,0,7,2,5,4,0,0,1,0,1,0,0,0,11,9,1,20,0
NFACJ5NX,109,12,25,75,21,1,78,11,17,52,20,1,31,1,8,23,1,0,6,0,1,5,0,0,89,32,6,121,0
4MWY9DTD,14,2,2,13,1,0,6,1,1,5,1,0,8,1,1,8,0,0,3,0,0,3,0,0,7,9,3,16,0
HZMSTYUF,6,3,2,3,4,0,6,3,2,3,4,0,0,0,0,0,0,0,0,0,0,0,0,0,9,0,0,9,0
B3EGIEIU,3,1,0,0,4,0,3,1,0,0,4,0,0,0,0,0,0,0,0,0,0,0,0,0,4,0,0,4,0
JOETA8IK,15,2,3,12,2,3,6,2,3,3,2,3,9,0,0,9,0,0,1,0,0,1,0,0,8,9,1,17,0
OESIWTJQ,26,10,3,33,0,0,5,1,0,6,0,0,21,9,3,27,0,0,3,0,0,3,0,0,6,30,3,36,0
BAVOGOC8,43,0,15,27,0,1,12,0,2,10,0,0,31,0,13,17,0,1,4,0,3,1,0,0,12,31,4,43,0
1EXRBEA7,44,5,10,37,1,1,11,4,0,14,1,0,33,1,10,23,0,1,6,0,1,5,0,0,15,34,6,49,0
LITFFIGQ,49,5,11,43,0,0,13,0,2,11,0,0,36,5,9,32,0,0,7,2,1,8,0,0,13,41,9,54,0
IE8BYHY2,2,0,0,2,0,0,1,0,0,1,0,0,1,0,0,1,0,0,1,0,0,1,0,0,1,1,1,2,0
3LRPD5DD,32,12,4,32,8,0,13,5,2,11,5,0,19,7,2,21,3,0,0,0,0,0,0,0,18,26,0,44,0
61F8JYSR,29,6,3,27,5,0,16,3,2,13,4,0,13,3,1,14,1,0,1,0,0,1,0,0,19,16,1,35,0
XATOJQC5,6,0,2,2,2,0,6,0,2,2,2,0,0,0,0,0,0,0,0,0,0,0,0,0,6,0,0,6,0
IDKYGVCB,6,0,1,5,0,0,6,0,1,5,0,0,0,0,0,0,0,0,0,0,0,0,0,0,6,0,0,6,0
JDMP7CIE,70,13,2,29,27,25,3,2,0,4,1,0,67,11,2,25,26,25,1,0,0,1,0,0,5,78,1,83,0
EMYFFRDB,24,1,2,23,0,0,3,0,0,3,0,0,21,1,2,20,0,0,11,1,1,11,0,0,3,22,12,25,0
IPOWYQBA,2,0,0,2,0,0,2,0,0,2,0,0,0,0,0,0,0,0,0,0,0,0,0,0,2,0,0,2,0
MBHVNQCU,66,5,6,53,11,1,24,4,3,18,6,1,42,1,3,35,5,0,6,0,0,6,0,0,28,43,6,71,0
WYZHSDYM,25,2,4,23,0,0,8,1,1,8,0,0,17,1,3,15,0,0,3,0,1,2,0,0,9,18,3,27,0
DUD6IIZS,32,2,6,28,0,0,9,0,3,6,0,0,23,2,3,22,0,0,3,0,0,3,0,0,9,25,3,34,0
TTZ2SSI9,76,17,14,57,21,1,65,17,11,50,21,0,11,0,3,7,0,1,0,0,0,0,0,0,82,11,0,93,0
3KLUHZRR,11,0,3,8,0,0,4,0,2,2,0,0,7,0,1,6,0,0,1,0,0,1,0,0,4,7,1,11,0
BVTUSO4N,3,0,0,3,0,0,2,0,0,2,0,0,1,0,0,1,0,0,0,0,0,0,0,0,2,1,0,3,0
IM4VLOID,12,0,4,7,1,0,2,0,1,1,0,0,10,0,3,6,1,0,10,0,3,6,1,0,2,10,10,12,0
URKLWD9X,49,9,6,40,11,2,21,3,2,16,6,0,28,6,4,24,5,2,5,4,1,6,2,1,24,34,9,58,0
TTF4X1SW,38,0,6,28,4,0,17,0,2,13,2,0,21,0,4,15,2,0,4,0,4,0,0,0,17,21,4,38,0
V9AUU4NX,27,2,11,18,0,0,7,2,3,6,0,0,20,0,8,12,0,0,1,0,0,1,0,0,9,20,1,29,0
SEIRSDNF,11,1,2,10,0,0,4,1,0,5,0,0,7,0,2,5,0,0,2,0,0,2,0,0,5,7,2,12,0
HMNHTODL,37,1,27,11,0,14,5,0,2,3,0,1,32,1,25,8,0,13,4,0,2,2,0,0,5,33,4,38,0
3MTHN2K8,5,0,0,5,0,0,3,0,0,3,0,0,2,0,0,2,0,0,0,0,0,0,0,0,3,2,0,5,0
UIGD3DTV,4,0,3,1,0,0,3,0,2,1,0,0,1,0,1,0,0,0,0,0,0,0,0,0,3,1,0,4,0
EWAIKBMH,10,0,0,10,0,0,1,0,0,1,0,0,9,0,0,9,0,0,0,0,0,0,0,0,1,9,0,10,0
DIU9CAI4,24,4,1,22,5,0,1,1,1,1,0,0,23,3,0,21,5,0,2,1,0,2,1,0,2,26,3,28,0
VF1TASCS,22,0,0,21,1,0,3,0,0,3,0,0,19,0,0,18,1,0,4,0,0,4,0,0,3,19,4,22,0
4ZRURMVK,59,7,25,37,4,0,27,2,13,15,1,0,32,5,12,22,3,0,5,1,3,3,0,0,29,37,6,66,0
N6HIBDFG,1,4,0,3,2,0,0,0,0,0,0,0,1,4,0,3,2,0,1,2,0,1,2,0,0,5,3,5,0
5WHHTY41,14,0,3,11,0,0,0,0,0,0,0,0,14,0,3,11,0,0,0,0,0,0,0,0,0,14,0,14,0
IFJTUAXG,50,7,15,40,2,0,22,4,8,18,0,0,28,3,7,22,2,0,8,3,2,8,1,0,26,31,11,57,0
KKIGFUZK,18,5,3,20,0,0,4,5,2,7,0,0,14,0,1,13,0,0,4,0,0,4,0,0,9,14,4,23,0
YHIUAD5L,20,1,4,12,3,2,7,0,1,5,1,0,13,1,3,7,2,2,7,0,2,2,1,2,7,14,7,21,0
EBOXTOHQ,0,5,0,0,2,3,0,5,0,0,2,3,0,0,0,0,0,0,0,0,0,0,0,0,5,0,0,5,0
DA5ILBPR,13,0,5,8,0,2,5,0,1,4,0,0,8,0,4,4,0,2,1,0,0,1,0,0,5,8,1,13,0
NCWTXFCE,5,0,0,4,1,0,1,0,0,0,1,0,4,0,0,4,0,0,0,0,0,0,0,0,1,4,0,5,0
EXCFKYYG,4,0,1,3,0,0,0,0,0,0,0,0,4,0,1,3,0,0,4,0,1,3,0,0,0,4,4,4,0
IHVODULS,28,9,17,18,1,3,15,6,7,12,1,2,13,3,10,6,0,1,4,0,2,2,0,0,21,16,4,37,0
GNIMZVLN,9,0,6,0,3,1,5,0,3,0,2,0,4,0,3,0,1,1,0,0,0,0,0,0,5,4,0,9,0
VPOQX8QD,5,0,1,4,0,0,2,0,0,2,0,0,3,0,1,2,0,0,0,0,0,0,0,0,2,3,0,5,0
UN9TQE57,46,7,17,27,4,5,37,4,13,22,3,3,9,3,4,5,1,2,1,2,2,0,1,0,41,12,3,53,0
FT8LBJWP,29,2,12,19,0,1,7,0,3,4,0,1,22,2,9,15,0,0,5,0,2,3,0,0,7,24,5,31,0
VEAVHIEM,10,2,2,8,2,0,6,2,2,4,2,0,4,0,0,4,0,0,1,0,0,1,0,0,8,4,1,12,0
AYAUIK7F,5,0,3,2,0,0,4,0,2,2,0,0,1,0,1,0,0,0,0,0,0,0,0,0,4,1,0,5,0
QZAMFANU,14,0,4,9,0,0,2,0,0,2,0,0,12,0,4,7,0,0,1,0,0,1,0,0,2,12,1,14,0
GKGKORBH,30,2,4,28,0,1,11,1,2,10,0,1,19,1,2,18,0,0,0,0,0,0,0,0,12,20,0,32,0
BEEF9LT5,12,1,0,12,0,1,2,1,0,3,0,0,10,0,0,9,0,1,2,0,0,2,0,0,3,10,2,13,0
IZG9XQ6W,19,1,10,8,2,0,5,1,4,2,0,0,14,0,6,6,2,0,3,0,1,2,0,0,6,14,3,20,0
NRJ4V9XD,4,4,2,6,0,0,2,0,0,2,0,0,2,4,2,4,0,0,1,1,1,1,0,0,2,6,2,8,0
OQCJBSHC,13,8,7,13,1,0,3,2,0,5,0,0,10,6,7,8,1,0,1,0,1,0,0,0,5,16,1,21,0
TFHAFR2W,120,28,18,50,35,45,74,16,14,25,20,31,46,12,4,25,15,14,4,2,1,4,0,1,90,58,6,148,0
E2T23NLO,56,5,19,38,3,1,16,4,8,12,0,0,40,1,11,26,3,1,11,0,6,5,0,0,20,41,11,61,0
2RB3XYKR,32,0,15,17,0,1,4,0,1,3,0,0,28,0,14,14,0,1,8,0,3,5,0,1,4,28,8,32,0
RDXIZJSW,14,0,1,9,0,4,9,0,1,4,0,4,5,0,0,5,0,0,1,0,0,1,0,0,9,5,1,14,0
DWW98BMM,4,1,0,5,0,0,3,0,0,3,0,0,1,1,0,2,0,0,0,1,0,1,0,0,3,2,1,5,0
WXQXN3DR,32,5,8,28,1,2,13,3,3,13,0,2,19,2,5,15,1,0,1,0,1,0,0,0,16,21,1,37,0
LU3FGGJX,2,2,0,3,1,0,1,0,0,0,1,0,1,2,0,3,0,0,0,0,0,0,0,0,1,3,0,4,0
GWKFNMS2,100,21,7,95,19,0,57,13,5,53,12,0,43,8,2,42,7,0,2,0,0,2,0,0,70,51,2,121,0
RTW5LA1A,56,1,7,38,12,0,32,1,3,22,8,0,24,0,4,16,4,0,0,0,0,0,0,0,33,24,0,57,0
GIUFAOQT,9,0,0,7,2,0,4,0,0,3,1,0,5,0,0,4,1,0,1,0,0,1,0,0,4,5,1,9,0
5KMIB5OR,40,1,8,29,4,0,7,1,0,6,2,0,33,0,8,23,2,0,4,0,2,2,0,0,8,33,4,41,0
MSWROTRE,5,0,1,4,0,0,2,0,1,1,0,0,3,0,0,3,0,0,0,0,0,0,0,0,2,3,0,5,0
L5WW2RKE,8,2,2,8,0,0,5,2,2,5,0,0,3,0,0,3,0,0,0,0,0,0,0,0,7,3,0,10,0
UQV7RWNO,14,4,3,13,2,0,5,3,1,7,0,0,9,1,2,6,2,0,8,1,2,5,2,0,8,10,9,18,0
2HAFBLZQ,18,1,1,15,2,1,4,0,1,3,0,0,14,1,0,12,2,1,3,0,0,3,0,0,4,15,3,19,0
TUZKLTN6,36,5,22,19,0,1,13,3,9,7,0,1,23,2,13,12,0,0,4,1,3,2,0,0,16,25,5,41,0
PUC9P5D8,338,81,152,260,7,18,153,56,82,125,2,16,185,25,70,135,5,2,25,2,5,20,2,0,209,210,27,419,0
NLRPPLVC,34,6,2,31,7,0,25,3,2,22,4,0,9,3,0,9,3,0,1,0,0,1,0,0,28,12,1,40,0
AVKTW7W1,31,1,10,21,1,0,5,1,2,4,0,0,26,0,8,17,1,0,9,0,2,7,0,0,6,26,9,32,0
XMAWDWGN,49,24,6,39,22,6,41,19,5,28,21,6,8,5,1,11,1,0,2,0,0,2,0,0,60,13,2,73,0
DZOF4RBI,37,4,9,29,2,1,13,4,2,14,1,0,24,0,7,15,1,1,3,0,2,1,0,0,17,24,3,41,0
PDFDINQQ,1,0,1,0,0,0,0,0,0,0,0,0,1,0,1,0,0,0,1,0,1,0,0,0,0,1,1,1,0
WNZL5WTE,29,0,6,19,2,1,8,0,1,6,0,0,21,0,5,13,2,1,2,0,1,1,0,0,8,21,2,29,0
KIFQZAPV,49,1,14,34,2,0,14,1,2,11,2,0,35,0,12,23,0,0,5,0,3,2,0,0,15,35,5,50,0
8J6BEZAC,3,0,3,0,0,0,0,0,0,0,0,0,3,0,3,0,0,0,3,0,3,0,0,0,0,3,3,3,0
BNL3U3KW,1,0,0,1,0,0,1,0,0,1,0,0,0,0,0,0,0,0,0,0,0,0,0,0,1,0,0,1,0
CK1JKV2I,3,1,1,2,1,0,2,0,0,1,1,0,1,1,1,1,0,0,0,1,0,1,0,0,2,2,1,4,0
Z6JB5DGV,28,4,1,30,1,0,16,3,0,18,1,0,12,1,1,12,0,0,6,0,0,6,0,0,19,13,6,32,0
1ZR2QE12,32,1,5,26,2,0,6,1,1,5,1,0,26,0,4,21,1,0,3,0,0,3,0,0,7,26,3,33,0
GBA4WSWI,54,6,11,48,1,0,9,0,1,8,0,0,45,6,10,40,1,0,7,1,0,8,0,0,9,51,8,60,0
QALSQ4HL,2,1,1,2,0,0,0,0,0,0,0,0,2,1,1,2,0,0,1,0,0,1,0,0,0,3,1,3,0
CGEVZCO1,61,4,13,48,3,1,14,1,5,10,0,0,47,3,8,38,3,1,7,2,2,7,0,0,15,50,9,65,0
FDP9TSW8,35,10,16,29,0,0,9,2,4,7,0,0,26,8,12,22,0,0,1,0,0,1,0,0,11,34,1,45,0
OZZ32HCW,32,14,10,30,6,0,9,12,2,15,4,0,23,2,8,15,2,0,8,1,1,7,1,0,21,25,9,46,0
NHBSCXYG,44,5,4,44,1,0,20,2,3,19,0,0,24,3,1,25,1,0,3,0,0,3,0,0,22,27,3,49,0
7UV5QTCI,74,9,1,61,18,3,36,9,0,27,15,3,38,0,1,34,3,0,2,0,0,1,1,0,45,38,2,83,0
1ZQ6E389,22,0,3,18,1,0,6,0,1,5,0,0,16,0,2,13,1,0,2,0,0,2,0,0,6,16,2,22,0
RLQPDWZJ,6,2,3,4,1,0,2,2,1,2,1,0,4,0,2,2,0,0,0,0,0,0,0,0,4,4,0,8,0
M7XNNJO5,5,0,1,3,1,0,2,0,1,1,0,0,3,0,0,2,1,0,1,0,0,0,1,0,2,3,1,5,0
FZSHKZG2,33,3,1,32,3,0,5,1,0,5,1,0,28,2,1,27,2,0,8,0,0,7,1,0,6,30,8,36,0
ROUBNIFA,3,0,1,2,0,0,1,0,0,1,0,0,2,0,1,1,0,0,0,0,0,0,0,0,1,2,0,3,0
WRJDWOVG,26,2,6,21,0,2,11,0,1,10,0,0,15,2,5,11,0,2,2,0,0,2,0,0,11,17,2,28,0
9NYEESXX,26,10,0,25,11,0,21,8,0,20,9,0,5,2,0,5,2,0,0,0,0,0,0,0,29,7,0,36,0
2DQOACO8,1,0,0,1,0,0,1,0,0,1,0,0,0,0,0,0,0,0,0,0,0,0,0,0,1,0,0,1,0
KENBR34B,1,0,0,1,0,0,0,0,0,0,0,0,1,0,0,1,0,0,1,0,0,1,0,0,0,1,1,1,0
LWBCYOM3,16,1,4,10,1,3,11,1,2,7,1,2,5,0,2,3,0,1,1,0,0,1,0,0,12,5,1,17,0
JYDPY67U,117,19,19,88,28,1,30,13,5,24,14,0,87,6,14,64,14,1,27,2,1,21,6,1,43,93,29,136,0
AVF5WVPZ,2,0,0,1,1,0,1,0,0,0,1,0,1,0,0,1,0,0,1,0,0,1,0,0,1,1,1,2,0
CYYGSUGE,8,0,0,7,1,0,4,0,0,4,0,0,4,0,0,3,1,0,0,0,0,0,0,0,4,4,0,8,0
P3UN8JVT,16,0,7,9,0,0,1,0,1,0,0,0,15,0,6,9,0,0,4,0,1,3,0,0,1,15,4,16,0
DSSXDGRM,46,1,5,39,3,0,15,0,2,12,1,0,31,1,3,27,2,0,3,0,0,3,0,0,15,32,3,47,0
S8IAYNJN,9,5,0,14,0,0,4,1,0,5,0,0,5,4,0,9,0,0,2,0,0,2,0,0,5,9,2,14,0
5AVLSYOI,37,3,9,31,0,0,15,2,3,14,0,0,22,1,6,17,0,0,0,0,0,0,0,0,17,23,0,40,0
ZKB5N8LG,24,1,8,14,3,0,3,0,0,3,0,0,21,1,8,11,3,0,6,1,1,5,1,0,3,22,7,25,0
6UFBHOZ7,129,51,31,102,47,0,71,26,20,60,17,0,58,25,11,42,30,0,7,3,0,5,5,0,97,83,10,180,0
8NG3V5FZ,10,6,3,10,3,0,8,6,3,8,3,0,2,0,0,2,0,0,0,0,0,0,0,0,14,2,0,16,0
ZFFASJCF,96,5,28,71,2,0,33,0,8,23,2,0,63,5,20,48,0,0,6,2,3,5,0,0,33,68,8,101,0
C9UDSXC7,9,0,1,4,3,1,2,0,0,0,2,0,7,0,1,4,1,1,2,0,1,1,0,0,2,7,2,9,0
KNAHKK3U,8,0,0,8,0,0,0,0,0,0,0,0,8,0,0,8,0,0,3,0,0,3,0,0,0,8,3,8,0
LF2ROLAV,9,6,2,11,2,0,7,6,2,9,2,0,2,0,0,2,0,0,1,0,0,1,0,0,13,2,1,15,0
FJH9IXPD,28,1,5,19,5,0,3,0,0,3,0,0,25,1,5,16,5,0,6,0,1,4,1,0,3,26,6,29,0
RPPBE1GP,53,9,4,55,3,0,14,3,0,16,1,0,39,6,4,39,2,0,5,0,0,5,0,0,17,45,5,62,0
RL5N9JBJ,7,0,7,0,0,0,1,0,1,0,0,0,6,0,6,0,0,0,1,0,1,0,0,0,1,6,1,7,0
PURJM6A3,2,0,0,2,0,0,2,0,0,2,0,0,0,0,0,0,0,0,0,0,0,0,0,0,2,0,0,2,0
JI1CQNKL,126,18,10,96,35,3,67,11,7,49,19,3,59,7,3,47,16,0,5,0,2,2,1,0,78,66,5,144,0
EY3YGVQT,16,0,2,14,0,0,3,0,1,2,0,0,13,0,1,12,0,0,1,0,0,1,0,0,3,13,1,16,0
HBWMPOX9,6,0,2,3,1,0,1,0,0,1,0,0,5,0,2,2,1,0,1,0,0,0,1,0,1,5,1,6,0
FQZDCZBR,2,1,0,3,0,0,0,1,0,1,0,0,2,0,0,2,0,0,0,0,0,0,0,0,1,2,0,3,0
TIUIMBXR,5,0,0,4,1,0,0,0,0,0,0,0,5,0,0,4,1,0,1,0,0,1,0,0,0,5,1,5,0
YBM7PB34,1,0,1,0,0,0,1,0,1,0,0,0,0,0,0,0,0,0,0,0,0,0,0,0,1,0,0,1,0
CKJ3AXCT,21,4,7,18,0,0,6,1,1,6,0,0,15,3,6,12,0,0,3,1,2,2,0,0,7,18,4,25,0
HAJMIMKJ,33,2,3,31,1,0,6,2,2,6,0,0,27,0,1,25,1,0,5,0,0,5,0,0,8,27,5,35,0
2JEC5CEY,101,14,11,77,23,4,41,12,4,37,11,1,60,2,7,40,12,3,11,0,2,9,0,0,53,62,11,115,0
YYXRKOLU,19,2,3,14,2,2,8,2,2,6,1,1,11,0,1,8,1,1,2,0,0,2,0,0,10,11,2,21,0
FEKR769H,38,23,5,24,12,20,7,2,1,7,1,0,31,21,4,17,11,20,1,0,0,1,0,0,9,52,1,61,0
WJB1Q31F,6,0,1,5,0,0,3,0,1,2,0,0,3,0,0,3,0,0,2,0,0,2,0,0,3,3,2,6,0
F3R7WTAO,12,0,1,11,0,0,2,0,0,2,0,0,10,0,1,9,0,0,6,0,1,5,0,0,2,10,6,12,0
TDAXB4JZ,17,1,5,13,0,0,3,0,1,2,0,0,14,1,4,11,0,0,4,0,1,3,0,0,3,15,4,18,0
EK4G2QVI,21,4,7,17,1,0,10,1,3,7,1,0,11,3,4,10,0,0,2,0,1,1,0,0,11,14,2,25,0
T9BEKWNO,26,3,4,25,0,0,7,2,0,9,0,0,19,1,4,16,0,0,6,0,0,6,0,0,9,20,6,29,0
OXEBIIUZ,41,7,1,31,9,7,27,6,1,22,4,6,14,1,0,9,5,1,5,0,0,5,0,0,33,15,5,48,0
BD85BZM2,14,13,4,12,11,1,9,11,4,9,7,1,5,2,0,3,4,0,0,0,0,0,0,0,20,7,0,27,0
F1ISHTOG,69,0,8,48,12,1,46,0,4,34,8,0,23,0,4,14,4,1,6,0,1,2,3,0,46,23,6,69,0
WEVTMUHG,3,0,0,2,1,0,3,0,0,2,1,0,0,0,0,0,0,0,0,0,0,0,0,0,3,0,0,3,0
D6TMVVXU,54,10,2,55,7,0,29,5,0,27,7,0,25,5,2,28,0,0,4,0,1,3,0,0,34,30,4,64,0
C26WM96R,20,1,9,11,1,4,13,0,7,6,0,2,7,1,2,5,1,2,0,0,0,0,0,0,13,8,0,21,0
TZKBNYWP,4,1,2,3,0,0,3,0,1,2,0,0,1,1,1,1,0,0,0,0,0,0,0,0,3,2,0,5,0
LXA9A7MV,7,3,5,5,0,0,4,0,1,3,0,0,3,3,4,2,0,0,2,0,2,0,0,0,4,6,2,10,0
QPGEPEDG,5,0,0,2,3,0,3,0,0,1,2,0,2,0,0,1,1,0,0,0,0,0,0,0,3,2,0,5,0
IHVRIVEL,4,1,1,4,0,0,0,0,0,0,0,0,4,1,1,4,0,0,2,0,0,2,0,0,0,5,2,5,0
XCR4WL2T,14,3,3,13,1,0,3,2,1,4,0,0,11,1,2,9,1,0,3,0,0,3,0,0,5,12,3,17,0
UYDT7ODO,17,0,1,14,2,0,8,0,1,5,2,0,9,0,0,9,0,0,1,0,0,1,0,0,8,9,1,17,0
OW5FC1XZ,27,6,8,17,8,0,10,2,6,5,1,0,17,4,2,12,7,0,4,0,1,2,1,0,12,21,4,33,0
LA8K7SM2,50,4,10,43,1,0,9,2,1,10,0,0,41,2,9,33,1,0,8,0,1,7,0,0,11,43,8,54,0
LG12W4IO,31,4,11,22,2,0,6,0,2,4,0,0,25,4,9,18,2,0,4,0,0,4,0,0,6,29,4,35,0
GUCQQMJE,0,1,1,0,0,0,0,1,1,0,0,0,0,0,0,0,0,0,0,0,0,0,0,0,1,0,0,1,0
RSGKRXL8,43,1,8,29,5,3,17,1,4,11,2,1,26,0,4,18,3,2,7,0,1,6,0,0,18,26,7,44,0
QCG3XJOS,1,1,0,1,1,0,1,0,0,0,1,0,0,1,0,1,0,0,0,0,0,0,0,0,1,1,0,2,0
KLVIFIKY,14,6,5,14,1,1,4,4,0,8,0,0,10,2,5,6,1,1,4,0,1,3,0,0,8,12,4,20,0
XGDUJRSE,7,0,1,6,0,0,5,0,0,5,0,0,2,0,1,1,0,0,0,0,0,0,0,0,5,2,0,7,0
YQYDQ1VD,21,0,4,17,0,0,5,0,1,4,0,0,16,0,3,13,0,0,3,0,0,3,0,0,5,16,3,21,0
GU3AGJX7,35,1,11,25,0,0,6,0,2,4,0,0,29,1,9,21,0,0,5,0,1,4,0,0,6,30,5,36,0
J4KCYBXZ,83,12,20,69,4,3,29,7,6,29,0,1,54,5,14,40,4,2,4,1,1,4,0,0,36,59,5,95,0
PJTSGIAH,18,2,8,12,0,0,6,0,3,3,0,0,12,2,5,9,0,0,2,0,0,2,0,0,6,14,2,20,0
VVG26LYG,110,19,9,94,25,1,50,8,5,41,11,1,60,11,4,53,14,0,13,3,0,12,4,0,58,71,16,129,0
YIACZAHK,89,10,26,60,12,1,16,3,7,9,3,0,73,7,19,51,9,1,7,2,3,6,0,0,19,80,9,99,0
VARM2C35,8,0,0,5,1,2,1,0,0,1,0,0,7,0,0,4,1,2,0,0,0,0,0,0,1,7,0,8,0
1RXP1MCK,12,0,0,11,0,1,2,0,0,2,0,0,10,0,0,9,0,1,1,0,0,0,0,1,2,10,1,12,0
PQDUGMUE,3,1,1,2,1,0,1,1,0,2,0,0,2,0,1,0,1,0,1,0,0,0,1,0,2,2,1,4,0
RFL62YOV,4,0,0,4,0,0,4,0,0,4,0,0,0,0,0,0,0,0,0,0,0,0,0,0,4,0,0,4,0
SIFYHCR6,23,0,9,11,3,0,7,0,4,3,0,0,16,0,5,8,3,0,3,0,2,1,0,0,7,16,3,23,0
7ASFUIYR,9,0,6,3,0,0,1,0,0,1,0,0,8,0,6,2,0,0,0,0,0,0,0,0,1,8,0,9,0
SH2DU1ER,67,5,3,63,5,1,14,3,0,15,1,1,53,2,3,48,4,0,9,0,2,7,0,0,17,55,9,72,0
NNVTNDU2,42,2,18,25,0,0,9,2,6,5,0,0,33,0,12,20,0,0,4,0,2,1,0,0,11,33,4,44,0
3L8PQKOS,9,0,2,7,0,0,2,0,0,2,0,0,7,0,2,5,0,0,0,0,0,0,0,0,2,7,0,9,0
FVYBH8YU,17,0,1,10,6,0,7,0,0,3,4,0,10,0,1,7,2,0,0,0,0,0,0,0,7,10,0,17,0
LB5JXDMU,16,0,2,10,4,0,6,0,0,6,0,0,10,0,2,4,4,0,1,0,0,1,0,0,6,10,1,16,0
RF5UVPWB,165,32,43,111,37,7,64,11,17,40,16,2,101,21,26,71,21,5,12,2,0,9,3,2,75,122,14,197,0
TIHBYPJE,42,4,13,32,1,0,17,4,7,14,0,0,25,0,6,18,1,0,4,0,0,4,0,0,21,25,4,46,0
NCBMIMFZ,52,11,15,39,8,1,18,11,6,15,7,1,34,0,9,24,1,0,5,0,1,4,0,0,29,34,5,63,0
GF7KBX3H,67,3,13,56,1,0,16,0,2,14,0,0,51,3,11,42,1,0,11,0,4,7,0,0,16,54,11,70,0
EFROKONM,13,1,3,11,0,0,3,1,1,3,0,0,10,0,2,8,0,0,0,0,0,0,0,0,4,10,0,14,0
C2SSZJZ6,3,0,1,2,0,0,3,0,1,2,0,0,0,0,0,0,0,0,0,0,0,0,0,0,3,0,0,3,0
U4IMR4NK,20,3,7,16,0,1,8,2,3,7,0,0,12,1,4,9,0,1,1,0,1,0,0,0,10,13,1,23,0
Q5JG7KHG,46,3,2,42,5,0,12,0,1,11,0,0,34,3,1,31,5,0,2,0,0,2,0,0,12,37,2,49,0
KZFWJMFY,0,1,0,1,0,0,0,0,0,0,0,0,0,1,0,1,0,0,0,1,0,1,0,0,0,1,1,1,0
7KBMMWAK,5,2,1,5,1,0,3,2,0,4,1,0,2,0,1,1,0,0,0,0,0,0,0,0,5,2,0,7,0
MFJOKNSK,5,0,1,3,0,2,2,0,0,1,0,1,3,0,1,2,0,1,1,0,1,0,0,1,2,3,1,5,0
4EJALCSC,21,0,5,16,0,0,8,0,0,8,0,0,13,0,5,8,0,0,3,0,0,3,0,0,8,13,3,21,0
TMI5WODZ,5,0,1,4,0,0,2,0,0,2,0,0,3,0,1,2,0,0,1,0,0,1,0,0,2,3,1,5,0
P4YWMM6V,10,0,2,7,1,0,3,0,1,2,0,0,7,0,1,5,1,0,3,0,1,2,0,0,3,7,3,10,0
ZS1A8YN9,28,1,4,24,1,0,8,0,2,6,0,0,20,1,2,18,1,0,0,0,0,0,0,0,8,21,0,29,0
WEWNBJGQ,14,1,3,12,0,0,7,0,1,6,0,0,7,1,2,6,0,0,0,0,0,0,0,0,7,8,0,15,0
6WOQCJWF,5,0,0,5,0,0,2,0,0,2,0,0,3,0,0,3,0,0,0,0,0,0,0,0,2,3,0,5,0
XJGKROEK,2,0,0,2,0,0,2,0,0,2,0,0,0,0,0,0,0,0,0,0,0,0,0,0,2,0,0,2,0
MVLRJ7KE,2,3,1,4,0,0,0,0,0,0,0,0,2,3,1,4,0,0,1,0,0,1,0,0,0,5,1,5,0
MWEMYCHC,0,8,4,4,0,0,0,4,2,2,0,0,0,4,2,2,0,0,0,2,1,1,0,0,4,4,2,8,0
XEDQEWNQ,9,1,2,6,1,1,3,1,1,3,0,0,6,0,1,3,1,1,5,0,0,3,1,1,4,6,5,10,0
KLLWIBLW,0,3,0,2,1,0,0,1,0,0,1,0,0,2,0,2,0,0,0,0,0,0,0,0,1,2,0,3,0
SWR58GTS,4,8,0,10,2,0,2,8,0,8,2,0,2,0,0,2,0,0,0,0,0,0,0,0,10,2,0,12,0
XLG4UZ9G,43,3,2,39,5,0,9,0,0,9,0,0,34,3,2,30,5,0,8,0,0,8,0,0,9,37,8,46,0
5EKMLHQ8,39,7,5,38,3,0,18,3,1,18,2,0,21,4,4,20,1,0,4,0,2,2,0,0,21,25,4,46,0
AEW2BNKN,15,0,4,9,2,0,2,0,0,2,0,0,13,0,4,7,2,0,9,0,2,7,0,0,2,13,9,15,0
GHMTZJ4D,67,0,9,56,2,0,21,0,5,16,0,0,46,0,4,40,2,0,8,0,0,7,1,0,21,46,8,67,0
UCBTSUSW,42,4,9,32,5,0,17,3,4,13,3,0,25,1,5,19,2,0,4,0,0,4,0,0,20,26,4,46,0
X2WLKOHT,1,0,0,1,0,0,0,0,0,0,0,0,1,0,0,1,0,0,1,0,0,1,0,0,0,1,1,1,0
OBHBHZ6S,23,2,5,19,1,0,6,0,2,4,0,0,17,2,3,15,1,0,3,0,0,3,0,0,6,19,3,25,0
J7OG9IKJ,25,2,7,8,11,3,9,0,3,3,3,1,16,2,4,5,8,2,3,1,1,1,2,1,9,18,4,27,0
DNWUWLQB,53,6,8,44,7,0,13,2,6,7,2,0,40,4,2,37,5,0,11,3,0,10,4,0,15,44,14,59,0
LDQLNPSH,5,0,1,3,1,0,1,0,0,1,0,0,4,0,1,2,1,0,0,0,0,0,0,0,1,4,0,5,0
FXQ83LQC,24,1,7,16,1,1,0,0,0,0,0,0,24,1,7,16,1,1,5,0,1,4,0,0,0,25,5,25,0
TW7RJLT1,5,0,0,5,0,0,2,0,0,2,0,0,3,0,0,3,0,0,0,0,0,0,0,0,2,3,0,5,0
98UHMNED,3,1,0,3,1,0,1,0,0,1,0,0,2,1,0,2,1,0,2,0,0,2,0,0,1,3,2,4,0
BCJ5ALG7,5,0,0,3,2,0,3,0,0,2,1,0,2,0,0,1,1,0,2,0,0,1,1,0,3,2,2,5,0
WXCOLU6R,29,0,0,23,6,0,8,0,0,5,3,0,21,0,0,18,3,0,0,0,0,0,0,0,8,21,0,29,0
TE2WIFE4,25,4,3,22,4,0,12,3,1,10,4,0,13,1,2,12,0,0,2,0,0,2,0,0,15,14,2,29,0
OBLDJMQE,23,7,7,19,4,0,10,2,5,5,2,0,13,5,2,14,2,0,1,0,0,1,0,0,12,18,1,30,0
HT6QMRR9,19,2,2,13,6,0,5,2,1,5,1,0,14,0,1,8,5,0,0,0,0,0,0,0,7,14,0,21,0
ERRG3GQH,9,1,4,6,0,0,2,1,0,3,0,0,7,0,4,3,0,0,2,0,0,2,0,0,3,7,2,10,0
OILIBZSE,17,2,6,13,0,0,15,2,5,12,0,0,2,0,1,1,0,0,0,0,0,0,0,0,17,2,0,19,0
MXWP3QD4,33,0,2,25,6,0,4,0,0,4,0,0,29,0,2,21,6,0,5,0,1,4,0,0,4,29,5,33,0
MD91LB4V,17,1,0,17,1,0,6,1,0,7,0,0,11,0,0,10,1,0,2,0,0,2,0,0,7,11,2,18,0
BWFF2BID,6,0,3,3,0,0,2,0,1,1,0,0,4,0,2,2,0,0,1,0,1,0,0,0,2,4,1,6,0
JHV4CHTR,34,2,9,27,0,0,9,0,1,8,0,0,25,2,8,19,0,0,2,0,1,1,0,0,9,27,2,36,0
MRRO1LEM,14,0,2,11,1,0,8,0,2,6,0,0,6,0,0,5,1,0,1,0,0,0,1,0,8,6,1,14,0
IISW6DZW,1,0,0,1,0,0,1,0,0,1,0,0,0,0,0,0,0,0,0,0,0,0,0,0,1,0,0,1,0
HIGEC4VB,23,12,4,26,5,0,10,8,1,14,3,0,13,4,3,12,2,0,0,0,0,0,0,0,18,17,0,35,0
1URTDKAC,21,6,5,20,2,0,10,4,2,12,0,0,11,2,3,8,2,0,2,1,0,3,0,0,14,13,3,27,0
1EMQWBHB,116,25,10,107,24,0,59,13,6,54,12,0,57,12,4,53,12,0,3,0,1,2,0,0,72,69,3,141,0
XCGKVM5O,11,0,6,5,0,2,10,0,6,4,0,2,1,0,0,1,0,0,0,0,0,0,0,0,10,1,0,11,0
QAEAF8QZ,12,0,3,9,0,0,3,0,2,1,0,0,9,0,1,8,0,0,1,0,0,1,0,0,3,9,1,12,0
K5AF8FXK,28,1,9,19,1,0,9,0,3,6,0,0,19,1,6,13,1,0,4,0,2,1,1,0,9,20,4,29,0
TZ1WYAG4,10,7,3,13,1,1,6,6,2,9,1,1,4,1,1,4,0,0,2,1,0,3,0,0,12,5,3,17,0
UICY4ROE,26,0,11,15,0,0,7,0,3,4,0,0,19,0,8,11,0,0,5,0,2,3,0,0,7,19,5,26,0
XVSQZ3LU,15,0,3,12,0,0,2,0,0,2,0,0,13,0,3,10,0,0,2,0,0,2,0,0,2,13,2,15,0
DEAQJAJA,85,5,30,55,5,0,8,1,3,6,0,0,77,4,27,49,5,0,13,0,6,6,1,0,9,81,13,90,0
YTBZBGQX,60,22,5,48,27,2,15,10,4,13,6,2,45,12,1,35,21,0,1,0,0,1,0,0,25,57,1,82,0
BREG536P,14,4,10,8,0,0,1,0,0,1,0,0,13,4,10,7,0,0,8,0,7,1,0,0,1,17,8,18,0
2UQYZNHK,27,1,1,27,0,0,9,0,0,9,0,0,18,1,1,18,0,0,0,1,0,1,0,0,9,19,1,28,0
DC7N7OO9,37,7,6,25,13,0,22,5,6,15,6,0,15,2,0,10,7,0,1,0,0,1,0,0,27,17,1,44,0
ROSDGUSM,73,5,3,63,12,0,16,2,2,15,1,0,57,3,1,48,11,0,13,0,0,9,4,0,18,60,13,78,0
PL8RRXHL,17,8,1,18,5,1,7,8,1,9,4,1,10,0,0,9,1,0,1,0,0,1,0,0,15,10,1,25,0
IMDWIV7U,137,17,33,96,24,1,14,2,7,8,1,0,123,15,26,88,23,1,23,7,4,21,5,0,16,138,30,154,0
UAGDXCGP,28,0,18,10,0,5,9,0,5,4,0,1,19,0,13,6,0,4,3,0,3,0,0,0,9,19,3,28,0
SL5VBDGK,47,5,22,30,0,0,16,4,9,11,0,0,31,1,13,19,0,0,7,0,3,4,0,0,20,32,7,52,0
CT4CXSMR,6,2,1,5,2,0,4,2,1,4,1,0,2,0,0,1,1,0,1,0,0,0,1,0,6,2,1,8,0
E3YR2DZP,23,3,2,20,4,0,9,2,1,8,2,0,14,1,1,12,2,0,0,0,0,0,0,0,11,15,0,26,0
6NBG6CJX,9,0,1,8,0,0,5,0,0,5,0,0,4,0,1,3,0,0,0,0,0,0,0,0,5,4,0,9,0
YPXK5W22,4,0,0,0,1,3,1,0,0,0,1,0,3,0,0,0,0,3,3,0,0,0,0,3,1,3,3,4,0
4CDXN9IU,2,0,1,1,0,0,1,0,0,1,0,0,1,0,1,0,0,0,0,0,0,0,0,0,1,1,0,2,0
B5CS8OQK,7,3,1,7,2,0,3,3,1,4,1,0,4,0,0,3,1,0,0,0,0,0,0,0,6,4,0,10,0
YXSWWKVH,5,2,3,4,0,0,3,2,2,3,0,0,2,0,1,1,0,0,1,0,1,0,0,0,5,2,1,7,0
NOEMFPQ4,5,1,0,3,0,3,1,0,0,1,0,0,4,1,0,2,0,3,2,1,0,0,0,3,1,5,3,6,0
AWWPPCWL,1,0,0,1,0,0,0,0,0,0,0,0,1,0,0,1,0,0,1,0,0,1,0,0,0,1,1,1,0
DSDPNLSC,18,0,1,17,0,0,6,0,1,5,0,0,12,0,0,12,0,0,0,0,0,0,0,0,6,12,0,18,0
O5IDXWFK,9,0,0,8,1,0,3,0,0,2,1,0,6,0,0,6,0,0,1,0,0,1,0,0,3,6,1,9,0
EQ3TM1IU,18,3,4,12,5,0,8,2,4,4,2,0,10,1,0,8,3,0,3,0,0,3,0,0,10,11,3,21,0
IRALAIVJ,14,5,5,11,3,0,4,4,2,4,2,0,10,1,3,7,1,0,3,0,0,2,1,0,8,11,3,19,0
HQASQP1Z,23,2,3,22,0,0,5,1,0,6,0,0,18,1,3,16,0,0,3,0,1,2,0,0,6,19,3,25,0
NU1SIMEQ,5,0,2,3,0,0,2,0,1,1,0,0,3,0,1,2,0,0,0,0,0,0,0,0,2,3,0,5,0
TYIJG8JM,32,10,8,30,1,4,18,9,6,18,0,4,14,1,2,12,1,0,4,0,1,3,0,0,27,15,4,42,0
TNDLINSN,11,0,1,10,0,0,5,0,1,4,0,0,6,0,0,6,0,0,0,0,0,0,0,0,5,6,0,11,0
GEFEEJS5,13,0,1,12,0,0,5,0,1,4,0,0,8,0,0,8,0,0,1,0,0,1,0,0,5,8,1,13,0
A5BF6DFD,86,8,17,54,19,6,63,5,11,38,15,6,23,3,6,16,4,0,2,0,0,2,0,0,68,26,2,94,0
R2RZYGM5,9,0,1,6,2,0,3,0,1,2,0,0,6,0,0,4,2,0,0,0,0,0,0,0,3,6,0,9,0
BHQ38BU3,18,1,3,15,1,0,11,1,2,10,0,0,7,0,1,5,1,0,1,0,0,1,0,0,12,7,1,19,0
EWJFNC6V,17,0,8,8,1,0,3,0,2,1,0,0,14,0,6,7,1,0,5,0,3,2,0,0,3,14,5,17,0
YD5A3LIK,1,0,0,1,0,0,0,0,0,0,0,0,1,0,0,1,0,0,0,0,0,0,0,0,0,1,0,1,0
BRXUONKD,21,0,1,19,1,0,8,0,0,7,1,0,13,0,1,12,0,0,4,0,0,4,0,0,8,13,4,21,0
XLQ1YDOG,70,3,11,52,10,0,13,2,3,12,0,0,57,1,8,40,10,0,18,1,1,12,6,0,15,58,19,73,0
XAP75I5U,396,112,94,278,136,0,117,45,34,87,41,0,279,67,60,191,95,0,52,2,11,31,12,0,162,346,54,508,0
XQ4SHPVH,31,0,6,25,0,0,6,0,2,4,0,0,25,0,4,21,0,0,3,0,0,3,0,0,6,25,3,31,0
DVNJGVJ2,5,3,0,4,4,0,0,0,0,0,0,0,5,3,0,4,4,0,0,0,0,0,0,0,0,8,0,8,0
HD1SLPKK,10,2,2,10,0,0,3,1,0,4,0,0,7,1,2,6,0,0,4,0,0,4,0,0,4,8,4,12,0
GXA3UFPC,58,7,18,43,4,1,35,5,10,27,3,0,23,2,8,16,1,1,0,0,0,0,0,0,40,25,0,65,0
IBGAI4WV,37,2,1,36,2,0,4,2,1,5,0,0,33,0,0,31,2,0,9,0,0,9,0,0,6,33,9,39,0
8XQ5RZMZ,94,10,11,83,10,1,21,6,4,20,3,0,73,4,7,63,7,1,9,1,1,9,0,0,27,77,10,104,0
EH3WLTSU,4,1,0,5,0,0,3,0,0,3,0,0,1,1,0,2,0,0,1,0,0,1,0,0,3,2,1,5,0
AH5WWOFO,3,1,2,2,0,0,2,0,1,1,0,0,1,1,1,1,0,0,0,0,0,0,0,0,2,2,0,4,0
SYH3SPRG,7,4,1,10,0,0,3,0,0,3,0,0,4,4,1,7,0,0,0,2,0,2,0,0,3,8,2,11,0
FPOWUAHA,2,0,0,2,0,0,0,0,0,0,0,0,2,0,0,2,0,0,0,0,0,0,0,0,0,2,0,2,0
HXVLFD8I,2,0,0,2,0,0,0,0,0,0,0,0,2,0,0,2,0,0,1,0,0,1,0,0,0,2,1,2,0
IKBGCBQC,1,1,0,2,0,0,0,1,0,1,0,0,1,0,0,1,0,0,1,0,0,1,0,0,1,1,1,2,0
EUGS6ACH,20,0,0,20,0,0,3,0,0,3,0,0,17,0,0,17,0,0,2,0,0,2,0,0,3,17,2,20,0
WHBKSDOS,2,0,0,2,0,0,0,0,0,0,0,0,2,0,0,2,0,0,2,0,0,2,0,0,0,2,2,2,0
CLWIZ7NP,24,2,6,19,1,0,6,2,5,3,0,0,18,0,1,16,1,0,2,0,0,2,0,0,8,18,2,26,0
HBHAET8E,49,7,15,41,0,0,18,3,8,13,0,0,31,4,7,28,0,0,5,0,1,4,0,0,21,35,5,56,0
I6JGDKT1,14,14,2,19,7,0,14,14,2,19,7,0,0,0,0,0,0,0,0,0,0,0,0,0,28,0,0,28,0
DCJGJVKD,22,0,4,9,9,0,14,0,2,6,6,0,8,0,2,3,3,0,0,0,0,0,0,0,14,8,0,22,0
LRA9GOKY,2,0,0,2,0,0,2,0,0,2,0,0,0,0,0,0,0,0,0,0,0,0,0,0,2,0,0,2,0
TWZXZDCG,8,0,5,3,0,0,0,0,0,0,0,0,8,0,5,3,0,0,1,0,1,0,0,0,0,8,1,8,0
8BEY2GBX,8,3,0,10,1,0,3,3,0,6,0,0,5,0,0,4,1,0,1,0,0,0,1,0,6,5,1,11,0
XBVIWPCY,4,1,0,5,0,0,2,0,0,2,0,0,2,1,0,3,0,0,2,0,0,2,0,0,2,3,2,5,0
CNAAEESC,146,18,42,100,22,3,80,8,23,54,11,3,66,10,19,46,11,0,4,0,3,1,0,0,88,76,4,164,0
OZAGBMGH,18,0,7,11,0,0,3,0,0,3,0,0,15,0,7,8,0,0,0,0,0,0,0,0,3,15,0,18,0
HQSBAKXO,14,0,1,12,1,0,2,0,0,2,0,0,12,0,1,10,1,0,1,0,0,1,0,0,2,12,1,14,0
DJP1UOHI,110,9,22,91,6,0,46,1,6,36,5,0,64,8,16,55,1,0,8,2,3,7,0,0,47,72,10,119,0
X8BCRZVF,102,4,17,78,2,5,20,1,3,17,0,0,82,3,14,61,2,5,20,0,4,15,0,0,21,85,20,106,0
EORUKDAJ,0,1,0,1,0,0,0,0,0,0,0,0,0,1,0,1,0,0,0,1,0,1,0,0,0,1,1,1,0
CQPZSF84,25,7,4,25,3,0,5,4,3,4,2,0,20,3,1,21,1,0,7,0,0,7,0,0,9,23,7,32,0
BRCIJCC3,26,8,1,13,3,17,7,4,0,0,1,10,19,4,1,13,2,7,4,2,0,0,1,5,11,23,6,34,0
QFKECVPS,16,1,8,7,2,0,7,0,3,2,2,0,9,1,5,5,0,0,1,0,0,1,0,0,7,10,1,17,0
FYAOIBOE,14,5,0,17,2,0,5,1,0,5,1,0,9,4,0,12,1,0,4,1,0,5,0,0,6,13,5,19,0
ZYKTDJU3,7,4,0,8,0,3,3,0,0,3,0,0,4,4,0,5,0,3,1,0,0,1,0,0,3,8,1,11,0
GOHE9GM4,49,6,13,40,2,0,19,5,5,18,1,0,30,1,8,22,1,0,6,0,1,5,0,0,24,31,6,55,0
LYDHOERC,4,0,1,3,0,0,1,0,0,1,0,0,3,0,1,2,0,0,0,0,0,0,0,0,1,3,0,4,1
OTTRYDRJ,66,1,14,53,0,0,13,1,2,12,0,0,53,0,12,41,0,0,1,0,1,0,0,0,14,53,1,67,0
EYBU2HEX,37,0,8,28,1,0,10,0,1,9,0,0,27,0,7,19,1,0,1,0,1,0,0,0,10,27,1,37,0
WW7INYLY,49,3,13,39,0,0,7,0,2,5,0,0,42,3,11,34,0,0,5,0,2,3,0,0,7,45,5,52,0
VWFPFG5U,37,3,6,29,5,0,5,0,0,3,2,0,32,3,6,26,3,0,2,0,0,2,0,0,5,35,2,40,0
JK2S41D6,7,0,2,5,0,0,3,0,2,1,0,0,4,0,0,4,0,0,1,0,0,1,0,0,3,4,1,7,0
OLA81FYK,58,7,12,44,9,0,34,7,10,28,3,0,24,0,2,16,6,0,7,0,2,3,2,0,41,24,7,65,0
MRUTH73P,28,4,5,19,3,7,18,1,3,9,2,5,10,3,2,10,1,2,3,0,1,2,0,1,19,13,3,32,0
H574XTTG,127,13,27,105,8,2,53,7,7,46,7,0,74,6,20,59,1,2,6,0,1,5,0,0,60,80,6,140,0
R71I91KF,69,4,12,61,0,0,20,3,4,19,0,0,49,1,8,42,0,0,7,0,3,4,0,0,23,50,7,73,0
WA7ALOIL,49,0,5,36,8,0,13,0,1,9,3,0,36,0,4,27,5,0,0,0,0,0,0,0,13,36,0,49,0
MJHUXNOJ,23,2,14,8,3,0,7,0,4,3,0,0,16,2,10,5,3,0,1,1,2,0,0,0,7,18,2,25,0
2KDH9VNH,107,9,16,99,1,2,30,6,7,28,1,1,77,3,9,71,0,1,21,3,4,20,0,1,36,80,24,116,0
QK9SPAV2,162,21,56,122,5,2,58,5,15,45,3,1,104,16,41,77,2,1,25,4,7,21,1,1,63,120,29,183,0
UNZCGOC9,19,0,1,18,0,0,7,0,1,6,0,0,12,0,0,12,0,0,1,0,0,1,0,0,7,12,1,19,0
8V8LSFT4,64,1,15,46,4,0,20,1,3,17,1,0,44,0,12,29,3,0,3,0,1,2,0,0,21,44,3,65,0
KBSH7M3K,36,2,16,22,0,0,13,2,7,8,0,0,23,0,9,14,0,0,8,0,6,2,0,0,15,23,8,38,0
M4OUUFSM,52,1,12,40,1,1,18,1,6,12,1,0,34,0,6,28,0,1,3,0,0,3,0,0,19,34,3,53,0
NPS4QTVY,52,13,15,32,16,2,31,11,11,19,12,0,21,2,4,13,4,2,6,0,1,5,0,0,42,23,6,65,0
RAWARTME,86,24,19,75,16,0,24,15,6,22,11,0,62,9,13,53,5,0,14,0,2,12,0,0,39,71,14,110,0
MNFOHO1V,20,6,0,15,11,0,15,6,0,13,8,0,5,0,0,2,3,0,0,0,0,0,0,0,21,5,0,26,0
BOCXMVSY,15,0,5,10,0,0,9,0,2,7,0,0,6,0,3,3,0,0,1,0,0,1,0,0,9,6,1,15,0
LKQP1KPW,82,34,1,89,26,0,33,16,0,36,13,0,49,18,1,53,13,0,4,2,0,6,0,0,49,67,6,116,0
9K74VTRU,1,1,0,2,0,0,1,1,0,2,0,0,0,0,0,0,0,0,0,0,0,0,0,0,2,0,0,2,0
EM5INCNW,11,0,1,10,0,0,2,0,0,2,0,0,9,0,1,8,0,0,1,0,0,1,0,0,2,9,1,11,0
XQ6OZMWY,24,2,15,11,0,0,10,2,9,3,0,0,14,0,6,8,0,0,2,0,0,2,0,0,12,14,2,26,0
KSRTSUAB,11,1,3,9,0,0,4,1,2,3,0,0,7,0,1,6,0,0,2,0,0,2,0,0,5,7,2,12,0
QMEF8JC8,54,7,5,40,7,9,31,7,4,19,6,9,23,0,1,21,1,0,6,0,0,5,1,0,38,23,6,61,1
TJRGA5KW,44,0,7,36,1,1,25,0,6,19,0,1,19,0,1,17,1,0,5,0,1,4,0,0,25,19,5,44,0
QGQEGIGH,47,2,8,35,4,2,11,2,2,8,2,1,36,0,6,27,2,1,3,0,1,2,0,0,13,36,3,49,0
IKJOPOIY,50,12,9,38,15,0,20,6,3,19,4,0,30,6,6,19,11,0,1,0,0,1,0,0,26,36,1,62,0
K5EUIUPA,6,1,0,6,1,0,2,1,0,3,0,0,4,0,0,3,1,0,0,0,0,0,0,0,3,4,0,7,0
VFS5M5ZB,12,2,2,12,0,0,7,0,1,6,0,0,5,2,1,6,0,0,0,0,0,0,0,0,7,7,0,14,0
H42MEV1N,226,10,35,184,13,4,67,4,9,54,4,4,159,6,26,130,9,0,25,0,6,16,3,0,71,165,25,236,0
HIVDYVIQ,15,13,2,6,9,11,10,0,0,5,1,4,5,13,2,1,8,7,0,0,0,0,0,0,10,18,0,28,0
BYGZTEPO,47,1,18,28,2,1,19,1,10,9,1,1,28,0,8,19,1,0,0,0,0,0,0,0,20,28,0,48,0
M9FEYB6C,17,3,4,15,0,1,10,1,4,6,0,1,7,2,0,9,0,0,2,0,0,2,0,0,11,9,2,20,0
3SNAEQP3,5,0,2,3,0,0,1,0,0,1,0,0,4,0,2,2,0,0,2,0,2,0,0,0,1,4,2,5,0
RHKJEUTN,212,22,55,162,17,1,91,16,12,83,12,0,121,6,43,79,5,1,41,3,23,21,0,1,107,127,44,234,0
KFGFOTYL,22,8,2,23,5,0,4,0,0,4,0,0,18,8,2,19,5,0,3,3,0,5,1,0,4,26,6,30,0
I4NS4WPY,17,1,5,12,1,1,8,1,3,6,0,1,9,0,2,6,1,0,5,0,2,2,1,0,9,9,5,18,0
P2SBDEOK,81,0,12,61,8,0,15,0,1,13,1,0,66,0,11,48,7,0,10,0,2,8,0,0,15,66,10,81,0
MDTVL2F3,23,4,4,21,1,1,13,1,2,12,0,0,10,3,2,9,1,1,5,0,0,5,0,0,14,13,5,27,0
977Q1WGW,2,0,1,1,0,0,1,0,1,0,0,0,1,0,0,1,0,0,1,0,0,1,0,0,1,1,1,2,0
KBWTN2SY,21,7,5,22,1,0,5,3,1,7,0,0,16,4,4,15,1,0,3,0,0,3,0,0,8,20,3,28,0
LG7PGZD1,23,0,4,10,6,3,8,0,1,5,2,0,15,0,3,5,4,3,4,0,1,2,1,0,8,15,4,23,0
KEBVJFQL,18,0,13,5,0,6,6,0,5,1,0,3,12,0,8,4,0,3,1,0,0,1,0,0,6,12,1,18,0
MXH3WLRG,68,9,15,60,2,0,29,4,7,25,1,0,39,5,8,35,1,0,3,0,1,2,0,0,33,44,3,77,0
NVNOQFBQ,74,2,19,57,0,0,18,2,4,16,0,0,56,0,15,41,0,0,9,0,4,5,0,0,20,56,9,76,0
KIK3AOVX,67,9,25,49,2,1,31,8,13,24,2,1,36,1,12,25,0,0,4,0,0,4,0,0,39,37,4,76,0
LZ536YPL,9,0,1,6,1,1,1,0,0,1,0,0,8,0,1,5,1,1,0,0,0,0,0,0,1,8,0,9,0
CKEPEOI3,5,1,2,4,0,0,0,1,0,1,0,0,5,0,2,3,0,0,0,0,0,0,0,0,1,5,0,6,0
FSBCERJS,27,2,2,25,2,0,6,0,0,5,1,0,21,2,2,20,1,0,1,0,0,1,0,0,6,23,1,29,0
FMZRNQEZ,11,7,3,14,1,0,3,3,2,4,0,0,8,4,1,10,1,0,0,0,0,0,0,0,6,12,0,18,0
MOIQKQA2,45,5,18,30,1,2,14,1,7,7,1,1,31,4,11,23,0,1,5,1,1,5,0,0,15,35,6,50,0
HEBGWZMM,16,0,4,8,3,1,4,0,1,2,1,0,12,0,3,6,2,1,0,0,0,0,0,0,4,12,0,16,0
DCZPYZYC,11,2,4,6,2,1,2,0,1,1,0,0,9,2,3,5,2,1,0,0,0,0,0,0,2,11,0,13,0
VJQOD5AY,15,4,1,12,0,6,9,1,0,4,0,6,6,3,1,8,0,0,1,0,0,1,0,0,10,9,1,19,0
BDMBUB35,3,0,0,3,0,0,0,0,0,0,0,0,3,0,0,3,0,0,0,0,0,0,0,0,0,3,0,3,0
CLIDH7E7,33,11,2,25,15,2,19,3,2,12,8,0,14,8,0,13,7,2,0,1,0,1,0,0,22,22,1,44,0
BFBLSIRM,234,74,59,171,66,12,92,30,23,62,31,6,142,44,36,109,35,6,18,5,2,19,2,0,122,186,23,308,0
HWRGUNM7,10,1,1,9,1,0,7,1,1,7,0,0,3,0,0,2,1,0,0,0,0,0,0,0,8,3,0,11,0
AKCEDPQV,2,2,0,2,1,1,0,0,0,0,0,0,2,2,0,2,1,1,1,0,0,0,0,1,0,4,1,4,0
1KLPQQEY,7,0,1,6,0,0,3,0,0,3,0,0,4,0,1,3,0,0,0,0,0,0,0,0,3,4,0,7,0
XWZFOJ9Q,26,7,5,26,2,0,5,5,0,9,1,0,21,2,5,17,1,0,1,1,0,2,0,0,10,23,2,33,0
K4IFQP5T,10,9,0,14,5,0,8,0,0,5,3,0,2,9,0,9,2,0,1,3,0,4,0,0,8,11,4,19,0
4M9SCC28,12,0,5,7,0,0,12,0,5,7,0,0,0,0,0,0,0,0,0,0,0,0,0,0,12,0,0,12,0
N1YPURMW,99,21,26,69,25,0,32,4,14,18,4,0,67,17,12,51,21,0,6,1,1,4,2,0,36,84,7,120,0
TIKIXC14,3,0,0,3,0,0,0,0,0,0,0,0,3,0,0,3,0,0,3,0,0,3,0,0,0,3,3,3,0
CZCTWZLD,1,2,2,0,1,0,1,2,2,0,1,0,0,0,0,0,0,0,0,0,0,0,0,0,3,0,0,3,0
2CZTWPSV,5,0,0,5,0,0,0,0,0,0,0,0,5,0,0,5,0,0,0,0,0,0,0,0,0,5,0,5,0
BC3NQVYF,18,1,0,11,7,1,7,1,0,6,2,0,11,0,0,5,5,1,3,0,0,3,0,0,8,11,3,19,0
XMYNUO5J,13,0,1,3,8,1,2,0,1,0,1,0,11,0,0,3,7,1,1,0,0,0,1,0,2,11,1,13,0
AATHBOUA,17,0,2,15,0,0,4,0,2,2,0,0,13,0,0,13,0,0,3,0,0,3,0,0,4,13,3,17,0
EIUL7AQJ,15,2,0,4,11,2,2,0,0,0,2,0,13,2,0,4,9,2,3,0,0,2,1,0,2,15,3,17,0
ABS3EUMF,40,4,12,32,0,1,11,0,2,9,0,0,29,4,10,23,0,1,6,1,3,4,0,1,11,33,7,44,0
XI1TCLX2,3,3,0,5,1,0,1,0,0,1,0,0,2,3,0,4,1,0,0,0,0,0,0,0,1,5,0,6,0
WZ2SXDRW,20,1,5,16,0,0,5,0,0,5,0,0,15,1,5,11,0,0,4,0,0,4,0,0,5,16,4,21,0
ECZB8HCJ,2,2,1,3,0,0,1,1,0,2,0,0,1,1,1,1,0,0,0,0,0,0,0,0,2,2,0,4,0
GQFTFKLZ,5,0,0,2,3,0,4,0,0,2,2,0,1,0,0,0,1,0,1,0,0,0,1,0,4,1,1,5,0
A7Q5TE4I,21,1,3,17,2,0,8,1,1,7,1,0,13,0,2,10,1,0,2,0,0,2,0,0,9,13,2,22,0
KGLJUYQ7,11,0,0,9,2,0,4,0,0,3,1,0,7,0,0,6,1,0,1,0,0,1,0,0,4,7,1,11,0
OCP66984,5,1,2,3,1,0,0,0,0,0,0,0,5,1,2,3,1,0,1,0,1,0,0,0,0,6,1,6,0
QQAERVIA,21,3,4,17,3,0,9,0,1,7,1,0,12,3,3,10,2,0,2,0,0,2,0,0,9,15,2,24,0
LPGFO5KZ,19,1,4,12,3,1,4,1,0,3,1,1,15,0,4,9,2,0,3,0,2,1,0,0,5,15,3,20,0
KPUCEGJF,34,4,8,25,3,2,13,2,4,10,1,0,21,2,4,15,2,2,1,0,1,0,0,0,15,23,1,38,0
5RBRAYC8,25,12,3,24,6,4,10,2,2,10,0,0,15,10,1,14,6,4,2,0,0,2,0,0,12,25,2,37,0
QJEJSQ91,144,11,42,94,19,0,45,4,15,29,5,0,99,7,27,65,14,0,17,1,4,14,0,0,49,106,18,155,0
YD2YWEFJ,87,9,11,83,2,0,37,5,8,34,0,0,50,4,3,49,2,0,8,0,0,8,0,0,42,54,8,96,0
H18MNNJJ,21,1,11,8,3,1,9,0,6,3,0,0,12,1,5,5,3,1,0,0,0,0,0,0,9,13,0,22,0
JUONS3MI,7,2,2,6,1,0,3,0,1,2,0,0,4,2,1,4,1,0,0,0,0,0,0,0,3,6,0,9,0
GJDBS7BX,10,0,2,7,1,1,5,0,1,4,0,0,5,0,1,3,1,1,0,0,0,0,0,0,5,5,0,10,0
COKOOKCE,9,3,9,3,0,0,5,1,4,2,0,0,4,2,5,1,0,0,3,0,2,1,0,0,6,6,3,12,0
DBAUIPVE,8,1,1,5,3,0,4,0,1,3,0,0,4,1,0,2,3,0,2,0,0,0,2,0,4,5,2,9,0
4RJYW73F,7,2,2,7,0,0,4,0,1,3,0,0,3,2,1,4,0,0,1,0,0,1,0,0,4,5,1,9,0
WOMCP135,9,4,4,9,0,1,6,1,2,5,0,0,3,3,2,4,0,1,1,0,0,1,0,0,7,6,1,13,0
GOTFGYVB,13,6,3,14,2,0,4,2,1,4,1,0,9,4,2,10,1,0,3,0,0,3,0,0,6,13,3,19,0
MOGQBQFK,44,3,12,34,1,0,17,0,7,10,0,0,27,3,5,24,1,0,4,1,1,4,0,0,17,30,5,47,0
PMYM61ZO,62,2,20,43,1,0,16,2,8,9,1,0,46,0,12,34,0,0,7,0,2,5,0,0,18,46,7,64,0
U4B2CPWO,5,0,0,4,1,0,2,0,0,2,0,0,3,0,0,2,1,0,0,0,0,0,0,0,2,3,0,5,0
IZFOXAB4,26,1,11,16,0,0,7,1,2,6,0,0,19,0,9,10,0,0,2,0,1,1,0,0,8,19,2,27,0
GHUTE3HN,10,2,0,11,0,1,7,0,0,7,0,0,3,2,0,4,0,1,0,0,0,0,0,0,7,5,0,12,0
E6O4WTPF,2,0,1,1,0,0,1,0,1,0,0,0,1,0,0,1,0,0,0,0,0,0,0,0,1,1,0,2,0
4MEMLDZ7,8,0,1,6,1,0,4,0,0,3,1,0,4,0,1,3,0,0,3,0,0,3,0,0,4,4,3,8,0
SXDZYUEP,27,17,2,12,19,11,8,13,2,9,5,5,19,4,0,3,14,6,0,0,0,0,0,0,21,23,0,44,0
KKMVWDQ9,61,8,9,48,12,0,5,1,0,6,0,0,56,7,9,42,12,0,0,0,0,0,0,0,6,63,0,69,0
234PVGQS,32,19,9,26,16,0,27,10,9,17,11,0,5,9,0,9,5,0,0,2,0,2,0,0,37,14,2,51,0
PXJJQF7C,14,3,2,11,3,1,4,0,1,3,0,0,10,3,1,8,3,1,0,0,0,0,0,0,4,13,0,17,0
TQWS84YY,30,12,1,32,4,5,18,3,1,16,2,2,12,9,0,16,2,3,2,0,0,1,1,0,21,21,2,42,0
EFKGRUHC,13,0,1,9,2,1,5,0,1,3,1,0,8,0,0,6,1,1,2,0,0,0,1,1,5,8,2,13,0
VBOCHJGZ,35,3,6,29,3,0,27,2,6,22,1,0,8,1,0,7,2,0,1,0,0,1,0,0,29,9,1,38,0
P17PVMOZ,285,43,54,244,25,6,91,13,14,87,3,0,194,30,40,157,22,6,36,4,13,26,1,1,104,224,40,328,0
HAXIBHWU,140,52,52,128,11,2,51,20,18,48,5,0,89,32,34,80,6,2,17,6,4,19,0,0,71,121,23,192,0
7LFV52IO,3,0,0,3,0,0,0,0,0,0,0,0,3,0,0,3,0,0,1,0,0,1,0,0,0,3,1,3,0
UBYQBDAK,15,1,3,12,1,0,4,1,1,3,1,0,11,0,2,9,0,0,0,0,0,0,0,0,5,11,0,16,0
OTSHEUII,37,15,1,36,12,3,23,13,1,23,9,3,14,2,0,13,3,0,1,1,0,1,1,0,36,16,2,52,0
6EUWNLWW,28,27,2,31,9,13,21,25,2,23,8,13,7,2,0,8,1,0,0,0,0,0,0,0,46,9,0,55,0
KU7WAVB5,50,0,10,39,1,0,18,0,5,12,1,0,32,0,5,27,0,0,5,0,1,4,0,0,18,32,5,50,0
2L3SY5ES,133,19,22,100,28,2,35,1,5,22,9,0,98,18,17,78,19,2,25,4,5,23,1,0,36,116,29,152,0
JUXSMBVE,22,4,2,19,4,1,6,3,0,7,2,0,16,1,2,12,2,1,2,0,1,1,0,0,9,17,2,26,0
ZKPKJ18A,7,3,1,6,0,3,1,0,0,1,0,0,6,3,1,5,0,3,1,0,0,1,0,0,1,9,1,10,0
O53IQDXZ,8,1,0,4,4,1,7,1,0,3,4,1,1,0,0,1,0,0,0,0,0,0,0,0,8,1,0,9,0
C4LONV3U,14,0,3,11,0,0,5,0,1,4,0,0,9,0,2,7,0,0,2,0,1,1,0,0,5,9,2,14,0
ABRSIZZ9,31,3,5,22,5,2,5,0,0,3,2,0,26,3,5,19,3,2,6,0,0,6,0,0,5,29,6,34,0
KJJ1BSUT,39,10,4,38,5,2,18,8,1,20,3,2,21,2,3,18,2,0,3,1,0,4,0,0,26,23,4,49,0
3D8KGESX,1,2,0,3,0,0,1,2,0,3,0,0,0,0,0,0,0,0,0,0,0,0,0,0,3,0,0,3,0
64GVWEPY,9,0,2,6,1,0,5,0,1,4,0,0,4,0,1,2,1,0,0,0,0,0,0,0,5,4,0,9,0
UOLLYD32,91,34,41,70,7,8,33,17,22,19,3,6,58,17,19,51,4,2,4,0,2,2,0,0,50,75,4,125,0
DNUPF4MN,19,6,2,20,3,0,6,4,0,9,1,0,13,2,2,11,2,0,3,0,1,2,0,0,10,15,3,25,0
QGCLHTQ3,6,0,0,5,1,0,2,0,0,1,1,0,4,0,0,4,0,0,0,0,0,0,0,0,2,4,0,6,0
MDLYJN3M,3,0,0,2,1,0,2,0,0,1,1,0,1,0,0,1,0,0,0,0,0,0,0,0,2,1,0,3,0
LSJSDFDW,5,0,2,3,0,0,0,0,0,0,0,0,5,0,2,3,0,0,2,0,2,0,0,0,0,5,2,5,0
RMM8R61G,26,2,2,20,3,3,21,1,2,14,3,3,5,1,0,6,0,0,0,0,0,0,0,0,22,6,0,28,0
SCK3WB1C,104,35,7,93,32,7,58,28,3,50,26,7,46,7,4,43,6,0,7,0,0,7,0,0,86,53,7,139,0
GTBTMKQ8,22,1,3,19,1,0,12,1,3,10,0,0,10,0,0,9,1,0,3,0,0,2,1,0,13,10,3,23,0
HJN7NAHU,5,1,1,5,0,0,3,1,1,3,0,0,2,0,0,2,0,0,0,0,0,0,0,0,4,2,0,6,0
97OM2KL4,71,5,16,60,0,0,19,3,6,16,0,0,52,2,10,44,0,0,10,0,2,8,0,0,22,54,10,76,0
NPWI1BU8,2,0,0,2,0,0,0,0,0,0,0,0,2,0,0,2,0,0,1,0,0,1,0,0,0,2,1,2,0
CTKCLTJO,4,1,0,5,0,0,1,0,0,1,0,0,3,1,0,4,0,0,0,0,0,0,0,0,1,4,0,5,0
FTM92DM8,3,0,1,1,1,0,3,0,1,1,1,0,0,0,0,0,0,0,0,0,0,0,0,0,3,0,0,3,0
XIHFM9D1,7,1,0,7,1,0,3,1,0,3,1,0,4,0,0,4,0,0,0,0,0,0,0,0,4,4,0,8,0
WI5T1WPZ,15,1,0,14,1,1,6,1,0,6,1,0,9,0,0,8,0,1,4,0,0,4,0,0,7,9,4,16,0
BYRRPUPW,44,6,11,37,2,1,5,0,2,3,0,0,39,6,9,34,2,1,5,2,3,4,0,0,5,45,7,50,0
9FSDWK6A,115,17,34,81,17,0,32,3,4,25,6,0,83,14,30,56,11,0,14,3,7,9,1,0,35,97,17,132,0
IQCVL3EA,4,2,1,5,0,0,3,0,1,2,0,0,1,2,0,3,0,0,1,0,0,1,0,0,3,3,1,6,0
PWXBUDND,17,4,1,18,2,0,3,2,1,4,0,0,14,2,0,14,2,0,1,0,0,1,0,0,5,16,1,21,0
HN9ZBPGH,1,0,0,1,0,0,0,0,0,0,0,0,1,0,0,1,0,0,1,0,0,1,0,0,0,1,1,1,0
KANZDGBO,13,1,1,13,0,0,4,0,1,3,0,0,9,1,0,10,0,0,1,0,0,1,0,0,4,10,1,14,0
4M3TF4YT,39,0,10,28,0,0,9,0,2,7,0,0,30,0,8,21,0,0,2,0,0,2,0,0,9,30,2,39,0
HE4Z6KG9,5,2,3,4,0,0,2,2,2,2,0,0,3,0,1,2,0,0,3,0,1,2,0,0,4,3,3,7,0
YE4L26S9,3,1,0,4,0,0,3,1,0,4,0,0,0,0,0,0,0,0,0,0,0,0,0,0,4,0,0,4,0
BGOHVJWH,2,0,0,2,0,0,1,0,0,1,0,0,1,0,0,1,0,0,0,0,0,0,0,0,1,1,0,2,0
XCBKTQAO,49,6,8,41,5,1,16,0,3,13,0,0,33,6,5,28,5,1,3,1,0,2,2,0,16,39,4,55,0
4EWXR7MN,5,0,1,4,0,0,1,0,0,1,0,0,4,0,1,3,0,0,0,0,0,0,0,0,1,4,0,5,0
Z4GZV75K,55,3,24,33,1,1,25,3,13,14,1,1,30,0,11,19,0,0,5,0,2,3,0,0,28,30,5,58,0
1OEYSOAM,39,1,7,30,3,2,16,1,4,12,1,1,23,0,3,18,2,1,4,0,0,4,0,0,17,23,4,40,0
2UQHYCNE,46,7,16,35,2,0,16,3,4,13,2,0,30,4,12,22,0,0,9,0,2,7,0,0,19,34,9,53,0
8IK37K87,29,1,10,19,1,0,8,1,5,3,1,0,21,0,5,16,0,0,3,0,0,3,0,0,9,21,3,30,0
L6XR4JV5,2,0,0,2,0,0,1,0,0,1,0,0,1,0,0,1,0,0,1,0,0,1,0,0,1,1,1,2,0
JDPEKQYN,89,27,15,99,2,0,33,11,5,39,0,0,56,16,10,60,2,0,0,0,0,0,0,0,44,72,0,116,0
SRTDETQO,5,0,1,4,0,0,2,0,1,1,0,0,3,0,0,3,0,0,1,0,0,1,0,0,2,3,1,5,0
WJKJIOX1,11,2,0,12,1,0,2,0,0,2,0,0,9,2,0,10,1,0,5,1,0,6,0,0,2,11,6,13,0
VUY6QMUY,46,13,8,42,9,1,17,5,0,15,7,0,29,8,8,27,2,1,0,1,0,1,0,0,22,37,1,59,0
19KBGBWX,24,1,3,21,1,0,8,1,0,8,1,0,16,0,3,13,0,0,3,0,0,3,0,0,9,16,3,25,0
QMVPZHQM,11,3,5,8,1,0,5,0,1,3,1,0,6,3,4,5,0,0,1,0,1,0,0,0,5,9,1,14,0
46CC7NXX,79,4,8,67,8,0,23,2,4,20,1,0,56,2,4,47,7,0,11,0,1,8,2,0,25,58,11,83,0
RG7VPNVS,2,5,1,6,0,0,0,1,0,1,0,0,2,4,1,5,0,0,2,2,1,3,0,0,1,6,4,7,0
CZYUBDZF,61,12,0,65,8,0,16,3,0,17,2,0,45,9,0,48,6,0,5,0,0,5,0,0,19,54,5,73,0
GOYIOBJL,39,1,3,36,1,0,4,0,0,4,0,0,35,1,3,32,1,0,4,1,0,5,0,0,4,36,5,40,0
FCZXUY3Z,12,1,2,10,1,1,4,1,1,4,0,0,8,0,1,6,1,1,2,0,0,2,0,0,5,8,2,13,0
DMYGNPZA,69,5,10,62,2,0,27,3,6,22,2,0,42,2,4,40,0,0,8,0,1,7,0,0,30,44,8,74,0
CM6JY584,64,13,31,43,3,0,24,6,12,17,1,0,40,7,19,26,2,0,5,0,2,3,0,0,30,47,5,77,0
E1HXVQBZ,219,45,55,189,14,5,88,30,19,87,9,3,131,15,36,102,5,2,22,0,7,12,3,0,118,146,22,264,0
OLNZASLV,5,1,0,5,1,0,2,0,0,2,0,0,3,1,0,3,1,0,0,1,0,0,1,0,2,4,1,6,0
JVUGZQSD,8,0,0,7,1,0,6,0,0,6,0,0,2,0,0,1,1,0,0,0,0,0,0,0,6,2,0,8,0
CF6JYYZC,132,27,45,107,7,0,78,15,35,56,2,0,54,12,10,51,5,0,0,0,0,0,0,0,93,66,0,159,0
N7PC6RS9,7,0,2,5,0,0,3,0,0,3,0,0,4,0,2,2,0,0,2,0,0,2,0,0,3,4,2,7,0
VTMHBY1W,14,0,6,7,1,0,6,0,2,4,0,0,8,0,4,3,1,0,1,0,0,1,0,0,6,8,1,14,0
CGIMZ6E9,13,1,3,11,0,0,3,1,1,3,0,0,10,0,2,8,0,0,3,0,0,3,0,0,4,10,3,14,0
BUXMFRKO,1,0,0,1,0,0,0,0,0,0,0,0,1,0,0,1,0,0,1,0,0,1,0,0,0,1,1,1,0
XCOZGFZS,41,6,5,39,3,0,6,0,0,6,0,0,35,6,5,33,3,0,2,0,0,2,0,0,6,41,2,47,0
ICFY5675,30,7,15,18,4,0,15,1,3,10,3,0,15,6,12,8,1,0,1,0,1,0,0,0,16,21,1,37,0
KYYU8TAB,62,11,4,57,11,1,30,9,3,29,7,0,32,2,1,28,4,1,5,0,0,5,0,0,39,34,5,73,0
MTLSJEL9,157,59,33,121,62,0,80,36,22,66,28,0,77,23,11,55,34,0,9,2,0,8,3,0,116,100,11,216,0
WN7OH2T5,6,0,2,4,0,0,2,0,1,1,0,0,4,0,1,3,0,0,2,0,1,1,0,0,2,4,2,6,0
JK1ETIW8,3,0,0,2,1,0,0,0,0,0,0,0,3,0,0,2,1,0,1,0,0,0,1,0,0,3,1,3,0
8JLPKDQP,8,0,1,7,0,0,1,0,0,1,0,0,7,0,1,6,0,0,0,0,0,0,0,0,1,7,0,8,0
XKSQJU5L,37,6,5,35,2,2,15,5,3,15,1,2,22,1,2,20,1,0,2,0,0,2,0,0,20,23,2,43,0
MBCJIOB4,1,0,0,0,1,0,0,0,0,0,0,0,1,0,0,0,1,0,0,0,0,0,0,0,0,1,0,1,0
VS1XBFBS,35,4,4,25,6,4,14,0,1,10,3,0,21,4,3,15,3,4,5,3,2,6,0,0,14,25,8,39,0
PMW8HYIO,149,43,27,59,14,92,56,33,18,15,3,53,93,10,9,44,11,39,22,0,2,8,5,7,89,103,22,192,0
3HIFYZPY,164,27,3,66,69,53,78,20,2,31,33,32,86,7,1,35,36,21,29,6,0,13,15,7,98,93,35,191,0
MMMUIFVJ,8,11,3,13,3,0,3,9,2,10,0,0,5,2,1,3,3,0,0,0,0,0,0,0,12,7,0,19,0
EY1HOQVL,8,1,2,6,1,0,5,0,1,3,1,0,3,1,1,3,0,0,0,0,0,0,0,0,5,4,0,9,0
ZS2O84C4,3,1,1,0,0,3,0,0,0,0,0,0,3,1,1,0,0,3,0,0,0,0,0,0,0,4,0,4,0
7SHTI8IH,10,6,3,12,1,0,4,3,1,5,1,0,6,3,2,7,0,0,0,0,0,0,0,0,7,9,0,16,0
Q57CFAJI,10,6,2,11,3,0,5,6,0,8,3,0,5,0,2,3,0,0,0,0,0,0,0,0,11,5,0,16,0
V5IYMHGD,13,0,2,10,1,0,1,0,0,0,1,0,12,0,2,10,0,0,2,0,2,0,0,0,1,12,2,13,0
CVEXIJLY,56,2,24,32,0,1,20,2,7,15,0,0,36,0,17,17,0,1,5,0,1,4,0,0,22,36,5,58,0
YPPD2ZTJ,1,1,0,2,0,0,0,0,0,0,0,0,1,1,0,2,0,0,1,1,0,2,0,0,0,2,2,2,0
XQER5CXC,46,21,7,26,28,7,27,8,2,12,17,5,19,13,5,14,11,2,3,4,2,4,1,0,35,32,7,67,0
YKONYLJ8,18,0,2,13,3,0,4,0,1,2,1,0,14,0,1,11,2,0,4,0,1,2,1,0,4,14,4,18,0
65XCPISG,42,2,18,25,1,0,15,0,7,8,0,0,27,2,11,17,1,0,3,0,1,2,0,0,15,29,3,44,0
NA752NNJ,54,1,18,30,5,2,13,0,3,7,1,2,41,1,15,23,4,0,2,0,1,1,0,0,13,42,2,55,0
5MHK4VNZ,44,0,9,31,4,0,18,0,2,15,1,0,26,0,7,16,3,0,3,0,1,2,0,0,18,26,3,44,0
QZNIYLTO,5,0,1,4,0,0,4,0,1,3,0,0,1,0,0,1,0,0,0,0,0,0,0,0,4,1,0,5,0
DQTDJMNB,18,2,5,15,0,0,4,2,0,6,0,0,14,0,5,9,0,0,0,0,0,0,0,0,6,14,0,20,0
OZBSGHJQ,13,1,4,10,0,0,2,1,0,3,0,0,11,0,4,7,0,0,0,0,0,0,0,0,3,11,0,14,0
LZNVSQCV,34,4,11,24,1,2,12,1,3,10,0,0,22,3,8,14,1,2,1,0,0,1,0,0,13,25,1,38,0
FSRVFA97,6,0,0,6,0,0,2,0,0,2,0,0,4,0,0,4,0,0,0,0,0,0,0,0,2,4,0,6,0
FTDX9ZPR,72,11,16,55,8,6,28,4,8,16,4,4,44,7,8,39,4,2,7,0,1,6,0,0,32,51,7,83,0
8IMUYSN9,6,3,1,8,0,0,0,3,1,2,0,0,6,0,0,6,0,0,0,0,0,0,0,0,3,6,0,9,0
EUEQNH55,151,12,57,91,15,1,46,3,13,28,8,1,105,9,44,63,7,0,14,1,8,7,0,0,49,114,15,163,0
9YB7TLLN,4,0,0,3,0,1,2,0,0,2,0,0,2,0,0,1,0,1,1,0,0,0,0,1,2,2,1,4,0
W57QI4MJ,6,1,2,4,1,0,1,0,0,1,0,0,5,1,2,3,1,0,2,0,0,2,0,0,1,6,2,7,0
JQISANZ8,10,0,4,6,0,0,8,0,4,4,0,0,2,0,0,2,0,0,1,0,0,1,0,0,8,2,1,10,0
NRFV2ETB,202,35,84,141,12,0,91,21,40,63,9,0,111,14,44,78,3,0,18,3,7,14,0,0,112,125,21,237,0
2EA9SF7Q,24,0,7,14,3,2,16,0,4,9,3,0,8,0,3,5,0,2,4,0,3,1,0,2,16,8,4,24,0
CLTGEC48,14,1,5,9,1,0,5,1,1,4,1,0,9,0,4,5,0,0,2,0,0,2,0,0,6,9,2,15,0
OCJQZILB,57,10,18,43,6,1,15,2,6,11,0,1,42,8,12,32,6,0,5,0,1,2,2,0,17,50,5,67,0
YPQMDIS4,32,2,3,27,4,0,7,2,2,5,2,0,25,0,1,22,2,0,3,0,1,2,0,0,9,25,3,34,0
PGZ2BLGG,13,4,2,12,3,0,3,1,0,4,0,0,10,3,2,8,3,0,1,0,0,0,1,0,4,13,1,17,0
P1KKKWFO,8,2,4,6,0,0,6,1,3,4,0,0,2,1,1,2,0,0,0,1,0,1,0,0,7,3,1,10,0
VONDQUHY,1,0,0,1,0,0,0,0,0,0,0,0,1,0,0,1,0,0,0,0,0,0,0,0,0,1,0,1,0
6QEVOBJ3,4,0,0,4,0,0,1,0,0,1,0,0,3,0,0,3,0,0,0,0,0,0,0,0,1,3,0,4,0
CIH6HFLA,23,2,8,17,0,0,11,0,3,8,0,0,12,2,5,9,0,0,1,0,1,0,0,0,11,14,1,25,0
LWUYYHUI,11,2,1,8,2,2,11,1,1,7,2,2,0,1,0,1,0,0,0,0,0,0,0,0,12,1,0,13,0
DW1OZMBY,26,3,13,15,1,2,9,1,3,7,0,1,17,2,10,8,1,1,3,0,2,1,0,0,10,19,3,29,0
UDMVBQ7Q,2,0,1,1,0,0,0,0,0,0,0,0,2,0,1,1,0,0,0,0,0,0,0,0,0,2,0,2,0
UZUUBEXF,57,12,6,55,8,0,38,11,3,41,5,0,19,1,3,14,3,0,4,1,0,5,0,0,49,20,5,69,0
CDKRROSA,4,0,0,2,2,0,2,0,0,0,2,0,2,0,0,2,0,0,1,0,0,1,0,0,2,2,1,4,0
ALXNYYMP,36,1,11,25,1,0,13,0,4,9,0,0,23,1,7,16,1,0,4,0,1,2,1,0,13,24,4,37,0
DVEVKHJA,7,2,2,6,0,1,3,1,2,2,0,0,4,1,0,4,0,1,1,0,0,1,0,0,4,5,1,9,0
EV24OBNH,5,0,0,5,0,0,0,0,0,0,0,0,5,0,0,5,0,0,1,0,0,1,0,0,0,5,1,5,0
OLVTSSNQ,27,2,6,22,1,0,14,2,2,13,1,0,13,0,4,9,0,0,3,0,1,2,0,0,16,13,3,29,1
YVXWLSVT,9,0,2,7,0,0,6,0,1,5,0,0,3,0,1,2,0,0,1,0,0,1,0,0,6,3,1,9,0
9XJC1ZI5,7,3,4,6,0,0,0,3,0,3,0,0,7,0,4,3,0,0,1,0,1,0,0,0,3,7,1,10,0
UMJEUEKY,39,10,8,34,6,1,16,4,4,10,5,1,23,6,4,24,1,0,2,3,0,5,0,0,20,29,5,49,0
CHMEEEEO,41,7,7,31,10,1,15,2,3,9,5,1,26,5,4,22,5,0,1,0,0,1,0,0,17,31,1,48,0
6NXHLZDS,16,7,3,17,3,0,6,3,1,8,0,0,10,4,2,9,3,0,2,0,1,1,0,0,9,14,2,23,0
UBLQV5HF,15,3,8,10,0,0,5,2,4,3,0,0,10,1,4,7,0,0,3,0,1,2,0,0,7,11,3,18,0
DPUMCOQF,90,22,28,70,14,0,20,6,7,17,2,0,70,16,21,53,12,0,7,5,3,4,5,0,26,86,12,112,0
O25REJFW,70,7,7,60,10,0,32,4,5,26,5,0,38,3,2,34,5,0,6,0,1,5,0,0,36,41,6,77,0
9NQ34EPP,50,3,14,35,4,2,25,2,6,17,4,1,25,1,8,18,0,1,4,0,0,4,0,0,27,26,4,53,0
QWWVS4CS,15,4,1,14,4,0,9,4,1,9,3,0,6,0,0,5,1,0,0,0,0,0,0,0,13,6,0,19,0
8GDZ3ABF,61,7,6,47,15,0,32,3,4,23,8,0,29,4,2,24,7,0,2,0,0,2,0,0,35,33,2,68,0
MUYHWR2P,50,8,7,49,2,0,16,8,4,20,0,0,34,0,3,29,2,0,5,0,1,4,0,0,24,34,5,58,0
RD3GPQJK,2,1,1,1,1,0,1,0,1,0,0,0,1,1,0,1,1,0,0,0,0,0,0,0,1,2,0,3,0
K2QCCT2I,136,39,71,84,20,5,50,13,22,32,9,1,86,26,49,52,11,4,27,6,14,13,6,3,63,112,33,175,0
I4POW7J5,9,0,2,7,0,0,5,0,1,4,0,0,4,0,1,3,0,0,1,0,1,0,0,0,5,4,1,9,0
DSWURABV,54,12,6,34,20,6,25,1,2,17,6,1,29,11,4,17,14,5,2,0,0,1,1,0,26,40,2,66,0
QYSRIANP,18,1,0,16,3,0,3,0,0,2,1,0,15,1,0,14,2,0,5,0,0,3,2,0,3,16,5,19,0
1U4OBWB8,15,0,1,4,7,3,5,0,0,0,2,3,10,0,1,4,5,0,3,0,0,1,2,0,5,10,3,15,0
WS1WMLDS,6,0,0,6,0,0,1,0,0,1,0,0,5,0,0,5,0,0,1,0,0,1,0,0,1,5,1,6,0
KCBIMSAN,24,3,6,21,0,0,8,0,3,5,0,0,16,3,3,16,0,0,3,0,1,2,0,0,8,19,3,27,0
QWHBMI4V,3,0,0,2,1,0,2,0,0,1,1,0,1,0,0,1,0,0,0,0,0,0,0,0,2,1,0,3,0
GFUF8ULW,6,0,0,6,0,0,2,0,0,2,0,0,4,0,0,4,0,0,1,0,0,1,0,0,2,4,1,6,0
NPECFMM4,43,2,7,35,3,0,16,2,2,14,2,0,27,0,5,21,1,0,6,0,0,5,1,0,18,27,6,45,0
3LX35RHR,5,0,1,3,1,0,3,0,0,3,0,0,2,0,1,0,1,0,1,0,1,0,0,0,3,2,1,5,0
CGYRN1MY,9,0,1,8,0,0,1,0,0,1,0,0,8,0,1,7,0,0,0,0,0,0,0,0,1,8,0,9,0
EIOV3BZT,31,4,12,20,3,0,13,2,6,7,2,0,18,2,6,13,1,0,0,0,0,0,0,0,15,20,0,35,0
6KYXIHFS,15,0,9,5,1,0,8,0,5,3,0,0,7,0,4,2,1,0,1,0,1,0,0,0,8,7,1,15,0
ZBDJT1PG,173,45,36,159,23,1,62,20,21,53,8,1,111,25,15,106,15,0,45,11,3,45,8,0,82,136,56,218,0
GDYWPVSK,5,0,0,5,0,0,5,0,0,5,0,0,0,0,0,0,0,0,0,0,0,0,0,0,5,0,0,5,0
CI2T2CGZ,22,0,1,19,2,0,5,0,0,4,1,0,17,0,1,15,1,0,4,0,0,4,0,0,5,17,4,22,0
IK4G4SBF,23,9,4,27,1,0,12,3,2,13,0,0,11,6,2,14,1,0,3,0,1,1,1,0,15,17,3,32,0
RHBTZBGU,33,5,18,19,1,0,16,5,8,12,1,0,17,0,10,7,0,0,2,0,2,0,0,0,21,17,2,38,0
W3TW16RK,34,1,14,20,1,0,16,0,5,10,1,0,18,1,9,10,0,0,7,0,2,5,0,0,16,19,7,35,0
KGMK21MJ,4,0,2,2,0,0,2,0,1,1,0,0,2,0,1,1,0,0,1,0,0,1,0,0,2,2,1,4,0
WKRB1BPF,126,23,33,101,15,0,46,5,10,37,4,0,80,18,23,64,11,0,8,3,1,10,0,0,51,98,11,149,0
RQ4MNC8D,96,29,28,90,7,0,38,10,14,33,1,0,58,19,14,57,6,0,13,0,2,11,0,0,48,77,13,125,0
TCLJEUHY,1,1,0,2,0,0,0,0,0,0,0,0,1,1,0,2,0,0,1,1,0,2,0,0,0,2,2,2,0
HDTULMJ5,2,0,0,2,0,0,1,0,0,1,0,0,1,0,0,1,0,0,1,0,0,1,0,0,1,1,1,2,0
J9RVWFAO,3,0,1,2,0,0,3,0,1,2,0,0,0,0,0,0,0,0,0,0,0,0,0,0,3,0,0,3,0
EEAMTDW2,80,19,17,46,23,14,3,0,0,2,1,0,77,19,17,44,22,14,9,0,1,4,4,1,3,96,9,99,0
HNV3QOPY,11,0,5,6,0,0,5,0,3,2,0,0,6,0,2,4,0,0,1,0,0,1,0,0,5,6,1,11,0
LDN4SP6J,30,2,5,22,3,3,17,2,5,9,3,3,13,0,0,13,0,0,0,0,0,0,0,0,19,13,0,32,0
W1ELTGZD,17,5,3,14,5,0,5,2,2,4,1,0,12,3,1,10,4,0,4,1,1,4,0,0,7,15,5,22,0
CUKOROF5,5,3,2,4,2,1,3,1,0,3,1,0,2,2,2,1,1,1,0,0,0,0,0,0,4,4,0,8,0
C1OV4N43,189,11,41,128,31,0,37,4,8,28,5,0,152,7,33,100,26,0,26,0,6,15,5,0,41,159,26,200,0
AQJJ2VUS,38,4,6,30,5,1,15,4,0,15,4,0,23,0,6,15,1,1,2,0,0,1,0,1,19,23,2,42,0
NI9DNMVB,24,10,6,26,2,0,8,0,2,5,1,0,16,10,4,21,1,0,1,2,1,2,0,0,8,26,3,34,0
DSX5SP2B,14,10,3,17,4,0,6,2,1,4,3,0,8,8,2,13,1,0,3,3,1,5,0,0,8,16,6,24,0
UUDIWCQ5,8,2,2,7,1,0,2,1,1,2,0,0,6,1,1,5,1,0,0,0,0,0,0,0,3,7,0,10,0
ZJOACEAB,8,0,0,5,3,0,8,0,0,5,3,0,0,0,0,0,0,0,0,0,0,0,0,0,8,0,0,8,0
HLDRTIFE,4,3,0,5,2,0,1,0,0,1,0,0,3,3,0,4,2,0,1,1,0,2,0,0,1,6,2,7,0
HHPLNWXQ,14,1,4,11,0,0,7,1,2,6,0,0,7,0,2,5,0,0,1,0,0,1,0,0,8,7,1,15,0
2NRDGL6X,1,0,0,1,0,0,1,0,0,1,0,0,0,0,0,0,0,0,0,0,0,0,0,0,1,0,0,1,0
ANIEVWAK,118,26,15,104,25,1,44,17,7,40,14,0,74,9,8,64,11,1,13,0,1,10,2,0,61,83,13,144,0
C7OW93NS,8,3,2,5,4,0,5,3,0,4,4,0,3,0,2,1,0,0,1,0,1,0,0,0,8,3,1,11,0
NDQZPGTV,6,0,0,4,2,0,1,0,0,1,0,0,5,0,0,3,2,0,2,0,0,2,0,0,1,5,2,6,0
R8X1QU9S,22,5,3,20,4,0,5,5,2,6,2,0,17,0,1,14,2,0,3,0,0,3,0,0,10,17,3,27,0
2GL3YQBQ,105,20,30,83,12,0,33,15,12,28,8,0,72,5,18,55,4,0,5,0,0,5,0,0,48,77,5,125,0
BHUBRUQD,2,1,1,2,0,0,2,1,1,2,0,0,0,0,0,0,0,0,0,0,0,0,0,0,3,0,0,3,0
ORCLYRMD,5,3,3,5,0,0,1,3,1,3,0,0,4,0,2,2,0,0,1,0,0,1,0,0,4,4,1,8,0
PSJ2UNX9,11,0,0,9,2,0,2,0,0,2,0,0,9,0,0,7,2,0,3,0,0,3,0,0,2,9,3,11,0
U1MEOMCI,12,3,6,8,1,1,5,3,3,4,1,0,7,0,3,4,0,1,5,0,2,3,0,1,8,7,5,15,0
ZMXK3N97,9,0,2,7,0,0,5,0,2,3,0,0,4,0,0,4,0,0,1,0,0,1,0,0,5,4,1,9,0
KYIBSMA8,52,6,12,38,7,3,17,4,4,12,4,1,35,2,8,26,3,2,6,1,2,2,3,0,21,37,7,58,0
T6GNGOKU,54,1,25,30,0,0,11,1,6,6,0,0,43,0,19,24,0,0,6,0,1,5,0,0,12,43,6,55,0
YDJW3UBF,95,13,7,72,21,8,51,11,7,40,11,4,44,2,0,32,10,4,7,0,0,7,0,0,62,46,7,108,0
ZXUBEDQN,64,3,10,55,2,1,21,1,7,15,0,1,43,2,3,40,2,0,5,0,0,5,0,0,22,45,5,67,0
ASSEC8IK,7,0,1,3,1,2,5,0,1,1,1,2,2,0,0,2,0,0,1,0,0,1,0,0,5,2,1,7,0
ZRWHLOEY,6,4,1,9,0,0,3,4,1,6,0,0,3,0,0,3,0,0,0,0,0,0,0,0,7,3,0,10,0
NJJJ4NTW,37,5,8,29,5,1,24,5,5,19,5,0,13,0,3,10,0,1,2,0,0,2,0,0,29,13,2,42,0
ULEUVQYG,21,0,0,21,0,0,5,0,0,5,0,0,16,0,0,16,0,0,1,0,0,1,0,0,5,16,1,21,0
BVCX9XRA,61,4,14,50,1,0,12,2,3,10,1,0,49,2,11,40,0,0,7,1,1,7,0,0,14,51,8,65,0
ZFOSAPRX,80,6,28,44,4,10,18,3,6,11,0,4,62,3,22,33,4,6,9,0,3,6,0,0,21,65,9,86,0
BE2SJ3GS,38,2,11,29,0,0,12,1,5,8,0,0,26,1,6,21,0,0,2,0,1,1,0,0,13,27,2,40,0
LHWWUDCZ,72,4,19,53,4,0,10,1,3,7,1,0,62,3,16,46,3,0,6,0,3,3,0,0,11,65,6,76,0
YGWQBEC3,17,0,3,14,0,0,4,0,1,3,0,0,13,0,2,11,0,0,1,0,0,1,0,0,4,13,1,17,0
3RSVUSXK,26,2,2,23,3,0,8,2,1,9,0,0,18,0,1,14,3,0,8,0,0,7,1,0,10,18,8,28,0
GHNIJJAY,161,30,7,124,35,26,68,16,4,36,20,25,93,14,3,88,15,1,24,2,1,25,0,0,84,107,26,191,0
IYYLAQVU,105,5,31,68,11,0,33,0,9,19,5,0,72,5,22,49,6,0,18,3,4,16,1,0,33,77,21,110,0
IDYURSC1,15,3,6,12,0,0,4,3,2,5,0,0,11,0,4,7,0,0,1,0,1,0,0,0,7,11,1,18,0
I1IFKMBN,32,8,8,31,1,0,8,4,2,9,1,0,24,4,6,22,0,0,1,0,0,1,0,0,12,28,1,40,0
66EJDAFK,6,1,0,6,1,0,6,1,0,6,1,0,0,0,0,0,0,0,0,0,0,0,0,0,7,0,0,7,0
GIHN5GME,10,2,1,9,2,0,6,1,1,4,2,0,4,1,0,5,0,0,0,0,0,0,0,0,7,5,0,12,0
MZ5AL4UZ,32,11,0,29,14,0,11,0,0,6,5,0,21,11,0,23,9,0,2,0,0,2,0,0,11,32,2,43,0
Z7CZUBXE,14,4,0,11,7,0,12,4,0,9,7,0,2,0,0,2,0,0,0,0,0,0,0,0,16,2,0,18,0
CEX4HRMJ,108,16,28,71,9,16,35,10,9,16,4,16,73,6,19,55,5,0,23,3,5,20,1,0,45,79,26,124,0
NRM6UD4V,35,12,8,30,8,1,11,4,2,9,4,0,24,8,6,21,4,1,3,0,2,1,0,0,15,32,3,47,0
WQRFU1N9,9,0,2,7,0,0,2,0,0,2,0,0,7,0,2,5,0,0,0,0,0,0,0,0,2,7,0,9,0
ZHGPU5IE,24,2,1,25,0,0,5,0,0,5,0,0,19,2,1,20,0,0,5,0,0,5,0,0,5,21,5,26,0
LOUNPLUD,34,1,15,20,0,0,8,0,2,6,0,0,26,1,13,14,0,0,3,0,1,2,0,0,8,27,3,35,0
NTU3NE5M,33,2,15,18,2,0,5,0,2,2,1,0,28,2,13,16,1,0,2,0,1,0,1,0,5,30,2,35,0
RSWWMILE,29,3,1,29,2,0,13,1,0,14,0,0,16,2,1,15,2,0,2,0,0,2,0,0,14,18,2,32,0
AZEIFR5O,72,5,10,49,18,0,29,5,6,21,7,0,43,0,4,28,11,0,2,0,0,2,0,0,34,43,2,77,0
3XGKUD2W,49,4,22,25,5,3,22,3,12,10,2,3,27,1,10,15,3,0,8,0,3,4,1,0,25,28,8,53,0
EHCZOCIL,53,0,17,33,3,0,12,0,3,6,3,0,41,0,14,27,0,0,1,0,0,1,0,0,12,41,1,53,0
TCT7TY1M,14,0,2,7,3,4,5,0,0,1,2,2,9,0,2,6,1,2,1,0,1,0,0,1,5,9,1,14,0
MNIZZKAA,52,2,7,42,5,0,9,2,1,9,1,0,43,0,6,33,4,0,10,0,0,10,0,0,11,43,10,54,0
NBEGUCPM,41,1,15,27,0,3,9,1,4,6,0,0,32,0,11,21,0,3,6,0,0,6,0,0,10,32,6,42,0
SBKZVMKS,199,54,45,156,46,6,95,46,20,87,32,2,104,8,25,69,14,4,43,4,9,31,7,0,141,112,47,253,0
YU2S3IEU,1,0,0,1,0,0,1,0,0,1,0,0,0,0,0,0,0,0,0,0,0,0,0,0,1,0,0,1,0
22O38QJG,5,0,0,2,3,0,2,0,0,2,0,0,3,0,0,0,3,0,0,0,0,0,0,0,2,3,0,5,0
VYPYIJWI,2,0,0,2,0,0,2,0,0,2,0,0,0,0,0,0,0,0,0,0,0,0,0,0,2,0,0,2,0
VKUECOQV,77,0,15,57,5,0,11,0,5,5,1,0,66,0,10,52,4,0,8,0,2,5,1,0,11,66,8,77,0
HB2JZ5T3,5,0,1,4,0,0,1,0,0,1,0,0,4,0,1,3,0,0,1,0,0,1,0,0,1,4,1,5,0
WS5MNQYE,30,1,6,9,4,11,8,0,2,5,1,0,22,1,4,4,3,11,0,0,0,0,0,0,8,23,0,31,0
6IZDCHNM,5,0,0,5,0,0,1,0,0,1,0,0,4,0,0,4,0,0,0,0,0,0,0,0,1,4,0,5,0
QOYSYLGE,41,9,12,28,5,6,15,5,6,11,0,4,26,4,6,17,5,2,7,0,0,6,0,1,20,30,7,50,0
ABCU8UDO,5,0,1,4,0,0,3,0,1,2,0,0,2,0,0,2,0,0,0,0,0,0,0,0,3,2,0,5,0
KNTH8B2X,108,20,24,62,36,6,58,9,16,30,21,0,50,11,8,32,15,6,0,0,0,0,0,0,67,61,0,128,0
LRIV1TOU,2,0,0,2,0,0,0,0,0,0,0,0,2,0,0,2,0,0,1,0,0,1,0,0,0,2,1,2,0
H9QE4L4Y,31,4,2,24,5,4,10,0,1,8,1,0,21,4,1,16,4,4,2,3,0,0,2,3,10,25,5,35,0
1HPKF1OE,7,2,5,4,0,0,3,2,3,2,0,0,4,0,2,2,0,0,1,0,0,1,0,0,5,4,1,9,0
ZL79I1WL,133,39,46,104,13,16,67,27,36,51,7,7,66,12,10,53,6,9,6,0,4,2,0,0,94,78,6,172,0
JCJLEIC1,39,6,16,26,3,0,16,5,5,15,1,0,23,1,11,11,2,0,0,0,0,0,0,0,21,24,0,45,0
LD1XVHC9,60,0,0,56,4,0,15,0,0,15,0,0,45,0,0,41,4,0,15,0,0,15,0,0,15,45,15,60,0
DDGGFKEM,71,5,39,37,0,0,46,4,30,20,0,0,25,1,9,17,0,0,1,0,0,1,0,0,50,26,1,76,0
RGQORWTF,72,5,9,54,14,0,36,5,7,25,9,0,36,0,2,29,5,0,2,0,0,2,0,0,41,36,2,77,0
E9PHQBQ4,40,17,4,26,18,9,20,9,2,11,12,4,20,8,2,15,6,5,1,0,0,0,0,1,29,28,1,57,0
DK4ZEOQK,95,20,16,69,23,9,33,10,4,26,10,3,62,10,12,43,13,6,12,0,3,9,0,0,43,72,12,115,0
P9W6EYWB,47,4,5,36,2,9,5,0,0,5,0,0,42,4,5,31,2,9,4,0,0,4,0,0,5,46,4,51,0
OFSUFZEF,50,14,10,49,5,2,20,8,7,18,3,2,30,6,3,31,2,0,3,0,0,3,0,0,28,36,3,64,0
ZBVFNMDH,2,0,2,0,0,0,2,0,2,0,0,0,0,0,0,0,0,0,0,0,0,0,0,0,2,0,0,2,0
FR2EMP41,38,1,10,26,3,0,18,1,7,10,2,0,20,0,3,16,1,0,5,0,0,5,0,0,19,20,5,39,0
NNEW4SLS,22,4,12,14,0,0,3,4,3,4,0,0,19,0,9,10,0,0,5,0,4,1,0,0,7,19,5,26,0
IK5JXJZS,117,30,58,75,13,2,47,19,23,32,10,2,70,11,35,43,3,0,10,1,6,5,0,0,66,81,11,147,0
LN9ASQNE,18,2,2,17,1,1,9,2,2,8,1,1,9,0,0,9,0,0,0,0,0,0,0,0,11,9,0,20,0
NB8KR27Y,1,1,0,1,1,0,0,0,0,0,0,0,1,1,0,1,1,0,0,1,0,1,0,0,0,2,1,2,0
FNDPU5KZ,13,0,2,11,0,0,0,0,0,0,0,0,13,0,2,11,0,0,9,0,2,7,0,0,0,13,9,13,0
WRBZC7YB,26,1,12,10,4,3,12,0,5,7,0,1,14,1,7,3,4,2,4,0,3,1,0,0,12,15,4,27,0
9JTKC6JR,40,2,6,25,11,0,6,0,0,3,3,0,34,2,6,22,8,0,2,0,0,2,0,0,6,36,2,42,0
ZXHLDUJ5,53,0,6,42,5,0,22,0,2,16,4,0,31,0,4,26,1,0,2,0,0,2,0,0,22,31,2,53,0
JVZ9CFCA,74,20,11,50,11,23,44,12,7,25,6,18,30,8,4,25,5,5,2,0,0,2,0,0,56,38,2,94,0
PVTZ2FLB,38,5,4,37,2,0,15,4,4,15,0,0,23,1,0,22,2,0,8,0,0,8,0,0,19,24,8,43,0
1KQQRBBC,88,4,13,68,11,0,22,1,5,13,5,0,66,3,8,55,6,0,7,0,1,6,0,0,23,69,7,92,0
JSRPP5LX,103,8,37,62,10,2,47,8,19,25,9,2,56,0,18,37,1,0,1,0,0,1,0,0,55,56,1,111,0
SMFSSJ8G,4,0,2,1,1,0,2,0,2,0,0,0,2,0,0,1,1,0,1,0,0,1,0,0,2,2,1,4,0
DKGLWFJH,114,2,49,67,0,0,37,1,16,22,0,0,77,1,33,45,0,0,9,0,5,4,0,0,38,78,9,116,0
7L4BKQN1,42,1,0,16,16,11,21,1,0,5,7,10,21,0,0,11,9,1,1,0,0,1,0,0,22,21,1,43,0
NJVZ4PVJ,43,6,14,27,8,3,21,2,9,12,2,2,22,4,5,15,6,1,6,1,0,5,2,0,23,26,7,49,0
YFBIF28C,113,6,9,89,21,0,57,3,3,42,15,0,56,3,6,47,6,0,2,0,0,2,0,0,60,59,2,119,0
LNTAKTJN,80,10,4,72,14,0,26,3,3,22,4,0,54,7,1,50,10,0,4,0,0,3,1,0,29,61,4,90,0
XKFUEO27,32,2,0,32,2,0,11,2,0,11,2,0,21,0,0,21,0,0,9,0,0,9,0,0,13,21,9,34,0
RLOWDKRE,15,9,0,24,0,0,7,3,0,10,0,0,8,6,0,14,0,0,0,0,0,0,0,0,10,14,0,24,0
KHJVQQKZ,31,2,4,25,4,1,13,2,4,8,3,1,18,0,0,17,1,0,0,0,0,0,0,0,15,18,0,33,0
YNBJBNXT,21,1,9,13,0,0,4,1,2,3,0,0,17,0,7,10,0,0,2,0,0,2,0,0,5,17,2,22,0
MDSSD3I9,13,2,0,10,5,0,9,1,0,6,4,0,4,1,0,4,1,0,0,1,0,1,0,0,10,5,1,15,0
G3N3QGKA,3,0,1,2,0,0,3,0,1,2,0,0,0,0,0,0,0,0,0,0,0,0,0,0,3,0,0,3,0
ER6TXC6G,28,2,5,20,2,3,5,2,2,5,0,0,23,0,3,15,2,3,4,0,1,3,0,0,7,23,4,30,0
HZHXJKQ7,36,0,7,27,0,0,18,0,2,16,0,0,18,0,5,11,0,0,8,0,2,5,0,0,18,18,8,36,0
JPPZHB4V,13,2,10,5,0,0,4,0,2,2,0,0,9,2,8,3,0,0,4,0,4,0,0,0,4,11,4,15,0
KWRYXZDC,22,2,9,15,0,0,18,2,6,14,0,0,4,0,3,1,0,0,1,0,1,0,0,0,20,4,1,24,0
MT1NTL5F,7,1,0,7,1,0,3,0,0,3,0,0,4,1,0,4,1,0,0,0,0,0,0,0,3,5,0,8,0
GHOSPSQ2,50,1,12,37,2,2,26,0,8,16,2,2,24,1,4,21,0,0,3,0,2,1,0,0,26,25,3,51,0
6INOZ2KB,51,5,3,42,8,3,24,0,0,18,3,3,27,5,3,24,5,0,2,0,0,2,0,0,24,32,2,56,0
HDDFJ4FK,5,0,1,4,0,0,0,0,0,0,0,0,5,0,1,4,0,0,2,0,1,1,0,0,0,5,2,5,0
SK6KNK4Y,39,5,5,38,1,0,10,2,2,10,0,0,29,3,3,28,1,0,5,0,0,5,0,0,12,32,5,44,0
LVYM9RNM,3,0,1,1,1,0,3,0,1,1,1,0,0,0,0,0,0,0,0,0,0,0,0,0,3,0,0,3,0
NHGE9D2G,4,4,2,5,1,0,1,4,1,4,0,0,3,0,1,1,1,0,2,0,1,0,1,0,5,3,2,8,0
TSRMCCXJ,1,0,0,1,0,0,1,0,0,1,0,0,0,0,0,0,0,0,0,0,0,0,0,0,1,0,0,1,0
8IVF8YH2,127,4,44,81,6,6,30,3,11,21,1,3,97,1,33,60,5,3,33,1,12,18,4,3,33,98,34,131,0
6BWKZ9ZO,2,2,0,3,1,0,0,0,0,0,0,0,2,2,0,3,1,0,0,1,0,1,0,0,0,4,1,4,0
FXRHTKFT,34,3,5,32,0,0,12,3,2,13,0,0,22,0,3,19,0,0,6,0,2,4,0,0,15,22,6,37,0
XXXBEKGF,5,0,1,4,0,0,3,0,0,3,0,0,2,0,1,1,0,0,2,0,1,1,0,0,3,2,2,5,0
ARB7QRDM,49,4,11,37,5,0,16,0,6,10,0,0,33,4,5,27,5,0,2,0,0,2,0,0,16,37,2,53,0
ZBWENML4,10,0,0,10,0,0,0,0,0,0,0,0,10,0,0,10,0,0,1,0,0,1,0,0,0,10,1,10,0
RAKFKRIL,2,0,1,1,0,0,0,0,0,0,0,0,2,0,1,1,0,0,0,0,0,0,0,0,0,2,0,2,0
I7XXMRAL,5,0,0,5,0,0,1,0,0,1,0,0,4,0,0,4,0,0,1,0,0,1,0,0,1,4,1,5,0
QBSPXIFT,15,0,1,13,1,0,5,0,1,3,1,0,10,0,0,10,0,0,4,0,0,4,0,0,5,10,4,15,0
VP9ZROQ1,35,1,2,29,5,0,12,1,1,11,1,0,23,0,1,18,4,0,1,0,0,1,0,0,13,23,1,36,0
WMW4OMZN,18,5,4,16,3,0,2,0,1,1,0,0,16,5,3,15,3,0,0,0,0,0,0,0,2,21,0,23,0
AHKFCVMP,21,1,3,16,1,2,10,1,2,8,1,0,11,0,1,8,0,2,0,0,0,0,0,0,11,11,0,22,0
YVOLLKGV,40,0,8,32,0,0,14,0,2,12,0,0,26,0,6,20,0,0,0,0,0,0,0,0,14,26,0,40,0
VCTNHYYO,27,1,10,18,0,0,7,0,1,6,0,0,20,1,9,12,0,0,0,0,0,0,0,0,7,21,0,28,0
KBZYFLTQ,8,0,1,7,0,0,3,0,1,2,0,0,5,0,0,5,0,0,1,0,0,1,0,0,3,5,1,8,0
AHKFPSLW,71,13,10,67,7,0,31,9,3,35,2,0,40,4,7,32,5,0,9,0,1,8,0,0,40,44,9,84,0
XTHIFKM6,9,1,3,7,0,0,5,1,3,3,0,0,4,0,0,4,0,0,0,0,0,0,0,0,6,4,0,10,0
C7MTUXGQ,21,4,9,14,2,2,6,3,2,7,0,0,15,1,7,7,2,2,2,0,1,0,1,1,9,16,2,25,0
KE9LJIOI,18,3,2,19,0,0,7,1,0,8,0,0,11,2,2,11,0,0,5,0,0,5,0,0,8,13,5,21,0
IGJZ5HIW,58,1,13,46,0,0,12,1,2,11,0,0,46,0,11,35,0,0,11,0,3,8,0,0,13,46,11,59,0
YZFORFZI,24,1,5,20,0,0,10,1,2,9,0,0,14,0,3,11,0,0,2,0,0,2,0,0,11,14,2,25,0
VL5N5FEZ,43,3,9,37,0,0,8,1,2,7,0,0,35,2,7,30,0,0,5,0,1,4,0,0,9,37,5,46,0
GAJA3MFG,47,5,13,36,1,2,20,5,4,18,1,2,27,0,9,18,0,0,1,0,1,0,0,0,25,27,1,52,0
IMDLSTA5,13,0,5,7,1,0,4,0,1,3,0,0,9,0,4,4,1,0,2,0,1,1,0,0,4,9,2,13,0
SMVAOCMS,74,34,7,62,36,3,57,27,5,51,26,2,17,7,2,11,10,1,7,0,0,5,2,0,84,24,7,108,0
ZQAQ5UNC,85,8,12,77,4,0,42,2,3,37,4,0,43,6,9,40,0,0,6,1,0,7,0,0,44,49,7,93,0
MOD9UEEX,8,0,4,4,0,0,2,0,0,2,0,0,6,0,4,2,0,0,1,0,0,1,0,0,2,6,1,8,0
D1RDYLLS,96,18,19,84,11,0,38,12,7,36,7,0,58,6,12,48,4,0,16,0,1,14,1,0,50,64,16,114,0
IHBIXOB3,41,6,12,25,3,8,20,4,10,10,1,4,21,2,2,15,2,4,7,1,0,4,0,4,24,23,8,47,0
NXHL5H4G,44,1,18,24,3,2,8,1,1,8,0,1,36,0,17,16,3,1,1,0,0,1,0,0,9,36,1,45,0
IPME6I3Y,1,1,0,2,0,0,0,0,0,0,0,0,1,1,0,2,0,0,1,0,0,1,0,0,0,2,1,2,0
XGFWDIBT,12,0,3,3,0,6,5,0,1,0,0,4,7,0,2,3,0,2,0,0,0,0,0,0,5,7,0,12,0
DCA7SFKN,6,0,1,4,1,0,5,0,1,3,1,0,1,0,0,1,0,0,0,0,0,0,0,0,5,1,0,6,0
RTDYOCFY,74,3,20,56,1,0,16,1,7,10,0,0,58,2,13,46,1,0,11,0,0,10,1,0,17,60,11,77,0
UUXKOJP1,139,15,37,99,18,0,39,6,14,29,2,0,100,9,23,70,16,0,14,1,3,11,1,0,45,109,15,154,0
ODJSBTRG,34,2,3,16,13,4,16,2,2,7,6,3,18,0,1,9,7,1,1,0,0,1,0,0,18,18,1,36,0
WRDB83QN,11,1,0,11,1,0,2,0,0,1,1,0,9,1,0,10,0,0,0,0,0,0,0,0,2,10,0,12,0
XHZBMBIA,62,0,21,33,2,3,26,0,6,14,2,2,36,0,15,19,0,1,5,0,1,4,0,0,26,36,5,62,0
YAYWCNVP,4,0,0,4,0,0,0,0,0,0,0,0,4,0,0,4,0,0,3,0,0,3,0,0,0,4,3,4,0
GEHX3FB5,18,5,3,6,1,13,5,2,1,3,0,3,13,3,2,3,1,10,8,1,0,1,1,7,7,16,9,23,0
LFNA2NF9,25,0,8,17,0,0,6,0,2,4,0,0,19,0,6,13,0,0,6,0,3,3,0,0,6,19,6,25,0
UOVEEWYZ,16,2,2,15,1,0,9,2,1,9,1,0,7,0,1,6,0,0,2,0,1,1,0,0,11,7,2,18,0
RIDCSHBG,89,23,43,53,16,0,63,23,33,37,16,0,26,0,10,16,0,0,8,0,2,6,0,0,86,26,8,112,0
RUNHVGFL,32,4,1,33,1,1,9,1,0,10,0,0,23,3,1,23,1,1,2,1,0,2,0,1,10,26,3,36,0
L63QMD6M,40,3,7,35,1,0,17,3,6,14,0,0,23,0,1,21,1,0,3,0,0,3,0,0,20,23,3,43,0
D93XHYZS,9,3,2,7,3,0,5,2,2,3,2,0,4,1,0,4,1,0,1,0,0,0,1,0,7,5,1,12,0
ER17IKHB,136,12,23,95,20,10,48,3,11,34,6,0,88,9,12,61,14,10,19,3,2,16,3,1,51,97,22,148,0
M2I34OET,34,0,10,24,0,0,5,0,1,4,0,0,29,0,9,20,0,0,4,0,1,3,0,0,5,29,4,34,0
XJF15DHS,14,8,6,16,0,0,5,2,1,6,0,0,9,6,5,10,0,0,5,0,0,5,0,0,7,15,5,22,0
8WROD8L2,10,4,0,10,4,0,4,2,0,3,3,0,6,2,0,7,1,0,5,0,0,4,1,0,6,8,5,14,0
EYTHQWE7,18,0,3,10,5,0,9,0,2,5,2,0,9,0,1,5,3,0,0,0,0,0,0,0,9,9,0,18,0
HFA9GN6Z,20,0,3,17,0,0,10,0,1,9,0,0,10,0,2,8,0,0,1,0,0,1,0,0,10,10,1,20,0
UXRPTF6W,33,0,5,27,1,0,3,0,0,3,0,0,30,0,5,24,1,0,4,0,0,4,0,0,3,30,4,33,0
PK2IM6XT,23,5,7,14,7,2,4,3,1,5,1,0,19,2,6,9,6,2,3,0,0,2,1,0,7,21,3,28,0
FODCRJIR,1,0,0,1,0,0,0,0,0,0,0,0,1,0,0,1,0,0,1,0,0,1,0,0,0,1,1,1,0
PLXKVSFX,22,4,2,21,3,0,4,4,1,7,0,0,18,0,1,14,3,0,2,0,0,2,0,0,8,18,2,26,0
HJV748EC,21,2,8,13,2,0,9,0,2,6,1,0,12,2,6,7,1,0,2,0,0,1,1,0,9,14,2,23,0
DRD6CBGJ,64,5,14,54,1,2,20,0,7,13,0,2,44,5,7,41,1,0,12,0,1,11,0,0,20,49,12,69,0
FXRLBLBP,10,0,2,8,0,0,2,0,2,0,0,0,8,0,0,8,0,0,2,0,0,2,0,0,2,8,2,10,0
ZKA7NSGZ,78,6,15,64,5,0,30,1,11,19,1,0,48,5,4,45,4,0,5,0,1,4,0,0,31,53,5,84,0
TT2FT6ZT,10,0,1,9,0,0,6,0,1,5,0,0,4,0,0,4,0,0,0,0,0,0,0,0,6,4,0,10,0
SUAVQU4T,75,14,38,45,6,3,38,12,21,24,5,3,37,2,17,21,1,0,4,0,4,0,0,0,50,39,4,89,0
2GE6JWLY,61,12,14,57,2,0,19,8,10,16,1,0,42,4,4,41,1,0,17,1,1,17,0,0,27,46,18,73,0
X6KREQVR,27,0,7,20,0,0,8,0,3,5,0,0,19,0,4,15,0,0,3,0,2,1,0,0,8,19,3,27,0
DN5GVJ7R,51,0,16,34,1,1,22,0,8,14,0,0,29,0,8,20,1,1,9,0,1,7,1,0,22,29,9,51,0
ODRMDZBX,15,2,2,15,0,0,10,0,2,8,0,0,5,2,0,7,0,0,0,0,0,0,0,0,10,7,0,17,0
G493YQCX,12,0,5,7,0,0,3,0,1,2,0,0,9,0,4,5,0,0,0,0,0,0,0,0,3,9,0,12,0
DAHB2GID,79,3,42,37,3,3,18,0,5,11,2,0,61,3,37,26,1,3,5,0,3,2,0,0,18,64,5,82,0
GGDXSLRZ,5,1,2,4,0,0,0,1,0,1,0,0,5,0,2,3,0,0,1,0,1,0,0,0,1,5,1,6,0
VESTFQEE,1,0,1,0,0,0,0,0,0,0,0,0,1,0,1,0,0,0,0,0,0,0,0,0,0,1,0,1,0
WB8PED3X,4,1,1,4,0,0,1,0,0,1,0,0,3,1,1,3,0,0,0,0,0,0,0,0,1,4,0,5,0
ROGAZEWS,8,0,5,3,0,0,0,0,0,0,0,0,8,0,5,3,0,0,0,0,0,0,0,0,0,8,0,8,0
ZMIJBHUB,37,11,5,39,4,0,14,4,1,16,1,0,23,7,4,23,3,0,3,0,0,3,0,0,18,30,3,48,0
VANIEOKY,108,2,10,81,15,4,50,1,7,37,7,0,58,1,3,44,8,4,2,0,0,2,0,0,51,59,2,110,0
P9ZYQWVQ,18,2,2,14,2,2,3,0,0,3,0,0,15,2,2,11,2,2,1,0,0,0,1,0,3,17,1,20,0
PUCM21KU,19,9,1,23,4,0,9,2,0,11,0,0,10,7,1,12,4,0,1,0,0,0,1,0,11,17,1,28,0
GAKLMAY4,27,8,7,23,5,0,10,1,5,6,0,0,17,7,2,17,5,0,0,0,0,0,0,0,11,24,0,35,0
YDZPRIAL,39,4,9,28,6,0,25,4,8,16,5,0,14,0,1,12,1,0,2,0,0,2,0,0,29,14,2,43,0
6MVV9ISD,17,0,2,14,1,0,5,0,0,4,1,0,12,0,2,10,0,0,1,0,0,1,0,0,5,12,1,17,0
D5ZXEQ2V,12,0,3,9,0,0,3,0,1,2,0,0,9,0,2,7,0,0,2,0,1,1,0,0,3,9,2,12,0
QBHQWIJM,118,26,24,108,12,0,55,11,13,47,6,0,63,15,11,61,6,0,6,3,3,6,0,0,66,78,9,144,0
LDAFUHHG,11,4,4,11,0,0,4,2,1,5,0,0,7,2,3,6,0,0,1,0,1,0,0,0,6,9,1,15,0
YZKJ3KRG,46,1,2,45,0,0,16,1,1,16,0,0,30,0,1,29,0,0,5,0,0,5,0,0,17,30,5,47,0
3STZX1DL,48,20,7,43,12,6,20,9,7,16,5,1,28,11,0,27,7,5,3,0,0,3,0,0,29,39,3,68,0
5RXQLEBW,7,0,0,7,0,0,3,0,0,3,0,0,4,0,0,4,0,0,0,0,0,0,0,0,3,4,0,7,0
PDXMBJXB,134,46,13,75,71,23,59,24,7,30,37,9,75,22,6,45,34,14,3,2,0,4,1,0,83,97,5,180,0
NCJVLAUH,17,1,6,12,0,0,2,0,1,1,0,0,15,1,5,11,0,0,3,0,1,2,0,0,2,16,3,18,0
E8ZYBQTL,81,4,36,49,0,2,23,2,14,11,0,1,58,2,22,38,0,1,13,1,7,7,0,0,25,60,14,85,0
MJIUNZTW,33,0,13,19,0,1,9,0,2,7,0,1,24,0,11,12,0,0,1,0,0,1,0,0,9,24,1,33,0
IUAZPWJP,39,0,9,30,0,0,5,0,1,4,0,0,34,0,8,26,0,0,2,0,1,1,0,0,5,34,2,39,0
3AHYXYNX,4,0,1,3,0,0,4,0,1,3,0,0,0,0,0,0,0,0,0,0,0,0,0,0,4,0,0,4,0
OMJ8YCTF,56,8,15,45,4,0,21,5,8,15,3,0,35,3,7,30,1,0,5,0,1,4,0,0,26,38,5,64,0
B5PAH27Q,10,0,0,3,2,5,2,0,0,2,0,0,8,0,0,1,2,5,0,0,0,0,0,0,2,8,0,10,0
N2FTBYOV,16,0,1,15,0,0,6,0,1,5,0,0,10,0,0,10,0,0,3,0,0,3,0,0,6,10,3,16,0
LO9JCVE8,29,4,10,23,0,1,10,4,4,10,0,1,19,0,6,13,0,0,6,0,4,2,0,0,14,19,6,33,0
NNHZRAJQ,30,2,1,16,15,0,15,2,0,9,8,0,15,0,1,7,7,0,0,0,0,0,0,0,17,15,0,32,0
KFE3TJUH,92,17,6,53,33,17,34,7,2,19,13,7,58,10,4,34,20,10,2,0,0,2,0,0,41,68,2,109,0
YYW6DDG2,26,1,4,23,0,0,7,1,3,5,0,0,19,0,1,18,0,0,2,0,0,2,0,0,8,19,2,27,0
XKO8HVVY,16,2,2,16,0,0,2,2,1,3,0,0,14,0,1,13,0,0,4,0,1,3,0,0,4,14,4,18,0
PYJWUM4H,27,0,1,24,2,0,6,0,0,5,1,0,21,0,1,19,1,0,4,0,0,4,0,0,6,21,4,27,0
BHKLVSPV,42,5,9,38,0,0,12,2,4,10,0,0,30,3,5,28,0,0,4,0,0,4,0,0,14,33,4,47,0
LRZDLOWI,1,2,0,2,0,1,0,2,0,1,0,1,1,0,0,1,0,0,0,0,0,0,0,0,2,1,0,3,0
U3IKCQK6,5,1,0,3,3,0,2,1,0,1,2,0,3,0,0,2,1,0,3,0,0,2,1,0,3,3,3,6,0
HXUV4VC2,7,3,1,2,7,0,2,1,0,1,2,0,5,2,1,1,5,0,2,0,0,0,2,0,3,7,2,10,0
YYZHSXVW,25,4,1,24,4,0,15,3,0,16,2,0,10,1,1,8,2,0,4,0,0,4,0,0,18,11,4,29,0
4DBCPUSN,22,2,11,10,3,5,5,0,2,2,1,1,17,2,9,8,2,4,4,0,3,0,1,0,5,19,4,24,0
IADLAI6T,47,19,4,46,10,6,24,7,2,27,2,0,23,12,2,19,8,6,1,1,0,1,0,1,31,35,2,66,0
STLIS9Q3,21,3,1,18,5,0,7,1,0,7,1,0,14,2,1,11,4,0,2,0,0,2,0,0,8,16,2,24,0
BQXMELXD,8,4,0,9,1,2,2,2,0,4,0,0,6,2,0,5,1,2,0,0,0,0,0,0,4,8,0,12,0
K2R9DLLF,32,3,3,30,2,0,8,2,0,9,1,0,24,1,3,21,1,0,5,0,0,5,0,0,10,25,5,35,0
3JICXEDJ,34,3,15,21,1,0,7,3,1,9,0,0,27,0,14,12,1,0,7,0,3,4,0,0,10,27,7,37,0
G4GUQCEE,3,0,1,2,0,0,0,0,0,0,0,0,3,0,1,2,0,0,0,0,0,0,0,0,0,3,0,3,0
HGWQHSFQ,91,0,10,80,1,0,30,0,6,23,1,0,61,0,4,57,0,0,13,0,2,11,0,0,30,61,13,91,0
X8QWCSQY,31,3,5,26,3,0,9,3,0,11,1,0,22,0,5,15,2,0,2,0,0,2,0,0,12,22,2,34,0
LW8FQMHJ,60,2,29,31,2,1,14,1,6,9,0,0,46,1,23,22,2,1,12,1,6,6,1,0,15,47,13,62,0
4UOGESUK,9,0,0,9,0,0,2,0,0,2,0,0,7,0,0,7,0,0,2,0,0,2,0,0,2,7,2,9,0
Q6CBZYSW,67,3,14,50,5,1,17,1,3,14,1,0,50,2,11,36,4,1,3,0,0,3,0,0,18,52,3,70,0
VJNGYHG1,21,2,3,19,1,0,6,2,1,7,0,0,15,0,2,12,1,0,0,0,0,0,0,0,8,15,0,23,0
QPNJGTHH,4,1,2,2,1,0,3,0,2,1,0,0,1,1,0,1,1,0,0,0,0,0,0,0,3,2,0,5,0
JRJWNX6E,27,0,5,22,0,0,10,0,2,8,0,0,17,0,3,14,0,0,4,0,2,2,0,0,10,17,4,27,0
8OFCYGJG,21,8,11,18,0,1,7,8,8,7,0,1,14,0,3,11,0,0,3,0,1,2,0,0,15,14,3,29,0
BI6FIKRQ,104,8,28,55,28,5,70,1,22,31,17,5,34,7,6,24,11,0,0,0,0,0,0,0,71,41,0,112,0
ZP8WB9LB,44,14,23,30,2,5,25,12,11,22,1,4,19,2,12,8,1,1,4,0,1,2,1,0,37,21,4,58,0
BQB3MRIL,6,10,3,8,5,0,2,0,0,2,0,0,4,10,3,6,5,0,0,0,0,0,0,0,2,14,0,16,0
DNERJII1,6,5,0,9,0,2,1,1,0,2,0,0,5,4,0,7,0,2,1,4,0,4,0,1,2,9,5,11,0
4V5Y7WJR,3,0,0,3,0,0,3,0,0,3,0,0,0,0,0,0,0,0,0,0,0,0,0,0,3,0,0,3,0
HZLIS1VE,13,0,2,10,1,0,7,0,1,6,0,0,6,0,1,4,1,0,4,0,1,3,0,0,7,6,4,13,0
F9JBWF7D,25,4,3,11,9,6,19,3,1,8,7,6,6,1,2,3,2,0,4,1,1,2,2,0,22,7,5,29,0
ILSVWRJU,8,2,3,4,1,3,8,2,3,4,1,3,0,0,0,0,0,0,0,0,0,0,0,0,10,0,0,10,0
WWADB2V4,9,1,0,9,1,0,6,0,0,6,0,0,3,1,0,3,1,0,1,0,0,1,0,0,6,4,1,10,0
HU6HYWOG,26,2,11,17,0,0,6,1,3,4,0,0,20,1,8,13,0,0,4,0,2,2,0,0,7,21,4,28,0
X1QA8PUG,9,1,0,8,2,0,5,1,0,5,1,0,4,0,0,3,1,0,1,0,0,1,0,0,6,4,1,10,0
WNPDHRJ6,112,8,18,88,13,3,27,1,3,21,4,0,85,7,15,67,9,3,4,0,2,2,0,0,28,92,4,120,0
ZGP5CUPJ,17,2,1,17,1,0,3,1,0,4,0,0,14,1,1,13,1,0,3,0,0,2,1,0,4,15,3,19,0
ACFOFKOV,18,4,3,14,4,2,5,4,0,4,4,1,13,0,3,10,0,1,6,0,1,5,0,1,9,13,6,22,0
1RPUEJSE,19,8,4,19,4,0,8,7,3,11,1,0,11,1,1,8,3,0,1,0,1,0,0,0,15,12,1,27,0
WUOHWHBI,31,2,2,29,2,0,7,0,1,5,1,0,24,2,1,24,1,0,5,0,0,4,1,0,7,26,5,33,0
VTACDWDR,96,8,29,69,4,3,32,2,7,26,1,0,64,6,22,43,3,3,15,2,4,11,1,2,34,70,17,104,0
9YCCJL55,2,0,0,2,0,0,2,0,0,2,0,0,0,0,0,0,0,0,0,0,0,0,0,0,2,0,0,2,0
OEYYUYBK,17,0,5,11,1,0,6,0,1,4,1,0,11,0,4,7,0,0,3,0,0,3,0,0,6,11,3,17,0
CEKTVDOX,2,3,1,4,0,0,1,3,1,3,0,0,1,0,0,1,0,0,1,0,0,1,0,0,4,1,1,5,0
SG6WKSSE,34,17,11,36,4,1,18,13,7,22,2,1,16,4,4,14,2,0,6,0,1,3,2,0,31,20,6,51,0
HNPMBKBI,43,1,15,29,0,0,6,0,3,3,0,0,37,1,12,26,0,0,4,0,0,4,0,0,6,38,4,44,0
WAWQTS9W,1,1,1,0,1,0,1,0,1,0,0,0,0,1,0,0,1,0,0,0,0,0,0,0,1,1,0,2,0
OIOZ3L7R,4,0,0,4,0,0,0,0,0,0,0,0,4,0,0,4,0,0,2,0,0,2,0,0,0,4,2,4,0
XQG4QVZT,77,5,28,53,1,0,24,5,10,19,0,0,53,0,18,34,1,0,9,0,4,5,0,0,29,53,9,82,0
TZ8SXCAK,44,0,7,33,4,0,15,0,4,10,1,0,29,0,3,23,3,0,3,0,0,3,0,0,15,29,3,44,0
NFCZ7USM,31,9,2,34,4,1,23,9,2,26,4,1,8,0,0,8,0,0,0,0,0,0,0,0,32,8,0,40,0
LGHYKBGX,18,1,1,14,4,0,6,0,0,2,4,0,12,1,1,12,0,0,4,0,1,3,0,0,6,13,4,19,0
GOZUIDIA,7,1,0,6,2,0,2,1,0,2,1,0,5,0,0,4,1,0,0,0,0,0,0,0,3,5,0,8,0
WI9E84PN,2,0,0,2,0,0,2,0,0,2,0,0,0,0,0,0,0,0,0,0,0,0,0,0,2,0,0,2,0
TFTZ1J9X,3,0,0,2,0,1,0,0,0,0,0,0,3,0,0,2,0,1,1,0,0,1,0,0,0,3,1,3,0
GLPI9UHV,8,0,0,5,3,0,2,0,0,2,0,0,6,0,0,3,3,0,0,0,0,0,0,0,2,6,0,8,0
FJ1TGBLK,10,0,1,6,1,2,4,0,1,1,0,2,6,0,0,5,1,0,1,0,0,1,0,0,4,6,1,10,0
MUZAFANH,0,1,0,0,1,0,0,0,0,0,0,0,0,1,0,0,1,0,0,1,0,0,1,0,0,1,1,1,0
8GTNRXJD,191,26,19,169,29,0,98,14,15,77,20,0,93,12,4,92,9,0,7,0,2,5,0,0,112,105,7,217,0
JFALXDZM,23,0,5,18,0,0,6,0,3,3,0,0,17,0,2,15,0,0,3,0,0,3,0,0,6,17,3,23,0
GL3GWW1C,27,2,2,27,0,2,11,0,2,9,0,2,16,2,0,18,0,0,0,2,0,2,0,0,11,18,2,29,0
TMDBTDQQ,22,0,9,13,0,0,10,0,6,4,0,0,12,0,3,9,0,0,1,0,0,1,0,0,10,12,1,22,0
EWEKJYZZ,56,22,7,39,22,11,34,16,4,21,16,10,22,6,3,18,6,1,3,0,0,3,0,0,50,28,3,78,0
W5NZOEHS,12,0,3,6,0,3,2,0,0,2,0,0,10,0,3,4,0,3,4,0,0,1,0,3,2,10,4,12,0
IFJI5BEN,22,2,5,14,5,1,14,0,3,10,1,1,8,2,2,4,4,0,1,0,0,0,1,0,14,10,1,24,0
PYQUZKHV,20,4,2,11,1,10,9,0,0,4,1,4,11,4,2,7,0,6,2,1,1,0,0,2,9,15,3,24,0
AGIFLVYQ,20,3,2,19,2,0,7,2,0,9,0,0,13,1,2,10,2,0,4,0,0,4,0,0,9,14,4,23,0
PVDGZVCZ,35,5,3,16,5,16,12,5,0,2,3,12,23,0,3,14,2,4,0,0,0,0,0,0,17,23,0,40,0
G2WDCP4P,51,4,3,45,1,6,6,0,1,5,0,0,45,4,2,40,1,6,12,4,0,9,1,6,6,49,16,55,0
CJRDJHIC,21,6,0,17,4,5,13,5,0,8,4,5,8,1,0,9,0,0,2,0,0,2,0,0,18,9,2,27,0
JC8HQORD,27,0,7,20,0,1,9,0,3,6,0,1,18,0,4,14,0,0,1,0,0,1,0,0,9,18,1,27,0
SCPRSOWJ,34,0,8,26,0,0,4,0,1,3,0,0,30,0,7,23,0,0,8,0,2,6,0,0,4,30,8,34,0
G4TKU3WD,0,1,0,1,0,0,0,1,0,1,0,0,0,0,0,0,0,0,0,0,0,0,0,0,1,0,0,1,0
IE5MMBZW,43,4,14,33,0,0,6,2,1,7,0,0,37,2,13,26,0,0,7,0,3,4,0,0,8,39,7,47,0
XEPM5NLA,43,11,13,40,1,2,31,7,7,30,1,0,12,4,6,10,0,2,0,0,0,0,0,0,38,16,0,54,0
UZFGHF6Z,62,20,22,59,0,1,10,5,6,9,0,1,52,15,16,50,0,0,10,2,2,9,0,0,15,67,12,82,0
ZJCBYMZ1,21,0,3,15,1,2,2,0,1,1,0,0,19,0,2,14,1,2,2,0,0,2,0,0,2,19,2,21,0
DF75FB8B,80,21,6,54,29,12,49,18,5,28,22,12,31,3,1,26,7,0,1,1,0,1,1,0,67,34,2,101,0
G7F3LAVZ,9,1,1,9,0,0,1,1,0,2,0,0,8,0,1,7,0,0,0,0,0,0,0,0,2,8,0,10,0
VWAMX2VJ,18,1,3,16,0,0,4,1,1,4,0,0,14,0,2,12,0,0,3,0,0,3,0,0,5,14,3,19,0
4P1VLSVN,11,0,4,7,0,0,7,0,2,5,0,0,4,0,2,2,0,0,1,0,1,0,0,0,7,4,1,11,0
U1V4Y9TL,54,7,7,53,1,0,28,5,4,29,0,0,26,2,3,24,1,0,4,0,1,3,0,0,33,28,4,61,0
M7XB5MKE,25,3,7,19,2,0,11,0,3,7,1,0,14,3,4,12,1,0,6,0,0,6,0,0,11,17,6,28,0
UKG97UVG,26,9,19,12,2,4,10,1,6,4,0,0,16,8,13,8,2,4,3,3,4,1,1,2,11,24,6,35,0
YVKNLZZH,2,1,2,0,0,1,2,1,2,0,0,1,0,0,0,0,0,0,0,0,0,0,0,0,3,0,0,3,0
IYDWEDXR,8,1,2,5,2,0,6,1,1,4,2,0,2,0,1,1,0,0,1,0,1,0,0,0,7,2,1,9,0
KLLEHWTY,4,0,1,2,1,0,4,0,1,2,1,0,0,0,0,0,0,0,0,0,0,0,0,0,4,0,0,4,0
3DYMXKQC,8,1,2,7,0,0,1,1,1,1,0,0,7,0,1,6,0,0,1,0,1,0,0,0,2,7,1,9,0
QIQQDPEM,9,0,2,5,2,0,6,0,1,5,0,0,3,0,1,0,2,0,0,0,0,0,0,0,6,3,0,9,1
O2SSDJFG,18,2,3,14,3,0,3,0,0,3,0,0,15,2,3,11,3,0,2,0,0,1,1,0,3,17,2,20,0
ZCWQAGIG,14,0,1,13,0,0,5,0,1,4,0,0,9,0,0,9,0,0,2,0,0,2,0,0,5,9,2,14,0
RTCAQCTT,5,0,0,5,0,0,0,0,0,0,0,0,5,0,0,5,0,0,1,0,0,1,0,0,0,5,1,5,0
2FJCXVQJ,31,1,2,22,7,1,6,0,0,5,1,0,25,1,2,17,6,1,9,0,0,8,1,0,6,26,9,32,0
YRZNYAYD,9,3,2,10,0,0,3,0,0,3,0,0,6,3,2,7,0,0,2,0,1,1,0,0,3,9,2,12,0
LBASHLUZ,12,11,5,18,0,0,5,6,2,9,0,0,7,5,3,9,0,0,1,0,1,0,0,0,11,12,1,23,0
TMFNVFMH,18,1,0,14,5,0,3,1,0,3,1,0,15,0,0,11,4,0,1,0,0,0,1,0,4,15,1,19,0
KUNGMXAB,9,0,1,8,0,0,3,0,1,2,0,0,6,0,0,6,0,0,0,0,0,0,0,0,3,6,0,9,0
AF9GJ4ZY,10,1,0,9,2,0,3,1,0,4,0,0,7,0,0,5,2,0,0,0,0,0,0,0,4,7,0,11,0
8RZUP1PQ,9,1,2,8,0,0,3,0,0,3,0,0,6,1,2,5,0,0,0,0,0,0,0,0,3,7,0,10,0
E2A1OP9R,9,1,4,6,0,1,1,0,0,1,0,0,8,1,4,5,0,1,4,0,1,3,0,1,1,9,4,10,0
EUJ3XEOP,31,8,3,25,10,1,13,1,0,8,6,0,18,7,3,17,4,1,4,0,1,3,0,0,14,25,4,39,0
26YT8CVF,55,12,24,43,0,2,20,9,10,19,0,0,35,3,14,24,0,2,5,0,0,5,0,0,29,38,5,67,0
IXTNL58T,12,7,0,14,5,0,6,3,0,9,0,0,6,4,0,5,5,0,1,0,0,1,0,0,9,10,1,19,0
BVSTKRME,17,2,3,15,1,0,10,2,3,8,1,0,7,0,0,7,0,0,1,0,0,1,0,0,12,7,1,19,0
N81F7YCG,29,0,8,21,0,0,5,0,1,4,0,0,24,0,7,17,0,0,4,0,1,3,0,0,5,24,4,29,0
W5MXHCST,7,19,3,19,4,0,4,9,1,10,2,0,3,10,2,9,2,0,1,1,0,2,0,0,13,13,2,26,0
AZQSSAGR,55,5,14,39,4,4,28,4,6,19,4,3,27,1,8,20,0,1,5,0,1,4,0,0,32,28,5,60,0
OSL9FB6A,2,0,0,1,1,0,1,0,0,1,0,0,1,0,0,0,1,0,0,0,0,0,0,0,1,1,0,2,0
HHDXC9QQ,1,0,0,1,0,0,0,0,0,0,0,0,1,0,0,1,0,0,0,0,0,0,0,0,0,1,0,1,0
TZKKXLBO,12,0,1,11,0,0,4,0,1,3,0,0,8,0,0,8,0,0,0,0,0,0,0,0,4,8,0,12,0
ZVJPRYAK,32,2,21,13,0,1,8,2,5,5,0,1,24,0,16,8,0,0,4,0,3,1,0,0,10,24,4,34,0
ZFQXL2IL,101,36,62,71,1,16,43,18,27,32,1,9,58,18,35,39,0,7,8,3,7,3,0,0,61,76,11,137,0
WTOOIM5F,13,0,3,9,1,0,9,0,2,6,1,0,4,0,1,3,0,0,3,0,0,3,0,0,9,4,3,13,0
FF9UHCAS,106,19,21,102,2,0,43,15,11,46,1,0,63,4,10,56,1,0,2,0,0,2,0,0,58,67,2,125,0
ZBPMYWG9,99,12,14,87,10,1,36,4,5,29,6,0,63,8,9,58,4,1,14,0,2,12,0,0,40,71,14,111,0
9NMBULDO,68,29,14,79,4,0,18,16,5,29,0,0,50,13,9,50,4,0,11,2,0,13,0,0,34,63,13,97,0
XF5J5ZIF,48,10,13,43,1,1,15,6,5,15,1,0,33,4,8,28,0,1,7,0,2,4,0,1,21,37,7,58,0
JC72IDRV,72,16,25,53,9,5,34,16,17,27,6,4,38,0,8,26,3,1,10,0,5,5,0,0,50,38,10,88,0
4P1YWGDF,22,4,1,18,5,1,6,3,1,8,0,0,16,1,0,10,5,1,0,1,0,0,0,0,9,17,1,26,0
EAIMHFOJ,10,2,0,12,0,0,9,2,0,11,0,0,1,0,0,1,0,0,0,0,0,0,0,0,11,1,0,12,0
EGRUD1DO,86,21,30,66,9,2,24,9,5,27,1,0,62,12,25,39,8,2,10,2,7,5,0,0,33,74,12,107,0
4LDYKAB8,166,44,37,131,41,1,55,19,16,44,14,0,111,25,21,87,27,1,21,4,2,20,3,0,74,136,25,210,0
WVY3BRIV,3,4,0,4,3,0,3,4,0,4,3,0,0,0,0,0,0,0,0,0,0,0,0,0,7,0,0,7,0
SGN3PBIV,51,8,3,43,12,1,11,0,1,10,0,0,40,8,2,33,12,1,0,0,0,0,0,0,11,48,0,59,0
ZGRUMIOM,23,0,9,13,1,1,10,0,3,7,0,0,13,0,6,6,1,1,3,0,2,0,1,0,10,13,3,23,0
XIB5VL81,204,56,54,189,17,0,64,24,18,60,10,0,140,32,36,129,7,0,42,11,10,41,2,0,88,172,53,260,0
SPZODLDW,15,0,5,9,1,0,7,0,2,4,1,0,8,0,3,5,0,0,0,0,0,0,0,0,7,8,0,15,0
SDEOFOO2,47,6,9,30,14,0,24,5,7,14,8,0,23,1,2,16,6,0,4,0,0,4,0,0,29,24,4,53,0
IZ8Y1BPX,64,2,10,52,2,2,19,0,3,15,1,0,45,2,7,37,1,2,8,0,0,8,0,0,19,47,8,66,0
PE2FML4G,9,0,2,4,3,0,5,0,0,3,2,0,4,0,2,1,1,0,2,0,1,0,1,0,5,4,2,9,0
RT2KECPK,44,1,14,30,1,1,9,0,2,7,0,1,35,1,12,23,1,0,10,0,3,7,0,0,9,36,10,45,0
QQLGKHLI,75,9,10,51,23,0,41,7,4,28,16,0,34,2,6,23,7,0,5,0,1,3,1,0,48,36,5,84,0
8NLCCBDU,97,12,10,78,18,2,29,6,5,24,6,1,68,6,5,54,12,1,17,1,0,15,3,0,35,74,18,109,0
DAWNAITY,8,0,2,6,0,0,4,0,1,3,0,0,4,0,1,3,0,0,1,0,0,1,0,0,4,4,1,8,0
UWBDVPMC,67,5,13,52,7,0,21,4,4,17,4,0,46,1,9,35,3,0,4,0,2,2,0,0,25,47,4,72,0
DRLZZ8FU,25,2,6,21,0,0,9,1,3,7,0,0,16,1,3,14,0,0,3,0,1,2,0,0,10,17,3,27,0
ZKC77JSY,12,1,1,12,0,0,5,1,1,5,0,0,7,0,0,7,0,0,1,0,0,1,0,0,6,7,1,13,0
1JO8WKQE,30,9,7,21,11,0,18,9,5,12,10,0,12,0,2,9,1,0,0,0,0,0,0,0,27,12,0,39,0
XGLL8LZZ,52,1,33,20,0,2,7,1,6,2,0,1,45,0,27,18,0,1,3,0,1,2,0,0,8,45,3,53,0
ZLUCAVWK,9,0,0,3,1,5,6,0,0,2,1,3,3,0,0,1,0,2,0,0,0,0,0,0,6,3,0,9,0
PWXMRA3H,219,29,84,140,24,2,78,16,30,56,8,2,141,13,54,84,16,0,23,2,8,14,3,0,94,154,25,248,0
CN62VDDX,79,0,26,53,0,1,7,0,4,3,0,0,72,0,22,50,0,1,14,0,4,10,0,0,7,72,14,79,0
GTIKIHQR,89,15,7,59,26,12,34,10,3,29,9,3,55,5,4,30,17,9,11,0,3,6,0,2,44,60,11,104,0
GRBZF7DL,26,5,2,24,5,0,5,1,0,6,0,0,21,4,2,18,5,0,3,0,0,3,0,0,6,25,3,31,0
ZZVZRICB,3,0,0,2,1,0,3,0,0,2,1,0,0,0,0,0,0,0,0,0,0,0,0,0,3,0,0,3,0
UCIXLEUE,20,1,5,16,0,0,6,0,1,5,0,0,14,1,4,11,0,0,1,0,1,0,0,0,6,15,1,21,0
LHJQDKLX,83,19,13,75,14,0,40,10,8,36,6,0,43,9,5,39,8,0,12,1,1,7,5,0,50,52,13,102,0
NNZSPA2M,47,1,11,37,0,0,13,0,2,11,0,0,34,1,9,26,0,0,7,0,1,6,0,0,13,35,7,48,0
SI6EYRRJ,23,1,0,23,1,0,13,1,0,14,0,0,10,0,0,9,1,0,1,0,0,1,0,0,14,10,1,24,0
EWVWYVFE,13,1,1,10,1,2,7,1,1,6,1,0,6,0,0,4,0,2,0,0,0,0,0,0,8,6,0,14,0
T7UOOO7W,22,2,2,14,6,2,7,1,0,4,2,2,15,1,2,10,4,0,0,0,0,0,0,0,8,16,0,24,0
T7FBUMKA,5,0,0,5,0,0,1,0,0,1,0,0,4,0,0,4,0,0,0,0,0,0,0,0,1,4,0,5,0
HDALC5XA,3,0,0,3,0,0,0,0,0,0,0,0,3,0,0,3,0,0,0,0,0,0,0,0,0,3,0,3,0
OI5H3HUH,0,1,0,1,0,0,0,1,0,1,0,0,0,0,0,0,0,0,0,0,0,0,0,0,1,0,0,1,0
AW8LUIG8,58,18,23,46,7,0,26,5,16,14,1,0,32,13,7,32,6,0,3,0,0,3,0,0,31,45,3,76,0
JJMMDRMZ,12,3,1,10,4,0,9,1,1,6,3,0,3,2,0,4,1,0,0,0,0,0,0,0,10,5,0,15,0
DPFHIPBR,11,4,4,11,0,0,5,0,0,5,0,0,6,4,4,6,0,0,1,0,0,1,0,0,5,10,1,15,0
RCLAIOIY,40,4,12,32,0,2,9,4,3,10,0,1,31,0,9,22,0,1,5,0,0,5,0,0,13,31,5,44,0
UCHLXCH2,46,0,16,29,1,0,11,0,5,5,1,0,35,0,11,24,0,0,5,0,2,3,0,0,11,35,5,46,0
KSUF9JAF,17,0,4,13,0,0,4,0,1,3,0,0,13,0,3,10,0,0,4,0,1,3,0,0,4,13,4,17,0
YST3NGGJ,32,7,6,33,0,0,9,4,3,10,0,0,23,3,3,23,0,0,3,1,0,4,0,0,13,26,4,39,0
LDS7D8NW,21,0,10,8,3,0,1,0,0,1,0,0,20,0,10,7,3,0,5,0,0,4,1,0,1,20,5,21,0
ABXEVZJN,10,1,1,8,2,0,9,0,1,6,2,0,1,1,0,2,0,0,0,1,0,1,0,0,9,2,1,11,0
1LTGKDNU,21,0,8,13,0,0,2,0,0,2,0,0,19,0,8,11,0,0,2,0,0,2,0,0,2,19,2,21,0
MFFK7GXR,3,0,0,3,0,0,1,0,0,1,0,0,2,0,0,2,0,0,0,0,0,0,0,0,1,2,0,3,0
IRIYDDU8,27,3,1,25,4,0,11,0,1,9,1,0,16,3,0,16,3,0,2,0,0,2,0,0,11,19,2,30,0
YKF9AIEE,29,0,1,28,0,0,6,0,0,6,0,0,23,0,1,22,0,0,3,0,0,3,0,0,6,23,3,29,0
RMNTUABY,67,6,12,46,14,1,23,1,3,17,3,1,44,5,9,29,11,0,6,0,4,2,0,0,24,49,6,73,0
Q7LF492D,62,4,25,40,1,0,25,4,12,16,1,0,37,0,13,24,0,0,3,0,0,3,0,0,29,37,3,66,0
XKRR9BTW,34,2,18,18,0,0,8,1,4,5,0,0,26,1,14,13,0,0,3,0,3,0,0,0,9,27,3,36,0
CVEPW97L,53,3,20,34,2,1,11,2,4,9,0,0,42,1,16,25,2,1,3,0,0,3,0,0,13,43,3,56,0
O7OSWNIP,19,2,2,12,2,5,8,1,1,2,2,4,11,1,1,10,0,1,2,1,0,2,0,1,9,12,3,21,0
ZC62K18I,45,1,25,19,0,2,14,1,9,5,0,1,31,0,16,14,0,1,6,0,3,2,0,1,15,31,6,46,0
TLL7BUS6,30,0,2,26,1,0,15,0,1,13,0,0,15,0,1,13,1,0,2,0,0,1,1,0,15,15,2,30,0
PXES7BDF,54,3,5,24,8,20,9,0,2,5,2,0,45,3,3,19,6,20,1,0,0,1,0,0,9,48,1,57,0
BTVHAKCA,71,1,13,58,1,0,15,0,2,13,0,0,56,1,11,45,1,0,10,0,0,10,0,0,15,57,10,72,0
LNFQOJAM,13,1,2,8,4,1,4,1,1,1,3,0,9,0,1,7,1,1,2,0,0,1,1,0,5,9,2,14,0
NFTFEYXV,9,3,0,11,1,0,0,1,0,1,0,0,9,2,0,10,1,0,1,0,0,1,0,0,1,11,1,12,0
OHY4MA7H,1,0,1,0,0,0,0,0,0,0,0,0,1,0,1,0,0,0,1,0,1,0,0,0,0,1,1,1,0
LDSD9LLW,90,5,30,64,1,1,35,5,10,30,0,1,55,0,20,34,1,0,6,0,1,5,0,0,40,55,6,95,0
M8FZHWU2,58,7,10,51,4,0,25,0,6,18,1,0,33,7,4,33,3,0,1,0,0,1,0,0,25,40,1,65,0
T5ULVIWS,32,0,6,24,2,0,8,0,2,4,2,0,24,0,4,20,0,0,4,0,0,4,0,0,8,24,4,32,0
XOZX7VTG,6,0,0,6,0,0,0,0,0,0,0,0,6,0,0,6,0,0,0,0,0,0,0,0,0,6,0,6,0
3OHJHXXL,8,0,1,7,0,0,1,0,0,1,0,0,7,0,1,6,0,0,1,0,0,1,0,0,1,7,1,8,0
EUREFSGL,55,0,8,42,5,0,22,0,3,17,2,0,33,0,5,25,3,0,3,0,1,1,1,0,22,33,3,55,0
3YWIFFFG,43,1,7,33,4,0,16,0,2,14,0,0,27,1,5,19,4,0,4,0,2,2,0,0,16,28,4,44,0
9FKV3LDM,4,0,2,1,1,0,2,0,1,0,1,0,2,0,1,1,0,0,0,0,0,0,0,0,2,2,0,4,0
ZFHHHZKY,10,0,3,7,0,0,7,0,3,4,0,0,3,0,0,3,0,0,2,0,0,2,0,0,7,3,2,10,0
FLJYKH2B,19,0,8,11,0,0,5,0,3,2,0,0,14,0,5,9,0,0,3,0,0,3,0,0,5,14,3,19,0
YEB6HANE,68,5,5,59,5,4,13,1,0,13,1,0,55,4,5,46,4,4,19,0,2,14,1,2,14,59,19,73,0
VOYXKQTH,31,5,6,8,6,16,2,0,0,2,0,0,29,5,6,6,6,16,21,5,1,3,6,16,2,34,26,36,0
B57P4ZOB,13,0,2,5,3,4,2,0,0,1,1,0,11,0,2,4,2,4,8,0,2,2,1,4,2,11,8,13,0
XJYC2UPJ,55,1,4,44,8,0,11,1,0,10,2,0,44,0,4,34,6,0,5,0,1,3,1,0,12,44,5,56,0
B3XTWC13,5,1,0,5,1,0,4,1,0,5,0,0,1,0,0,0,1,0,0,0,0,0,0,0,5,1,0,6,0
SZBVMGOM,8,0,0,8,0,0,1,0,0,1,0,0,7,0,0,7,0,0,2,0,0,2,0,0,1,7,2,8,0
SYUIWDLF,35,0,13,22,0,0,11,0,2,9,0,0,24,0,11,13,0,0,3,0,2,1,0,0,11,24,3,35,0
SSEJLSE3,27,7,9,24,1,0,9,3,4,8,0,0,18,4,5,16,1,0,5,0,0,5,0,0,12,22,5,34,0
EFXNHTTW,1,1,0,2,0,0,0,0,0,0,0,0,1,1,0,2,0,0,1,0,0,1,0,0,0,2,1,2,0
XARWCTIQ,11,0,3,6,2,0,6,0,2,4,0,0,5,0,1,2,2,0,0,0,0,0,0,0,6,5,0,11,0
1ZIS9UY9,59,2,17,41,1,1,20,2,7,13,0,1,39,0,10,28,1,0,3,0,1,2,0,0,22,39,3,61,0
AJDR2JIG,24,16,14,22,4,0,16,10,9,14,3,0,8,6,5,8,1,0,0,0,0,0,0,0,26,14,0,40,0
A1PRKMNK,3,1,0,3,1,0,0,1,0,0,1,0,3,0,0,3,0,0,0,0,0,0,0,0,1,3,0,4,0
IAHVGTAH,12,0,0,12,0,0,3,0,0,3,0,0,9,0,0,9,0,0,4,0,0,4,0,0,3,9,4,12,0
LKWNUYGT,1,0,0,1,0,0,0,0,0,0,0,0,1,0,0,1,0,0,0,0,0,0,0,0,0,1,0,1,0
TXQHATWV,9,0,0,9,0,0,3,0,0,3,0,0,6,0,0,6,0,0,3,0,0,3,0,0,3,6,3,9,0
V8DSXQQ1,55,15,15,35,19,1,28,14,11,15,15,1,27,1,4,20,4,0,1,0,0,1,0,0,42,28,1,70,0
LITU4JDA,25,0,7,18,0,0,6,0,1,5,0,0,19,0,6,13,0,0,1,0,0,1,0,0,6,19,1,25,0
LCGOFSGF,42,0,18,24,0,0,8,0,3,5,0,0,34,0,15,19,0,0,7,0,4,3,0,0,8,34,7,42,0
YJABNPUX,64,3,9,47,10,1,17,1,1,12,4,1,47,2,8,35,6,0,11,0,2,7,2,0,18,49,11,67,0
2ABWBLZH,15,10,2,2,8,13,8,10,1,2,5,10,7,0,1,0,3,3,0,0,0,0,0,0,18,7,0,25,0
UGWKKNZE,33,3,9,19,3,5,7,0,0,5,2,0,26,3,9,14,1,5,17,0,6,11,0,0,7,29,17,36,0
LKCFKDQT,9,0,6,3,0,0,0,0,0,0,0,0,9,0,6,3,0,0,0,0,0,0,0,0,0,9,0,9,0
PQKTRRHC,46,0,4,35,7,0,15,0,1,13,1,0,31,0,3,22,6,0,3,0,1,2,0,0,15,31,3,46,0
SK7TZZCE,106,17,5,32,18,66,60,14,4,10,16,43,46,3,1,22,2,23,3,0,0,3,0,0,74,49,3,123,0
CHWCCCLO,20,3,0,19,4,0,11,1,0,10,2,0,9,2,0,9,2,0,2,0,0,0,2,0,12,11,2,23,0
KRMTYVKP,67,4,7,56,8,0,15,3,0,15,3,0,52,1,7,41,5,0,1,0,0,1,0,0,18,53,1,71,0
SFTESMM8,17,4,3,12,6,0,7,0,1,5,1,0,10,4,2,7,5,0,2,0,0,0,2,0,7,14,2,21,0
TWVDKAM6,16,1,2,15,0,0,10,0,1,9,0,0,6,1,1,6,0,0,0,1,0,1,0,0,10,7,1,17,0
IWH3DMQP,19,4,5,12,6,0,15,4,4,9,6,0,4,0,1,3,0,0,1,0,1,0,0,0,19,4,1,23,0
JZPF5D2D,58,14,1,37,29,5,21,6,1,14,10,2,37,8,0,23,19,3,0,1,0,1,0,0,27,45,1,72,0
ISOIMU42,26,2,0,22,6,0,9,0,0,6,3,0,17,2,0,16,3,0,2,0,0,2,0,0,9,19,2,28,0
RVHWOO3F,6,0,3,3,0,0,3,0,2,1,0,0,3,0,1,2,0,0,0,0,0,0,0,0,3,3,0,6,0
JDU8KD2Z,0,1,0,1,0,0,0,0,0,0,0,0,0,1,0,1,0,0,0,0,0,0,0,0,0,1,0,1,0
YQ8BIZM6,3,0,0,1,2,0,3,0,0,1,2,0,0,0,0,0,0,0,0,0,0,0,0,0,3,0,0,3,0
LCISLQ2B,4,0,0,2,2,0,1,0,0,0,1,0,3,0,0,2,1,0,2,0,0,1,1,0,1,3,2,4,0
1OLXLFRJ,11,6,3,13,1,0,4,2,2,4,0,0,7,4,1,9,1,0,0,2,0,2,0,0,6,11,2,17,0
WR6GMROR,1,0,0,0,1,0,1,0,0,0,1,0,0,0,0,0,0,0,0,0,0,0,0,0,1,0,0,1,0
AH4TTUML,19,0,3,13,3,0,10,0,0,7,3,0,9,0,3,6,0,0,2,0,0,2,0,0,10,9,2,19,0
VXV824UJ,10,8,0,14,4,0,4,3,0,4,3,0,6,5,0,10,1,0,1,0,0,1,0,0,7,11,1,18,0
BYU7K2UG,20,2,4,18,0,0,11,1,4,8,0,0,9,1,0,10,0,0,3,0,0,3,0,0,12,10,3,22,0
PCIGIZL4,30,0,5,25,0,1,6,0,2,4,0,0,24,0,3,21,0,1,2,0,0,2,0,0,6,24,2,30,0
DB4SP3OH,2,1,0,1,2,0,1,1,0,1,1,0,1,0,0,0,1,0,0,0,0,0,0,0,2,1,0,3,0
83HQIJPU,22,1,10,13,0,0,3,0,1,2,0,0,19,1,9,11,0,0,5,0,2,3,0,0,3,20,5,23,0
C3WYXIJF,32,0,4,26,2,2,13,0,1,10,2,1,19,0,3,16,0,1,7,0,1,6,0,1,13,19,7,32,0
AXQQWQYE,3,1,0,4,0,0,1,1,0,2,0,0,2,0,0,2,0,0,1,0,0,1,0,0,2,2,1,4,0
OXEJTJ2Y,17,9,11,15,0,0,7,6,5,8,0,0,10,3,6,7,0,0,3,0,2,1,0,0,13,13,3,26,0
GFNLUBZN,100,4,18,78,8,0,22,1,6,16,1,0,78,3,12,62,7,0,7,0,3,4,0,0,23,81,7,104,0
NISTWT57,20,0,4,15,1,0,5,0,2,3,0,0,15,0,2,12,1,0,4,0,0,4,0,0,5,15,4,20,0
MUHHJ8CH,62,3,11,46,7,1,12,2,2,10,2,0,50,1,9,36,5,1,9,1,0,9,1,0,14,51,10,65,0
KFOY76ZT,37,1,4,27,3,4,25,1,1,18,3,4,12,0,3,9,0,0,1,0,1,0,0,0,26,12,1,38,0
OW17OGPE,80,14,22,63,9,2,38,7,16,25,4,2,42,7,6,38,5,0,1,0,0,1,0,0,45,49,1,94,1
VW9PKODR,82,15,17,62,18,0,51,12,10,40,13,0,31,3,7,22,5,0,1,0,0,1,0,0,63,34,1,97,0
Z2Z1LFHB,3,6,1,5,3,0,0,6,1,5,0,0,3,0,0,0,3,0,0,0,0,0,0,0,6,3,0,9,0
E2P95JFJ,57,4,11,50,0,1,23,1,6,18,0,0,34,3,5,32,0,1,4,0,0,4,0,0,24,37,4,61,0
SJ3Y3BL9,26,11,2,14,11,10,7,10,0,7,0,10,19,1,2,7,11,0,0,0,0,0,0,0,17,20,0,37,0
QJXN5XNR,9,3,0,12,0,0,5,3,0,8,0,0,4,0,0,4,0,0,1,0,0,1,0,0,8,4,1,12,0
AIUE6ZT1,22,3,8,15,2,0,7,0,2,4,1,0,15,3,6,11,1,0,2,2,1,3,0,0,7,18,4,25,0
GE5UANJC,46,3,0,23,16,10,36,3,0,19,12,8,10,0,0,4,4,2,0,0,0,0,0,0,39,10,0,49,0
UTJEGPOL,3,0,1,2,0,0,3,0,1,2,0,0,0,0,0,0,0,0,0,0,0,0,0,0,3,0,0,3,0
MCHGW7AE,78,3,30,47,4,0,20,1,9,11,1,0,58,2,21,36,3,0,8,0,2,5,1,0,21,60,8,81,0
3PF2V2ZO,35,4,4,21,12,3,15,3,3,13,2,0,20,1,1,8,10,3,1,0,0,1,0,0,18,21,1,39,0
HHTJTUEB,43,1,4,40,0,1,12,0,1,11,0,0,31,1,3,29,0,1,8,0,2,6,0,1,12,32,8,44,0
RNYFPOUP,3,0,0,3,0,0,0,0,0,0,0,0,3,0,0,3,0,0,3,0,0,3,0,0,0,3,3,3,0
JGAFRQ3B,67,1,12,56,0,0,26,1,2,25,0,0,41,0,10,31,0,0,12,0,0,12,0,0,27,41,12,68,0
2VCQSHLV,21,5,3,20,3,0,8,0,1,7,0,0,13,5,2,13,3,0,0,0,0,0,0,0,8,18,0,26,0
PEGIONOO,29,13,3,30,9,0,13,11,1,17,6,0,16,2,2,13,3,0,3,1,2,2,0,0,24,18,4,42,0
ZXAKMUJO,5,3,0,8,0,0,5,3,0,8,0,0,0,0,0,0,0,0,0,0,0,0,0,0,8,0,0,8,0
YVTRGFP2,35,7,13,24,5,0,12,2,5,9,0,0,23,5,8,15,5,0,1,0,0,1,0,0,14,28,1,42,0
GXYSHDQ2,93,18,31,51,27,2,39,8,10,24,13,0,54,10,21,27,14,2,4,1,2,2,1,0,47,64,5,111,0
JZAPG2AW,189,47,63,149,23,7,63,23,25,51,9,2,126,24,38,98,14,5,24,5,7,19,3,0,86,150,29,236,0
ZH7NHVW2,14,0,3,7,4,0,6,0,1,5,0,0,8,0,2,2,4,0,1,0,0,1,0,0,6,8,1,14,0
YC8HC7JG,40,4,5,37,2,0,6,0,3,3,0,0,34,4,2,34,2,0,7,2,0,8,1,0,6,38,9,44,0
QEDDNHZH,40,9,7,36,6,0,16,3,0,14,5,0,24,6,7,22,1,0,3,0,1,2,0,0,19,30,3,49,0
CURNKHIM,1,3,0,4,0,0,0,0,0,0,0,0,1,3,0,4,0,0,1,2,0,3,0,0,0,4,3,4,0
LZMDZVJP,51,8,14,37,8,0,8,3,1,9,1,0,43,5,13,28,7,0,5,0,1,4,0,0,11,48,5,59,0
AGK4WSEQ,34,6,4,33,3,1,8,2,1,8,1,0,26,4,3,25,2,1,4,0,1,2,1,0,10,30,4,40,0
TC9WPKAE,86,8,23,65,6,0,25,5,5,23,2,0,61,3,18,42,4,0,13,0,6,6,1,0,30,64,13,94,0
MDRY9JGK,38,8,5,33,8,0,26,5,3,24,4,0,12,3,2,9,4,0,2,0,0,2,0,0,31,15,2,46,0
VHSQ1LI4,49,5,23,31,0,0,9,2,5,6,0,0,40,3,18,25,0,0,3,0,1,2,0,0,11,43,3,54,0
5CTQUEIM,15,0,2,9,4,0,4,0,0,2,2,0,11,0,2,7,2,0,5,0,0,5,0,0,4,11,5,15,0
LLDPHFXI,3,2,0,5,0,0,1,0,0,1,0,0,2,2,0,4,0,0,0,0,0,0,0,0,1,4,0,5,0
8AMINKHX,3,0,0,2,1,0,0,0,0,0,0,0,3,0,0,2,1,0,2,0,0,1,1,0,0,3,2,3,0
TEQCY8GB,2,0,0,2,0,0,0,0,0,0,0,0,2,0,0,2,0,0,0,0,0,0,0,0,0,2,0,2,0
OEUQE915,26,0,6,18,2,1,6,0,2,4,0,0,20,0,4,14,2,1,1,0,1,0,0,0,6,20,1,26,0
NJOJQGVS,32,7,2,29,8,0,7,6,2,9,2,0,25,1,0,20,6,0,10,0,0,8,2,0,13,26,10,39,0
TZDJE2EY,175,41,12,142,61,1,45,12,3,39,15,0,130,29,9,103,46,1,39,15,5,36,13,0,57,159,54,216,0
L3AGPKFU,74,5,9,48,22,0,25,2,3,15,9,0,49,3,6,33,13,0,1,0,0,1,0,0,27,52,1,79,0
6SHKSYBO,3,3,1,5,0,0,0,1,0,1,0,0,3,2,1,4,0,0,0,0,0,0,0,0,1,5,0,6,0
KBOHUIRI,4,0,0,4,0,0,1,0,0,1,0,0,3,0,0,3,0,0,0,0,0,0,0,0,1,3,0,4,0
BBCSFQQO,13,1,5,2,5,2,5,0,4,1,0,0,8,1,1,1,5,2,0,0,0,0,0,0,5,9,0,14,0
EBV7Q9RU,60,2,21,39,0,1,14,0,5,9,0,0,46,2,16,30,0,1,11,0,7,3,0,0,14,48,11,62,0
8VGXT96I,4,0,0,4,0,0,3,0,0,3,0,0,1,0,0,1,0,0,1,0,0,1,0,0,3,1,1,4,0
XAAALTHP,63,14,4,58,12,3,21,10,2,18,8,3,42,4,2,40,4,0,12,0,0,12,0,0,31,46,12,77,0
TZADNPMK,223,60,96,137,48,6,88,35,43,61,18,2,135,25,53,76,30,4,22,0,9,11,2,0,123,160,22,283,0
VEDRWYZQ,3,0,0,3,0,0,3,0,0,3,0,0,0,0,0,0,0,0,0,0,0,0,0,0,3,0,0,3,0
OCSI61NT,98,12,12,67,29,2,43,4,3,25,17,2,55,8,9,42,12,0,5,1,2,4,0,0,47,63,6,110,0
BXUAID9B,40,2,16,26,0,0,33,2,14,21,0,0,7,0,2,5,0,0,3,0,2,1,0,0,35,7,3,42,0
TRH8OHYH,120,10,11,106,13,0,47,4,4,44,3,0,73,6,7,62,10,0,0,0,0,0,0,0,51,79,0,130,0
D2D2BCSC,7,0,5,2,0,0,7,0,5,2,0,0,0,0,0,0,0,0,0,0,0,0,0,0,7,0,0,7,0
TXOIRZUF,40,6,6,35,2,3,14,6,3,12,2,3,26,0,3,23,0,0,5,0,1,4,0,0,20,26,5,46,0
4SGWDVFD,12,5,3,13,1,0,7,2,0,8,1,0,5,3,3,5,0,0,0,0,0,0,0,0,9,8,0,17,0
XWLHDQVP,80,17,22,68,7,0,27,4,9,18,4,0,53,13,13,50,3,0,7,1,4,4,0,0,31,66,8,97,0
LSWHXEBG,185,12,28,135,30,5,68,3,13,41,13,5,117,9,15,94,17,0,11,1,2,9,1,0,71,126,12,197,0
2DNNHDZZ,41,1,5,33,4,0,18,1,0,17,2,0,23,0,5,16,2,0,2,0,1,1,0,0,19,23,2,42,0
2PILXEH4,34,3,13,21,3,0,6,2,3,4,1,0,28,1,10,17,2,0,4,0,1,3,0,0,8,29,4,37,0
1X7QPSTC,39,0,5,34,0,0,17,0,5,12,0,0,22,0,0,22,0,0,1,0,0,1,0,0,17,22,1,39,0
DPET7MHW,14,0,0,12,2,0,4,0,0,3,1,0,10,0,0,9,1,0,3,0,0,3,0,0,4,10,3,14,0
S2LGWZSL,99,31,3,109,17,1,43,21,1,56,6,1,56,10,2,53,11,0,9,0,1,8,0,0,64,66,9,130,0
FPUIYUSB,47,0,3,36,8,0,13,0,0,11,2,0,34,0,3,25,6,0,4,0,1,3,0,0,13,34,4,47,0
UEFPPZFA,23,3,2,13,11,0,11,1,2,7,3,0,12,2,0,6,8,0,1,0,0,0,1,0,12,14,1,26,0
9OXA4R7E,42,2,6,36,2,0,23,2,5,18,2,0,19,0,1,18,0,0,4,0,1,3,0,0,25,19,4,44,0
WCIUGFHH,167,30,83,104,6,11,63,21,34,42,4,11,104,9,49,62,2,0,26,1,12,14,1,0,84,113,27,197,0
IMNSQQBT,26,0,2,24,0,0,10,0,2,8,0,0,16,0,0,16,0,0,1,0,0,1,0,0,10,16,1,26,0
JAAREDGF,15,1,5,10,1,0,6,1,2,4,1,0,9,0,3,6,0,0,2,0,0,2,0,0,7,9,2,16,0
SOI2JLML,47,1,7,40,1,0,11,1,1,11,0,0,36,0,6,29,1,0,4,0,2,2,0,0,12,36,4,48,0
9OZF1496,28,0,8,20,0,0,7,0,3,4,0,0,21,0,5,16,0,0,2,0,0,2,0,0,7,21,2,28,0
6AWTLKJH,36,5,15,24,1,1,13,4,6,10,0,1,23,1,9,14,1,0,3,1,1,2,1,0,17,24,4,41,0
QVBHJ5OZ,53,0,11,42,0,0,13,0,3,10,0,0,40,0,8,32,0,0,7,0,1,6,0,0,13,40,7,53,0
OO41BAX2,47,7,17,24,6,7,9,5,5,7,2,0,38,2,12,17,4,7,6,1,5,2,0,0,14,40,7,54,0
VFWIWRZ9,65,3,5,55,8,0,20,2,2,19,1,0,45,1,3,36,7,0,8,0,0,6,2,0,22,46,8,68,0
KOIWLY5F,34,0,12,22,0,0,3,0,0,3,0,0,31,0,12,19,0,0,0,0,0,0,0,0,3,31,0,34,0
8KVWMFFM,51,1,12,37,3,0,17,1,5,12,1,0,34,0,7,25,2,0,5,0,0,5,0,0,18,34,5,52,0
7MZQCOBH,19,4,2,17,4,0,11,4,2,9,4,0,8,0,0,8,0,0,2,0,0,2,0,0,15,8,2,23,0
O5O8Q8YU,29,9,9,19,8,3,11,8,9,6,3,2,18,1,0,13,5,1,2,0,0,2,0,0,19,19,2,38,0
EIYOGBHX,37,0,10,27,0,0,9,0,3,6,0,0,28,0,7,21,0,0,2,0,1,1,0,0,9,28,2,37,0
FWQM49PJ,105,15,30,79,10,1,49,12,15,43,2,1,56,3,15,36,8,0,3,0,0,3,0,0,61,59,3,120,0
PI5FAICJ,67,0,16,48,3,1,15,0,6,7,2,0,52,0,10,41,1,1,13,0,3,10,0,1,15,52,13,67,0
7J6FNEQP,89,22,15,73,23,0,30,10,8,27,5,0,59,12,7,46,18,0,9,5,1,13,0,0,40,71,14,111,0
7CIOFWNR,42,6,3,42,3,0,10,2,0,10,2,0,32,4,3,32,1,0,1,0,0,0,1,0,12,36,1,48,0
LBEJKUWG,71,5,28,47,1,0,15,2,3,14,0,0,56,3,25,33,1,0,5,1,1,5,0,0,17,59,6,76,0
MYDJNV4Y,7,0,0,7,0,0,3,0,0,3,0,0,4,0,0,4,0,0,2,0,0,2,0,0,3,4,2,7,0
ELGR1GAC,4,0,1,3,0,0,3,0,0,3,0,0,1,0,1,0,0,0,0,0,0,0,0,0,3,1,0,4,0
ORHSZCCT,18,8,2,11,13,0,14,8,2,8,12,0,4,0,0,3,1,0,0,0,0,0,0,0,22,4,0,26,0
QOEHMN56,79,5,12,62,10,0,40,3,4,33,6,0,39,2,8,29,4,0,11,0,4,7,0,0,43,41,11,84,0
PR9GYPAN,16,3,2,16,1,0,9,3,1,10,1,0,7,0,1,6,0,0,1,0,0,1,0,0,12,7,1,19,0
5JCTYSC2,76,2,27,49,2,4,28,0,12,16,0,2,48,2,15,33,2,2,3,0,0,3,0,0,28,50,3,78,0
JR6KGBF8,13,0,2,11,0,0,8,0,2,6,0,0,5,0,0,5,0,0,4,0,0,4,0,0,8,5,4,13,0
CDSVGMUZ,25,2,3,24,0,0,6,1,1,6,0,0,19,1,2,18,0,0,2,0,1,1,0,0,7,20,2,27,0
WPY1SECF,68,5,7,61,4,1,22,3,3,20,1,1,46,2,4,41,3,0,5,0,0,5,0,0,25,48,5,73,0
AEDXSSFM,13,0,1,10,1,1,5,0,0,5,0,0,8,0,1,5,1,1,1,0,0,1,0,0,5,8,1,13,0
S9NNF2KG,9,1,0,9,1,0,5,0,0,4,1,0,4,1,0,5,0,0,1,0,0,1,0,0,5,5,1,10,0
MBWDBMGA,5,0,0,5,0,0,1,0,0,1,0,0,4,0,0,4,0,0,0,0,0,0,0,0,1,4,0,5,0
CECAHZDF,41,10,5,19,12,15,23,10,3,10,9,11,18,0,2,9,3,4,6,0,0,0,2,4,33,18,6,51,0
MT8WNUAJ,42,8,4,35,11,0,29,5,3,22,9,0,13,3,1,13,2,0,2,1,0,3,0,0,34,16,3,50,0
9OJBQGNN,35,11,6,37,3,0,18,6,5,18,1,0,17,5,1,19,2,0,0,0,0,0,0,0,24,22,0,46,0
RWYGPVEW,106,4,37,55,10,8,52,3,19,24,6,5,54,1,18,31,4,3,6,0,2,4,0,0,55,55,6,110,0
8Q6LHAVS,17,5,9,13,0,0,0,4,0,4,0,0,17,1,9,9,0,0,6,0,1,5,0,0,4,18,6,22,0
T9TIHWEM,3,0,3,0,0,0,0,0,0,0,0,0,3,0,3,0,0,0,3,0,3,0,0,0,0,3,3,3,0
B8ELDBD9,19,0,4,15,0,0,3,0,1,2,0,0,16,0,3,13,0,0,6,0,3,3,0,0,3,16,6,19,0
UETLKIAF,15,1,3,13,0,0,5,1,0,6,0,0,10,0,3,7,0,0,3,0,2,1,0,0,6,10,3,16,0
T5LFDPFP,66,12,4,65,9,0,23,5,2,24,2,0,43,7,2,41,7,0,6,0,1,5,0,0,28,50,6,78,0
EOTJYDCS,48,4,4,46,2,0,23,1,1,21,2,0,25,3,3,25,0,0,3,0,0,3,0,0,24,28,3,52,0
CTXIK1BM,8,0,1,7,0,0,3,0,0,3,0,0,5,0,1,4,0,0,1,0,0,1,0,0,3,5,1,8,0
NRGGMCDR,137,15,13,120,16,3,39,5,2,33,6,3,98,10,11,87,10,0,9,0,2,6,1,0,44,108,9,152,0
HR5EHL1X,7,0,1,5,1,0,3,0,1,2,0,0,4,0,0,3,1,0,0,0,0,0,0,0,3,4,0,7,0
J2TROUF4,118,25,24,103,15,1,31,17,7,32,8,1,87,8,17,71,7,0,21,1,7,15,0,0,48,95,22,143,0
ULXKRIEU,9,3,5,7,0,1,8,3,5,6,0,1,1,0,0,1,0,0,0,0,0,0,0,0,11,1,0,12,0
LED9EDZ9,202,53,29,184,40,3,86,33,18,77,23,2,116,20,11,107,17,1,15,1,1,15,0,0,119,136,16,255,0
EK7ZD13Z,113,8,33,73,8,7,47,7,21,29,4,0,66,1,12,44,4,7,4,0,0,4,0,0,54,67,4,121,0
26AFDHV1,1,0,1,0,0,0,1,0,1,0,0,0,0,0,0,0,0,0,0,0,0,0,0,0,1,0,0,1,0
IAZMFAOY,15,0,4,11,0,2,3,0,1,2,0,0,12,0,3,9,0,2,1,0,0,1,0,0,3,12,1,15,0
RPRDYHH6,17,0,3,13,1,0,5,0,0,4,1,0,12,0,3,9,0,0,3,0,0,3,0,0,5,12,3,17,0
G27WI6EA,32,0,11,16,5,0,7,0,3,3,1,0,25,0,8,13,4,0,3,0,1,1,1,0,7,25,3,32,0
MOPPARGM,6,0,0,5,0,1,1,0,0,1,0,0,5,0,0,4,0,1,1,0,0,0,0,1,1,5,1,6,0
MWFLD9QK,14,1,5,10,0,0,6,1,2,5,0,0,8,0,3,5,0,0,0,0,0,0,0,0,7,8,0,15,0
ZUWMDEEQ,1,0,0,1,0,0,0,0,0,0,0,0,1,0,0,1,0,0,0,0,0,0,0,0,0,1,0,1,0
LXOPNLLA,51,1,14,38,0,0,10,0,2,8,0,0,41,1,12,30,0,0,9,0,0,9,0,0,10,42,9,52,0
Z3WCQ9XX,117,27,24,95,20,5,51,14,11,40,10,4,66,13,13,55,10,1,10,2,0,12,0,0,65,79,12,144,0
BMVDRMHY,61,4,16,46,2,3,18,3,4,17,0,0,43,1,12,29,2,3,7,0,2,4,0,2,21,44,7,65,0
LG5YY8LC,80,2,11,64,7,1,32,0,2,28,2,0,48,2,9,36,5,1,6,0,3,3,0,1,32,50,6,82,0
C5FK6IMS,52,9,21,40,0,0,20,6,7,19,0,0,32,3,14,21,0,0,2,0,0,2,0,0,26,35,2,61,0
LHRJFJQC,19,9,0,27,1,0,10,8,0,17,1,0,9,1,0,10,0,0,1,0,0,1,0,0,18,10,1,28,0
KZREIFKT,8,1,1,8,0,0,4,1,1,4,0,0,4,0,0,4,0,0,0,0,0,0,0,0,5,4,0,9,0
HBJKPAZY,19,1,4,16,0,0,5,1,2,4,0,0,14,0,2,12,0,0,7,0,2,5,0,0,6,14,7,20,0
9HD4WEUD,23,1,8,16,0,0,9,1,3,7,0,0,14,0,5,9,0,0,0,0,0,0,0,0,10,14,0,24,0
XBMRMLYZ,18,6,4,16,4,0,9,2,0,8,3,0,9,4,4,8,1,0,1,3,0,4,0,0,11,13,4,24,0
LOCSCXG4,24,10,2,31,1,0,7,8,1,13,1,0,17,2,1,18,0,0,2,0,1,1,0,0,15,19,2,34,0
GQGYQDV7,8,1,1,8,0,0,2,0,0,2,0,0,6,1,1,6,0,0,1,0,0,1,0,0,2,7,1,9,0
FBEJA9SB,25,0,5,20,0,0,9,0,1,8,0,0,16,0,4,12,0,0,3,0,0,3,0,0,9,16,3,25,0
R1WGWJVE,56,15,22,47,2,2,27,10,12,23,2,0,29,5,10,24,0,2,1,0,0,1,0,0,37,34,1,71,0
4OKFNH9T,12,0,3,6,1,2,5,0,0,2,1,2,7,0,3,4,0,0,0,0,0,0,0,0,5,7,0,12,0
BCKAWABQ,21,3,5,19,0,0,8,0,1,7,0,0,13,3,4,12,0,0,1,0,0,1,0,0,8,16,1,24,0
YCBVTGHV,24,0,6,17,1,0,8,0,3,5,0,0,16,0,3,12,1,0,2,0,0,2,0,0,8,16,2,24,0
FRENYHD5,51,3,12,37,2,4,12,1,1,10,1,2,39,2,11,27,1,2,11,0,5,5,1,0,13,41,11,54,0
YPNOWIPR,4,1,0,4,1,0,1,1,0,1,1,0,3,0,0,3,0,0,1,0,0,1,0,0,2,3,1,5,0
D56WZRMQ,1,0,0,1,0,0,0,0,0,0,0,0,1,0,0,1,0,0,0,0,0,0,0,0,0,1,0,1,0
HWLKHDAN,105,9,21,89,4,0,32,4,6,28,2,0,73,5,15,61,2,0,9,0,3,6,0,0,36,78,9,114,0
AR4BM31K,22,0,3,19,0,0,6,0,2,4,0,0,16,0,1,15,0,0,1,0,0,1,0,0,6,16,1,22,0
U9JLV7WY,74,11,3,43,29,10,37,7,1,22,18,3,37,4,2,21,11,7,2,2,0,3,1,0,44,41,4,85,0
JUC8PNGK,55,1,23,26,5,2,33,0,12,18,3,0,22,1,11,8,2,2,0,0,0,0,0,0,33,23,0,56,0
ZIYPPLQY,11,7,1,7,10,0,4,4,0,4,4,0,7,3,1,3,6,0,0,1,0,1,0,0,8,10,1,18,0
YVCM6SCE,7,0,0,2,1,4,0,0,0,0,0,0,7,0,0,2,1,4,0,0,0,0,0,0,0,7,0,7,0
YXW24T4N,96,6,11,85,6,1,46,5,5,40,6,1,50,1,6,45,0,0,2,0,0,2,0,0,51,51,2,102,0
PSGYNMHL,12,7,2,8,6,3,7,4,2,5,4,0,5,3,0,3,2,3,1,0,0,1,0,0,11,8,1,19,0
XI2RWUC7,14,0,5,9,0,0,6,0,3,3,0,0,8,0,2,6,0,0,0,0,0,0,0,0,6,8,0,14,0
KXDQ5QUS,42,3,21,24,0,0,13,2,4,11,0,0,29,1,17,13,0,0,4,0,3,1,0,0,15,30,4,45,0
Y2WQTQBR,36,5,10,25,1,5,6,0,1,5,0,0,30,5,9,20,1,5,8,0,1,7,0,0,6,35,8,41,0
ROP8PWAU,0,1,0,0,1,0,0,1,0,0,1,0,0,0,0,0,0,0,0,0,0,0,0,0,1,0,0,1,0
NUASW79Z,2,0,0,2,0,0,0,0,0,0,0,0,2,0,0,2,0,0,0,0,0,0,0,0,0,2,0,2,0
DYIDWFXL,49,5,20,32,2,1,16,0,9,7,0,1,33,5,11,25,2,0,7,0,4,3,0,0,16,38,7,54,0
D6JJZANC,31,0,7,24,0,0,9,0,4,5,0,0,22,0,3,19,0,0,2,0,0,2,0,0,9,22,2,31,0
QO5DJX3J,36,4,8,26,3,3,16,4,2,17,1,0,20,0,6,9,2,3,5,0,3,1,0,1,20,20,5,40,0
ZRJLL31C,85,25,7,23,31,49,43,13,4,11,12,29,42,12,3,12,19,20,0,0,0,0,0,0,56,54,0,110,0
F5YDRFNL,26,0,12,11,0,1,7,0,1,5,0,1,19,0,11,6,0,0,0,0,0,0,0,0,7,19,0,26,0
ZE2CL6AZ,13,3,1,9,2,4,8,1,0,4,1,4,5,2,1,5,1,0,3,0,1,2,0,0,9,7,3,16,0
VZ26SUPG,33,0,14,19,0,0,8,0,2,6,0,0,25,0,12,13,0,0,3,0,1,2,0,0,8,25,3,33,0
XIHDGPGE,9,6,0,15,0,0,2,6,0,8,0,0,7,0,0,7,0,0,1,0,0,1,0,0,8,7,1,15,0
M9XSR1ZV,3,0,0,3,0,0,1,0,0,1,0,0,2,0,0,2,0,0,0,0,0,0,0,0,1,2,0,3,0
NCUYMJQG,1,0,1,0,0,0,1,0,1,0,0,0,0,0,0,0,0,0,0,0,0,0,0,0,1,0,0,1,0
DYR2ZCUC,28,21,0,23,15,9,22,20,0,20,11,9,6,1,0,3,4,0,0,0,0,0,0,0,42,7,0,49,0
WWEBLBHZ,35,0,5,28,2,0,12,0,3,7,2,0,23,0,2,21,0,0,5,0,0,5,0,0,12,23,5,35,0
RHLLYLQL,1,0,0,0,1,0,1,0,0,0,1,0,0,0,0,0,0,0,0,0,0,0,0,0,1,0,0,1,0
HVLZF4VR,95,9,31,65,7,4,31,9,7,28,4,3,64,0,24,37,3,1,7,0,3,4,0,0,40,64,7,104,0
N8JSTYRW,10,0,0,10,0,0,1,0,0,1,0,0,9,0,0,9,0,0,1,0,0,1,0,0,1,9,1,10,0
8LJC7ZZO,11,0,3,8,0,0,3,0,0,3,0,0,8,0,3,5,0,0,0,0,0,0,0,0,3,8,0,11,0
V8EEOWNI,17,0,3,14,0,0,9,0,2,7,0,0,8,0,1,7,0,0,1,0,0,1,0,0,9,8,1,17,0
RANSB7GW,2,0,1,1,0,0,2,0,1,1,0,0,0,0,0,0,0,0,0,0,0,0,0,0,2,0,0,2,0
JCPNEGHM,108,3,23,80,4,1,25,3,4,23,1,0,83,0,19,57,3,1,17,0,3,13,0,0,28,83,17,111,0
UAALTDHL,6,0,1,3,2,0,3,0,0,2,1,0,3,0,1,1,1,0,1,0,1,0,0,0,3,3,1,6,0
SSGXC5LB,3,1,0,4,0,0,3,1,0,4,0,0,0,0,0,0,0,0,0,0,0,0,0,0,4,0,0,4,0
TBMFLN3N,230,87,102,178,37,16,87,34,43,69,9,8,143,53,59,109,28,8,31,6,10,21,6,0,121,196,37,317,0
T13TPFX4,12,0,4,8,0,0,1,0,0,1,0,0,11,0,4,7,0,0,2,0,2,0,0,0,1,11,2,12,0
TA5WWYCT,25,1,2,23,1,0,5,0,0,5,0,0,20,1,2,18,1,0,2,0,1,1,0,0,5,21,2,26,0
6H4GBFOH,54,1,17,38,0,0,10,1,2,9,0,0,44,0,15,29,0,0,7,0,3,4,0,0,11,44,7,55,0
QZBKDLLO,119,18,18,93,21,5,41,10,7,32,7,5,78,8,11,61,14,0,17,2,1,13,5,0,51,86,19,137,0
QPEJJSOF,64,16,18,60,2,1,26,12,7,30,1,1,38,4,11,30,1,0,7,0,2,5,0,0,38,42,7,80,0
4UPLKDGY,13,0,4,9,0,0,1,0,0,1,0,0,12,0,4,8,0,0,3,0,0,3,0,0,1,12,3,13,0
IJC632XI,14,11,4,16,3,2,5,0,1,4,0,0,9,11,3,12,3,2,0,0,0,0,0,0,5,20,0,25,0
GAHLEFKR,20,9,15,14,0,0,16,9,11,14,0,0,4,0,4,0,0,0,0,0,0,0,0,0,25,4,0,29,0
FKCOD4FA,34,1,1,31,3,0,5,1,0,6,0,0,29,0,1,25,3,0,5,0,1,4,0,0,6,29,5,35,0
KEMZXID3,33,1,12,20,2,0,11,1,4,7,1,0,22,0,8,13,1,0,2,0,1,1,0,0,12,22,2,34,0
KXVUCX9Z,3,0,0,3,0,0,1,0,0,1,0,0,2,0,0,2,0,0,0,0,0,0,0,0,1,2,0,3,0
CC3SWSYP,2,0,0,2,0,0,2,0,0,2,0,0,0,0,0,0,0,0,0,0,0,0,0,0,2,0,0,2,0
LUEQSDLC,11,1,0,12,0,0,6,0,0,6,0,0,5,1,0,6,0,0,0,0,0,0,0,0,6,6,0,12,0
G3QKWXUD,5,0,0,5,0,0,4,0,0,4,0,0,1,0,0,1,0,0,0,0,0,0,0,0,4,1,0,5,0
LZ94WY7X,2,0,0,1,1,0,0,0,0,0,0,0,2,0,0,1,1,0,0,0,0,0,0,0,0,2,0,2,0
R8RJ3N2F,51,2,15,34,0,3,10,2,6,5,0,0,41,0,9,29,0,3,7,0,2,4,0,1,12,41,7,53,0
PQFJYP6Q,57,4,26,35,0,1,13,1,4,10,0,0,44,3,22,25,0,1,7,0,3,4,0,0,14,47,7,61,0
MRTLQT3P,102,23,23,95,7,0,29,2,6,20,5,0,73,21,17,75,2,0,6,0,4,2,0,0,31,94,6,125,0
4SV4XFLE,27,1,10,18,0,0,6,0,2,4,0,0,21,1,8,14,0,0,1,0,0,1,0,0,6,22,1,28,0
61QEDF4Y,8,0,1,7,0,0,3,0,0,3,0,0,5,0,1,4,0,0,1,0,0,1,0,0,3,5,1,8,0
KENHCV2H,1,0,0,1,0,0,0,0,0,0,0,0,1,0,0,1,0,0,1,0,0,1,0,0,0,1,1,1,0
4COVFZB4,24,10,6,25,3,0,7,6,2,8,3,0,17,4,4,17,0,0,0,0,0,0,0,0,13,21,0,34,0
WXRZFNNE,46,1,19,25,3,0,12,0,5,5,2,0,34,1,14,20,1,0,7,0,4,3,0,0,12,35,7,47,0
TQ8VEX4T,125,17,8,106,27,1,33,10,4,29,10,0,92,7,4,77,17,1,16,0,2,13,1,0,43,99,16,142,0
HVQNPWRC,40,6,8,33,3,2,15,1,5,11,0,0,25,5,3,22,3,2,8,2,0,7,1,2,16,30,10,46,0
ZFQ8AAEM,8,2,1,7,0,2,2,2,1,3,0,0,6,0,0,4,0,2,3,0,0,1,0,2,4,6,3,10,0
LQJARLZN,50,3,14,38,1,0,15,1,6,9,1,0,35,2,8,29,0,0,4,0,1,3,0,0,16,37,4,53,0
XJRUIAD4,41,1,11,31,0,0,13,1,3,11,0,0,28,0,8,20,0,0,5,0,3,2,0,0,14,28,5,42,0
HMHB8ALH,108,5,14,84,14,1,34,5,3,27,9,0,74,0,11,57,5,1,16,0,2,12,2,0,39,74,16,113,0
QMWDJNCK,51,11,9,44,9,0,21,6,2,19,6,0,30,5,7,25,3,0,2,4,0,4,2,0,27,35,6,62,0
EYCRKCD9,106,12,15,62,38,4,27,4,4,14,12,1,79,8,11,48,26,3,14,2,3,11,2,0,31,87,16,118,0
QIQM6C6G,193,40,81,127,17,17,64,14,32,39,1,7,129,26,49,88,16,10,16,1,3,12,2,0,78,155,17,233,0
EPIBJFAX,62,1,36,27,0,0,18,1,12,7,0,0,44,0,24,20,0,0,7,0,4,3,0,0,19,44,7,63,0
SAXERJSP,113,11,13,71,24,16,61,8,8,32,13,16,52,3,5,39,11,0,6,1,0,6,1,0,69,55,7,124,0
CL9K2DZL,104,13,25,76,15,2,33,7,6,28,6,0,71,6,19,48,9,2,6,0,2,4,0,0,40,77,6,117,0
8YMJH3YN,14,1,0,15,0,0,2,1,0,3,0,0,12,0,0,12,0,0,6,0,0,6,0,0,3,12,6,15,0
FAVBM6VF,27,1,10,17,0,1,11,0,4,7,0,0,16,1,6,10,0,1,4,0,1,3,0,0,11,17,4,28,0
DIW8JCXN,52,1,19,32,0,1,12,0,6,6,0,0,40,1,13,26,0,1,3,0,2,0,0,0,12,41,3,53,0
WUUJXJ84,15,1,2,14,0,0,4,0,1,3,0,0,11,1,1,11,0,0,0,0,0,0,0,0,4,12,0,16,0
53MEY2G7,74,5,19,51,8,1,50,4,14,34,6,0,24,1,5,17,2,1,2,1,0,3,0,0,54,25,3,79,0
2ADAJYRF,41,1,2,35,5,0,16,1,1,15,1,0,25,0,1,20,4,0,2,0,0,2,0,0,17,25,2,42,0
UXZYPGXM,19,0,3,16,0,0,7,0,3,4,0,0,12,0,0,12,0,0,1,0,0,1,0,0,7,12,1,19,0
7ASO5YR9,12,1,3,10,0,0,8,0,2,6,0,0,4,1,1,4,0,0,1,0,0,1,0,0,8,5,1,13,0
SLWC4BCF,25,2,6,19,2,0,8,2,3,7,0,0,17,0,3,12,2,0,4,0,1,3,0,0,10,17,4,27,0
NSJBKDQH,19,1,2,16,1,1,0,1,0,1,0,0,19,0,2,15,1,1,1,0,0,1,0,0,1,19,1,20,0
BIIIAVNK,49,0,7,39,3,0,19,0,4,14,1,0,30,0,3,25,2,0,2,0,0,2,0,0,19,30,2,49,0
HAAN3AXC,22,3,4,18,3,0,9,0,0,9,0,0,13,3,4,9,3,0,0,0,0,0,0,0,9,16,0,25,0
AA38WIZ9,12,0,1,9,2,0,3,0,0,2,1,0,9,0,1,7,1,0,0,0,0,0,0,0,3,9,0,12,0
38YL5UXT,10,0,0,10,0,0,5,0,0,5,0,0,5,0,0,5,0,0,0,0,0,0,0,0,5,5,0,10,0
MXG2JPFX,20,3,5,18,0,0,7,1,2,6,0,0,13,2,3,12,0,0,3,0,1,2,0,0,8,15,3,23,0
WC78CLPQ,91,10,34,59,8,1,19,3,8,13,1,0,72,7,26,46,7,1,19,0,9,8,2,0,22,79,19,101,0
HBAKJL7S,32,1,11,22,0,1,15,0,6,9,0,1,17,1,5,13,0,0,3,0,1,2,0,0,15,18,3,33,0
3RDKQ29L,9,0,0,9,0,0,2,0,0,2,0,0,7,0,0,7,0,0,0,0,0,0,0,0,2,7,0,9,0
LFICBNZK,43,5,12,36,0,1,11,3,3,11,0,0,32,2,9,25,0,1,14,2,5,11,0,1,14,34,16,48,0
7ZDIGZFA,26,2,3,23,1,1,5,2,1,5,1,0,21,0,2,18,0,1,1,0,0,1,0,0,7,21,1,28,0
QN2L4GXD,28,1,4,25,0,0,16,0,2,14,0,0,12,1,2,11,0,0,6,0,0,6,0,0,16,13,6,29,0
7HJ3S85S,10,0,2,8,0,0,1,0,0,1,0,0,9,0,2,7,0,0,0,0,0,0,0,0,1,9,0,10,0
KVTVUFPX,60,7,11,56,0,0,32,1,8,25,0,0,28,6,3,31,0,0,0,1,0,1,0,0,33,34,1,67,0
BZ5BYBW9,67,0,14,53,0,0,15,0,4,11,0,0,52,0,10,42,0,0,6,0,2,4,0,0,15,52,6,67,0
VPIUIKLX,83,21,11,56,19,18,16,1,1,9,5,2,67,20,10,47,14,16,33,10,4,24,6,9,17,87,43,104,0
RMWXHGZE,94,7,24,65,8,4,17,2,3,15,1,0,77,5,21,50,7,4,28,1,10,11,6,2,19,82,29,101,0
9I2O8USE,44,2,7,28,8,3,6,0,2,4,0,0,38,2,5,24,8,3,2,0,0,0,0,2,6,40,2,46,0
F3UEX6Q5,76,13,17,52,11,8,6,1,2,5,0,0,70,12,15,47,11,8,33,11,9,23,4,7,7,82,44,89,0
2YRB9Y4R,24,1,6,17,0,2,12,1,4,9,0,0,12,0,2,8,0,2,4,0,1,1,0,2,13,12,4,25,0
QNYBMHDH,39,1,16,23,1,0,14,1,6,9,0,0,25,0,10,14,1,0,9,0,6,3,0,0,15,25,9,40,0
8GMHOKPF,37,7,9,25,5,5,5,3,1,6,1,0,32,4,8,19,4,5,0,2,1,0,1,0,8,36,2,44,0
PNE1BHZO,63,5,5,36,19,10,35,3,4,15,11,10,28,2,1,21,8,0,1,0,0,1,0,0,38,30,1,68,0
M2IVGI64,24,2,2,12,6,6,5,0,1,2,2,0,19,2,1,10,4,6,1,0,0,1,0,0,5,21,1,26,0
R2FLLA1C,18,3,1,19,1,0,10,2,0,12,0,0,8,1,1,7,1,0,4,0,0,4,0,0,12,9,4,21,0
VZBDAZFT,25,0,2,23,0,0,5,0,0,5,0,0,20,0,2,18,0,0,0,0,0,0,0,0,5,20,0,25,0
WARGWD7M,22,5,5,15,7,0,17,5,5,12,5,0,5,0,0,3,2,0,0,0,0,0,0,0,22,5,0,27,0
WSKX3CQR,4,1,0,5,0,0,0,0,0,0,0,0,4,1,0,5,0,0,0,0,0,0,0,0,0,5,0,5,1
R3UH2YOC,75,18,14,36,21,22,45,6,4,17,12,17,30,12,10,19,9,5,4,0,3,1,0,0,51,42,4,93,0
CEVVAYKC,3,0,2,1,0,0,1,0,0,1,0,0,2,0,2,0,0,0,0,0,0,0,0,0,1,2,0,3,0
EOZASRQJ,48,1,17,31,1,0,14,0,4,9,1,0,34,1,13,22,0,0,3,0,1,2,0,0,14,35,3,49,0
MOHLIJWG,20,0,4,16,0,0,6,0,2,4,0,0,14,0,2,12,0,0,4,0,1,3,0,0,6,14,4,20,0
CDE16GJM,29,2,4,18,7,2,19,2,1,13,5,2,10,0,3,5,2,0,0,0,0,0,0,0,21,10,0,31,0
IDSPDLBH,60,6,13,42,10,1,22,3,5,15,4,1,38,3,8,27,6,0,7,0,0,5,2,0,25,41,7,66,0
5SUUCVEE,40,5,5,37,3,1,18,5,2,20,1,0,22,0,3,17,2,1,3,0,0,3,0,0,23,22,3,45,0
VY2RFPUZ,14,2,5,10,0,1,3,2,1,4,0,0,11,0,4,6,0,1,3,0,1,1,0,1,5,11,3,16,0
PUXNOAYZ,14,2,3,10,0,3,1,0,0,1,0,0,13,2,3,9,0,3,9,0,2,6,0,1,1,15,9,16,0
W33YEH4G,20,0,5,15,0,0,2,0,0,2,0,0,18,0,5,13,0,0,4,0,2,2,0,0,2,18,4,20,0
PMB1NDZZ,22,0,2,20,0,0,6,0,1,5,0,0,16,0,1,15,0,0,2,0,0,2,0,0,6,16,2,22,0
VVH6FWHG,10,1,1,6,3,1,0,0,0,0,0,0,10,1,1,6,3,1,1,0,0,1,0,0,0,11,1,11,0
EGH7JL6G,40,3,7,36,0,0,9,1,2,8,0,0,31,2,5,28,0,0,2,0,1,1,0,0,10,33,2,43,0
CLIZJR9K,54,2,18,30,5,3,25,0,7,13,2,3,29,2,11,17,3,0,5,0,1,4,0,0,25,31,5,56,0
WKUM8YA1,2,0,1,1,0,0,1,0,1,0,0,0,1,0,0,1,0,0,1,0,0,1,0,0,1,1,1,2,0
DPFELXAO,96,6,37,62,2,8,43,6,19,28,1,5,53,0,18,34,1,3,6,0,3,3,0,1,49,53,6,102,0
XLNSWEGX,27,4,3,24,4,0,1,2,0,3,0,0,26,2,3,21,4,0,9,0,2,6,1,0,3,28,9,31,0
1F333YG2,2,5,0,7,0,0,0,2,0,2,0,0,2,3,0,5,0,0,1,2,0,3,0,0,2,5,3,7,0
WKCNMQGJ,21,0,4,15,2,0,9,0,1,7,1,0,12,0,3,8,1,0,2,0,0,1,1,0,9,12,2,21,0
3PJ1CQJM,10,0,2,7,1,0,3,0,1,2,0,0,7,0,1,5,1,0,0,0,0,0,0,0,3,7,0,10,0
4EZ4PKHF,35,11,10,26,10,0,2,0,1,1,0,0,33,11,9,25,10,0,5,1,3,2,1,0,2,44,6,46,0
X5VK86RO,91,6,12,71,14,0,31,2,6,18,9,0,60,4,6,53,5,0,7,1,1,7,0,0,33,64,8,97,0
D7PLEIOF,120,4,18,69,16,23,60,3,11,32,5,16,60,1,7,37,11,7,6,0,0,6,0,0,63,61,6,124,0
BDPDGAK6,2,1,1,1,1,0,2,1,1,1,1,0,0,0,0,0,0,0,0,0,0,0,0,0,3,0,0,3,0
WOIZNOHG,18,8,1,18,3,4,2,2,1,3,0,0,16,6,0,15,3,4,4,0,0,4,0,0,4,22,4,26,0
NEJ1IHUM,28,2,1,28,1,0,13,1,0,14,0,0,15,1,1,14,1,0,6,1,1,5,1,0,14,16,7,30,0
YFDPEGYY,12,3,5,10,0,0,1,3,2,2,0,0,11,0,3,8,0,0,0,0,0,0,0,0,4,11,0,15,0
8KFSHZ7W,3,1,1,3,0,0,2,0,1,1,0,0,1,1,0,2,0,0,0,1,0,1,0,0,2,2,1,4,0
PEGXDOIB,25,4,14,12,3,0,12,3,6,6,3,0,13,1,8,6,0,0,6,0,4,2,0,0,15,14,6,29,0
ABCLYVY3,1,0,0,1,0,0,0,0,0,0,0,0,1,0,0,1,0,0,1,0,0,1,0,0,0,1,1,1,0
7NCVWDCV,67,3,24,42,2,2,33,1,14,20,0,1,34,2,10,22,2,1,13,0,6,5,1,0,34,36,13,70,0
FDGVLBYK,41,1,6,28,7,1,12,1,2,6,4,1,29,0,4,22,3,0,4,0,2,2,0,0,13,29,4,42,0
2GLQHA4P,4,2,1,5,0,0,1,0,0,1,0,0,3,2,1,4,0,0,0,0,0,0,0,0,1,5,0,6,0
DRHUQ3ML,15,2,5,9,3,0,7,1,1,4,3,0,8,1,4,5,0,0,2,0,1,1,0,0,8,9,2,17,0
LLYLV8NZ,6,1,0,7,0,0,3,0,0,3,0,0,3,1,0,4,0,0,0,0,0,0,0,0,3,4,0,7,0
SC1SOFZ1,5,1,2,4,0,0,3,0,2,1,0,0,2,1,0,3,0,0,0,0,0,0,0,0,3,3,0,6,0
GBBERBNM,12,8,2,18,0,0,3,2,0,5,0,0,9,6,2,13,0,0,5,3,1,7,0,0,5,15,8,20,0
WUMNUJMI,12,3,2,13,0,0,4,0,0,4,0,0,8,3,2,9,0,0,1,0,1,0,0,0,4,11,1,15,0
1ZBT7L9G,92,6,12,71,14,2,38,6,2,32,9,1,54,0,10,39,5,1,11,0,1,9,1,0,44,54,11,98,0
STF6EMCD,1,0,0,0,1,0,0,0,0,0,0,0,1,0,0,0,1,0,0,0,0,0,0,0,0,1,0,1,0
R25V8CAM,1,0,0,1,0,0,1,0,0,1,0,0,0,0,0,0,0,0,0,0,0,0,0,0,1,0,0,1,0
P2K7OULU,12,2,4,10,0,0,12,2,4,10,0,0,0,0,0,0,0,0,0,0,0,0,0,0,14,0,0,14,0
ECPETDQV,30,2,9,22,1,0,11,2,2,10,1,0,19,0,7,12,0,0,4,0,1,3,0,0,13,19,4,32,0
HEPLOOBE,23,5,3,16,9,0,8,3,1,6,4,0,15,2,2,10,5,0,4,1,1,4,0,0,11,17,5,28,0
LXUQFSM3,8,1,4,5,0,0,4,0,1,3,0,0,4,1,3,2,0,0,0,0,0,0,0,0,4,5,0,9,0
FMNLJXRK,3,0,0,3,0,0,2,0,0,2,0,0,1,0,0,1,0,0,0,0,0,0,0,0,2,1,0,3,0
WD8KDUBV,51,8,5,45,9,0,31,8,2,28,9,0,20,0,3,17,0,0,1,0,0,1,0,0,39,20,1,59,0
ZPIQEFTM,19,2,6,12,2,1,10,0,2,7,1,0,9,2,4,5,1,1,0,0,0,0,0,0,10,11,0,21,0
E6YFFCUR,121,9,17,82,29,2,52,4,12,34,10,0,69,5,5,48,19,2,10,0,2,7,1,0,56,74,10,130,0
WK12RRKD,1,0,0,1,0,0,1,0,0,1,0,0,0,0,0,0,0,0,0,0,0,0,0,0,1,0,0,1,0
PAII6CUC,18,0,3,13,2,0,3,0,0,1,2,0,15,0,3,12,0,0,5,0,1,4,0,0,3,15,5,18,0
US5WYDKL,57,0,13,43,1,0,10,0,2,8,0,0,47,0,11,35,1,0,6,0,1,5,0,0,10,47,6,57,0
4SRUHMPR,42,1,7,33,3,0,16,1,3,13,1,0,26,0,4,20,2,0,1,0,0,1,0,0,17,26,1,43,0
GVDBYB6Z,3,0,0,1,0,2,0,0,0,0,0,0,3,0,0,1,0,2,0,0,0,0,0,0,0,3,0,3,0
1THYKOV4,32,3,8,23,3,1,22,2,6,14,3,1,10,1,2,9,0,0,1,0,0,1,0,0,24,11,1,35,0
GZVSUJH1,43,0,7,36,0,0,10,0,3,7,0,0,33,0,4,29,0,0,1,0,0,1,0,0,10,33,1,43,0
YD1ETWCW,36,0,3,32,1,0,13,0,1,11,1,0,23,0,2,21,0,0,4,0,0,4,0,0,13,23,4,36,0
GS3EBCMK,3,0,1,1,1,0,1,0,0,0,1,0,2,0,1,1,0,0,0,0,0,0,0,0,1,2,0,3,0
ETIH2T1D,7,5,0,9,3,0,0,0,0,0,0,0,7,5,0,9,3,0,1,0,0,1,0,0,0,12,1,12,0
YIHUS738,6,3,2,6,1,0,1,1,2,0,0,0,5,2,0,6,1,0,1,2,0,3,0,0,2,7,3,9,0
WWMF3SCW,4,2,3,3,0,0,3,2,3,2,0,0,1,0,0,1,0,0,0,0,0,0,0,0,5,1,0,6,0
UFGMRKIB,49,4,12,33,8,0,16,3,2,12,5,0,33,1,10,21,3,0,7,0,1,6,0,0,19,34,7,53,0
YBBPNXOT,3,3,2,4,0,0,2,0,0,2,0,0,1,3,2,2,0,0,0,1,0,1,0,0,2,4,1,6,0
TGCOBVQD,9,4,2,9,2,0,7,0,1,5,1,0,2,4,1,4,1,0,0,0,0,0,0,0,7,6,0,13,0
QEDHF8DT,5,0,0,5,0,0,1,0,0,1,0,0,4,0,0,4,0,0,1,0,0,1,0,0,1,4,1,5,0
7VNGAIZY,65,2,8,49,9,1,17,0,2,14,1,0,48,2,6,35,8,1,15,0,3,9,3,0,17,50,15,67,0
QBQRTQPK,0,1,1,0,0,1,0,1,1,0,0,1,0,0,0,0,0,0,0,0,0,0,0,0,1,0,0,1,0
NTNIXMJX,14,2,0,14,2,0,9,2,0,9,2,0,5,0,0,5,0,0,0,0,0,0,0,0,11,5,0,16,0
JJGE8CLR,82,30,20,76,13,4,36,15,9,33,6,3,46,15,11,43,7,1,1,0,1,0,0,0,51,61,1,112,0
IZISTHIJ,20,0,2,18,0,0,4,0,0,4,0,0,16,0,2,14,0,0,4,0,2,2,0,0,4,16,4,20,0
CF8FZP7P,62,15,9,62,6,0,16,2,1,15,2,0,46,13,8,47,4,0,3,0,0,3,0,0,18,59,3,77,0
NRVVXTOB,9,0,2,7,0,0,1,0,0,1,0,0,8,0,2,6,0,0,2,0,0,2,0,0,1,8,2,9,0
7QKX8YNA,3,1,0,1,3,0,3,1,0,1,3,0,0,0,0,0,0,0,0,0,0,0,0,0,4,0,0,4,0
SFDZ1MNZ,7,4,4,7,0,0,2,1,2,1,0,0,5,3,2,6,0,0,1,0,0,1,0,0,3,8,1,11,0
4PH2NVXB,6,0,1,3,2,0,4,0,1,2,1,0,2,0,0,1,1,0,0,0,0,0,0,0,4,2,0,6,0
LPEURQCH,21,1,9,13,0,3,8,1,3,6,0,3,13,0,6,7,0,0,6,0,3,3,0,0,9,13,6,22,0
7OEPY4LN,6,1,0,6,0,1,1,1,0,1,0,1,5,0,0,5,0,0,0,0,0,0,0,0,2,5,0,7,0
CYWD5BWE,60,3,25,35,3,1,22,3,9,16,0,1,38,0,16,19,3,0,3,0,1,2,0,0,25,38,3,63,0
HF6VPZBR,112,0,18,79,15,0,37,0,8,27,2,0,75,0,10,52,13,0,15,0,2,12,1,0,37,75,15,112,0
DVJ1K41L,19,4,4,18,1,0,5,3,0,8,0,0,14,1,4,10,1,0,1,0,1,0,0,0,8,15,1,23,0
O36JOXPZ,11,4,2,12,1,0,3,4,0,6,1,0,8,0,2,6,0,0,2,0,1,1,0,0,7,8,2,15,0
GBMJPZQS,176,33,48,108,49,4,49,11,12,32,16,0,127,22,36,76,33,4,45,6,12,28,11,0,60,149,51,209,0
ULTAE42N,28,1,9,17,3,0,3,1,2,2,0,0,25,0,7,15,3,0,1,0,0,1,0,0,4,25,1,29,0
YEIV4DDY,38,2,13,26,1,0,16,2,6,12,0,0,22,0,7,14,1,0,4,0,3,1,0,0,18,22,4,40,0
FTZFFCJV,38,0,8,28,2,1,10,0,2,7,1,0,28,0,6,21,1,1,1,0,0,1,0,0,10,28,1,38,0
BP6SQWJ1,22,6,9,19,0,0,0,0,0,0,0,0,22,6,9,19,0,0,3,0,0,3,0,0,0,28,3,28,0
YDKGOVFX,8,0,0,8,0,0,5,0,0,5,0,0,3,0,0,3,0,0,1,0,0,1,0,0,5,3,1,8,0
CDJ9TDYG,27,0,7,19,1,0,6,0,2,4,0,0,21,0,5,15,1,0,3,0,0,3,0,0,6,21,3,27,0
TRM1UWMI,30,0,2,14,12,2,5,0,1,4,0,0,25,0,1,10,12,2,1,0,0,1,0,0,5,25,1,30,0
SEQ9YWUT,24,0,8,15,0,1,7,0,3,4,0,0,17,0,5,11,0,1,1,0,0,1,0,0,7,17,1,24,0
QTT9AFE7,12,0,3,7,2,0,5,0,3,2,0,0,7,0,0,5,2,0,4,0,0,3,1,0,5,7,4,12,0
KRRYWYLI,38,15,9,41,3,0,9,15,3,18,3,0,29,0,6,23,0,0,5,0,1,4,0,0,24,29,5,53,0
YNOYODN8,98,21,29,80,7,7,37,14,13,34,1,4,61,7,16,46,6,3,12,0,3,8,1,1,51,68,12,119,0
5WHAMVZA,53,8,0,41,17,3,7,6,0,6,4,3,46,2,0,35,13,0,0,0,0,0,0,0,13,48,0,61,0
9K94XY6V,65,40,15,64,24,2,29,12,4,21,14,2,36,28,11,43,10,0,5,10,2,11,2,0,41,64,15,105,0
8NLQ1G2S,13,0,0,13,0,0,6,0,0,6,0,0,7,0,0,7,0,0,1,0,0,1,0,0,6,7,1,13,0
PTJJMGVL,37,2,13,24,2,1,11,1,4,7,1,0,26,1,9,17,1,1,7,1,2,5,1,1,12,27,8,39,0
BZLRICFV,22,13,6,27,2,0,21,13,6,26,2,0,1,0,0,1,0,0,1,0,0,1,0,0,34,1,1,35,0
LVO9GN5Y,36,9,8,22,14,1,14,6,4,12,3,1,22,3,4,10,11,0,3,1,2,1,1,0,20,25,4,45,0
ISRZDVCS,87,8,23,72,0,0,38,6,15,29,0,0,49,2,8,43,0,0,12,1,3,10,0,0,44,51,13,95,0
F9BBLOMB,8,10,1,11,6,0,4,5,0,6,3,0,4,5,1,5,3,0,2,4,1,4,1,0,9,9,6,18,0
STBDMAKW,3,0,0,1,1,1,1,0,0,1,0,0,2,0,0,0,1,1,1,0,0,0,0,1,1,2,1,3,0
4XEEGYNL,8,0,0,1,7,0,1,0,0,1,0,0,7,0,0,0,7,0,0,0,0,0,0,0,1,7,0,8,0
XFHHJCAM,24,0,3,16,5,0,10,0,1,6,3,0,14,0,2,10,2,0,0,0,0,0,0,0,10,14,0,24,0
BDKKJH86,11,1,2,10,0,0,4,0,2,2,0,0,7,1,0,8,0,0,3,1,0,4,0,0,4,8,4,12,0
PWMMWQ2E,4,0,0,4,0,0,0,0,0,0,0,0,4,0,0,4,0,0,3,0,0,3,0,0,0,4,3,4,0
TZD1NKVK,6,4,0,4,6,0,0,0,0,0,0,0,6,4,0,4,6,0,0,0,0,0,0,0,0,10,0,10,0
RJOUNKYO,51,3,21,32,1,0,11,2,5,8,0,0,40,1,16,24,1,0,2,0,1,1,0,0,13,41,2,54,0
SC1QAIGU,4,3,1,6,0,0,1,3,0,4,0,0,3,0,1,2,0,0,0,0,0,0,0,0,4,3,0,7,0
KCCBLPVL,23,5,1,18,7,2,2,0,1,0,1,0,21,5,0,18,6,2,12,4,0,10,4,2,2,26,16,28,1
YCF7TRKE,17,0,0,17,0,0,4,0,0,4,0,0,13,0,0,13,0,0,2,0,0,2,0,0,4,13,2,17,0
2SGUCJ2J,3,0,0,3,0,0,2,0,0,2,0,0,1,0,0,1,0,0,0,0,0,0,0,0,2,1,0,3,0
3LERERYQ,26,0,7,18,1,0,11,0,2,9,0,0,15,0,5,9,1,0,0,0,0,0,0,0,11,15,0,26,0
SXV9ENTK,138,40,6,83,59,30,51,10,3,28,20,10,87,30,3,55,39,20,72,29,2,43,37,19,61,117,101,178,0
QNZFS3CJ,5,1,0,6,0,0,0,0,0,0,0,0,5,1,0,6,0,0,0,0,0,0,0,0,0,6,0,6,0
XOTHLHE9,17,2,11,7,1,1,5,0,3,1,1,0,12,2,8,6,0,1,0,0,0,0,0,0,5,14,0,19,0
1DHD4TV3,30,5,10,24,1,0,10,1,5,6,0,0,20,4,5,18,1,0,0,0,0,0,0,0,11,24,0,35,0
UKNWZILK,13,1,1,11,2,0,2,1,0,2,1,0,11,0,1,9,1,0,2,0,0,1,1,0,3,11,2,14,0
FR4ZTT8T,4,0,1,3,0,0,1,0,0,1,0,0,3,0,1,2,0,0,0,0,0,0,0,0,1,3,0,4,0
QQWKAUYG,1,0,0,1,0,0,0,0,0,0,0,0,1,0,0,1,0,0,0,0,0,0,0,0,0,1,0,1,0
FKRPCVUL,35,9,2,27,14,1,2,1,0,1,2,0,33,8,2,26,12,1,5,3,1,3,4,0,3,41,8,44,0
9EGWTCKF,26,5,6,22,3,0,6,3,0,7,2,0,20,2,6,15,1,0,3,0,0,3,0,0,9,22,3,31,0
1E1ADYZJ,16,2,4,11,3,0,6,2,1,6,1,0,10,0,3,5,2,0,0,0,0,0,0,0,8,10,0,18,0
KADT39I8,6,0,0,6,0,0,4,0,0,4,0,0,2,0,0,2,0,0,0,0,0,0,0,0,4,2,0,6,0
HMB2F3CM,14,8,1,10,6,5,2,1,0,3,0,0,12,7,1,7,6,5,1,5,0,2,3,1,3,19,6,22,0
LKHIQNB4,29,8,18,19,0,0,21,5,14,12,0,0,8,3,4,7,0,0,1,0,1,0,0,0,26,11,1,37,0
DJ4P1BRJ,54,0,13,37,4,0,7,0,4,2,1,0,47,0,9,35,3,0,13,0,2,9,2,0,7,47,13,54,0
YUWGRREN,59,0,18,39,2,0,11,0,3,8,0,0,48,0,15,31,2,0,10,0,2,8,0,0,11,48,10,59,0
LUWQDP9I,70,27,5,78,14,0,30,25,1,41,13,0,40,2,4,37,1,0,8,0,1,7,0,0,55,42,8,97,0
KFBGEFJD,33,3,7,17,12,0,14,3,4,8,5,0,19,0,3,9,7,0,0,0,0,0,0,0,17,19,0,36,0
SBQRADIV,22,2,6,17,1,0,3,2,0,5,0,0,19,0,6,12,1,0,0,0,0,0,0,0,5,19,0,24,0
FF5BJYHF,11,2,7,6,0,0,2,0,1,1,0,0,9,2,6,5,0,0,2,1,2,1,0,0,2,11,3,13,0
CBLOZLSZ,54,0,11,40,3,0,12,0,1,9,2,0,42,0,10,31,1,0,8,0,0,7,1,0,12,42,8,54,0
LHHCPLZV,15,4,1,8,10,0,3,3,1,3,2,0,12,1,0,5,8,0,2,0,0,2,0,0,6,13,2,19,0
VQVCBRUR,90,18,40,67,1,1,43,16,25,33,1,1,47,2,15,34,0,0,5,1,2,4,0,0,59,49,6,108,0
NGG46RY7,34,23,9,27,21,0,4,9,3,8,2,0,30,14,6,19,19,0,4,2,1,4,1,0,13,44,6,57,0
KEAHQSUP,41,4,17,27,1,2,9,1,2,7,1,1,32,3,15,20,0,1,4,0,0,4,0,0,10,35,4,45,0
W3FXNJHX,20,0,9,9,0,4,4,0,1,3,0,0,16,0,8,6,0,4,3,0,1,2,0,0,4,16,3,20,0
CXOW4PAQ,94,3,38,48,0,22,29,1,10,15,0,5,65,2,28,33,0,17,10,0,7,3,0,3,30,67,10,97,0
CDS9XW94,11,3,2,10,2,0,1,2,1,1,1,0,10,1,1,9,1,0,3,0,0,3,0,0,3,11,3,14,0
CKN8XIQL,16,0,0,13,3,0,6,0,0,5,1,0,10,0,0,8,2,0,3,0,0,3,0,0,6,10,3,16,0
IL6QECCH,8,1,0,9,0,0,2,1,0,3,0,0,6,0,0,6,0,0,0,0,0,0,0,0,3,6,0,9,0
GQEMIBKA,23,0,6,15,2,0,7,0,3,4,0,0,16,0,3,11,2,0,1,0,1,0,0,0,7,16,1,23,0
WKK4B3LW,24,0,5,19,0,1,6,0,1,5,0,1,18,0,4,14,0,0,5,0,2,3,0,0,6,18,5,24,0
9MGGNZ4P,17,0,9,8,0,0,14,0,8,6,0,0,3,0,1,2,0,0,1,0,0,1,0,0,14,3,1,17,0
LAMXFSVF,32,5,3,33,0,1,11,4,1,14,0,0,21,1,2,19,0,1,4,0,0,4,0,0,15,22,4,37,0
WAMHISFJ,1,0,0,1,0,0,1,0,0,1,0,0,0,0,0,0,0,0,0,0,0,0,0,0,1,0,0,1,0
SUOBZJFM,80,18,28,59,11,0,44,7,11,35,5,0,36,11,17,24,6,0,7,0,3,4,0,0,51,47,7,98,0
SMCTGHQI,2,0,2,0,0,0,2,0,2,0,0,0,0,0,0,0,0,0,0,0,0,0,0,0,2,0,0,2,0
OUHMYPGW,13,0,0,13,0,0,3,0,0,3,0,0,10,0,0,10,0,0,6,0,0,6,0,0,3,10,6,13,0
FWUGMJ6P,43,3,2,34,9,1,14,0,0,10,3,1,29,3,2,24,6,0,4,0,0,3,1,0,14,32,4,46,0
S9WVYJEX,5,1,0,6,0,0,5,1,0,6,0,0,0,0,0,0,0,0,0,0,0,0,0,0,6,0,0,6,0
ZDFJCTXY,5,1,0,2,2,2,3,1,0,2,2,0,2,0,0,0,0,2,0,0,0,0,0,0,4,2,0,6,0
RKA914NI,7,0,1,5,1,0,5,0,1,4,0,0,2,0,0,1,1,0,0,0,0,0,0,0,5,2,0,7,0
CUFNFTX8,39,12,21,25,2,2,10,3,6,6,0,0,29,9,15,19,2,2,4,0,0,3,1,0,13,38,4,51,0
X5JWK1J2,58,3,9,45,7,0,10,1,1,10,0,0,48,2,8,35,7,0,5,0,2,2,1,0,11,50,5,61,0
DDSOYYMQ,32,1,11,19,3,0,5,1,1,4,1,0,27,0,10,15,2,0,2,0,1,1,0,0,6,27,2,33,0
ZDKAZ6E8,29,0,8,21,0,0,10,0,1,9,0,0,19,0,7,12,0,0,1,0,0,1,0,0,10,19,1,29,0
VA5HKAHU,14,1,4,11,0,0,3,0,1,2,0,0,11,1,3,9,0,0,2,0,0,2,0,0,3,12,2,15,0
RHMQV2MR,135,17,11,126,13,2,53,11,2,51,9,2,82,6,9,75,4,0,0,0,0,0,0,0,64,88,0,152,0
HSVBEWKA,36,0,12,24,0,0,7,0,4,3,0,0,29,0,8,21,0,0,1,0,0,1,0,0,7,29,1,36,0
G2PBHFPA,74,4,12,50,10,6,11,0,5,6,0,0,63,4,7,44,10,6,2,0,0,2,0,0,11,67,2,78,0
JWHJDVPU,6,1,1,6,0,0,3,1,1,3,0,0,3,0,0,3,0,0,0,0,0,0,0,0,4,3,0,7,0
LVAPHOXF,21,0,3,8,0,6,5,0,2,2,0,2,16,0,1,6,0,4,5,0,1,1,0,1,5,16,5,21,0
PNUJ5KAK,11,1,3,9,0,0,2,0,1,1,0,0,9,1,2,8,0,0,2,0,2,0,0,0,2,10,2,12,0
XHORINWY,14,4,1,13,4,0,3,1,0,4,0,0,11,3,1,9,4,0,0,0,0,0,0,0,4,14,0,18,0
T2UPLNKF,125,4,10,113,6,0,32,3,2,32,1,0,93,1,8,81,5,0,15,0,2,11,2,0,35,94,15,129,0
SRPBYXQ6,16,0,1,13,2,0,4,0,1,2,1,0,12,0,0,11,1,0,1,0,0,1,0,0,4,12,1,16,0
DDUPFHKG,6,0,3,3,0,1,1,0,0,1,0,0,5,0,3,2,0,1,1,0,1,0,0,0,1,5,1,6,0
FFTYLMTI,6,7,4,8,1,0,1,4,4,1,0,0,5,3,0,7,1,0,3,0,0,3,0,0,5,8,3,13,0
2CRRIRKQ,103,21,31,93,0,0,22,10,6,26,0,0,81,11,25,67,0,0,6,2,1,7,0,0,32,92,8,124,0
UVTE55UO,6,0,2,4,0,0,3,0,1,2,0,0,3,0,1,2,0,0,2,0,1,1,0,0,3,3,2,6,0
GTYD7RXN,35,0,13,22,0,1,12,0,6,6,0,1,23,0,7,16,0,0,1,0,0,1,0,0,12,23,1,35,0
4J5CJOYQ,29,2,0,24,7,0,5,0,0,5,0,0,24,2,0,19,7,0,0,0,0,0,0,0,5,26,0,31,0
UIZIPOZD,130,34,23,98,37,7,54,15,8,37,18,7,76,19,15,61,19,0,31,7,4,28,6,0,69,95,38,164,0
PVGPY4PI,6,1,0,7,0,0,3,1,0,4,0,0,3,0,0,3,0,0,1,0,0,1,0,0,4,3,1,7,0
PH6UG66T,33,6,6,33,0,0,14,6,3,17,0,0,19,0,3,16,0,0,4,0,1,3,0,0,20,19,4,39,0
6O6LK6SN,8,0,0,7,1,0,5,0,0,5,0,0,3,0,0,2,1,0,0,0,0,0,0,0,5,3,0,8,0
B9JI3QUW,40,2,6,34,2,1,26,2,6,20,2,1,14,0,0,14,0,0,3,0,0,3,0,0,28,14,3,42,0
LD1MNXWR,12,0,2,8,2,0,12,0,2,8,2,0,0,0,0,0,0,0,0,0,0,0,0,0,12,0,0,12,0
AIBXLME4,52,4,3,51,2,0,18,2,2,17,1,0,34,2,1,34,1,0,2,0,0,2,0,0,20,36,2,56,0
FZY6ITJD,19,0,1,18,0,0,5,0,1,4,0,0,14,0,0,14,0,0,2,0,0,2,0,0,5,14,2,19,0
ZKFHYMBH,2,0,1,1,0,1,0,0,0,0,0,0,2,0,1,1,0,1,0,0,0,0,0,0,0,2,0,2,0
4OTKMLTF,41,4,16,27,2,0,15,2,9,8,0,0,26,2,7,19,2,0,12,1,2,11,0,0,17,28,13,45,0
MPCNTH5J,15,0,0,14,1,0,9,0,0,8,1,0,6,0,0,6,0,0,0,0,0,0,0,0,9,6,0,15,0
BS9H1YEK,21,7,6,19,3,0,13,3,3,10,3,0,8,4,3,9,0,0,1,0,0,1,0,0,16,12,1,28,0
NYCQIGUC,42,12,1,38,11,4,25,7,0,23,5,4,17,5,1,15,6,0,0,0,0,0,0,0,32,22,0,54,0
O87WZB6D,28,5,8,25,0,0,5,4,3,6,0,0,23,1,5,19,0,0,7,0,3,4,0,0,9,24,7,33,0
HMVBSFKK,62,1,6,39,14,4,33,0,3,20,6,4,29,1,3,19,8,0,3,0,0,3,0,0,33,30,3,63,0
KC4MRFER,5,3,0,5,3,0,0,2,0,1,1,0,5,1,0,4,2,0,0,0,0,0,0,0,2,6,0,8,0
CGBN3KAW,2,0,0,2,0,0,0,0,0,0,0,0,2,0,0,2,0,0,0,0,0,0,0,0,0,2,0,2,0
IYJ2JY6H,56,5,15,31,9,6,10,0,3,5,2,0,46,5,12,26,7,6,10,0,3,6,1,0,10,51,10,61,0
AQPFKGEC,6,0,0,6,0,0,2,0,0,2,0,0,4,0,0,4,0,0,1,0,0,1,0,0,2,4,1,6,0
JMKONJFE,12,1,3,10,0,0,4,0,1,3,0,0,8,1,2,7,0,0,2,0,0,2,0,0,4,9,2,13,0
QVCFZY3L,51,0,19,32,0,1,25,0,10,15,0,1,26,0,9,17,0,0,5,0,2,3,0,0,25,26,5,51,0
3UVFDWMK,70,17,14,61,12,0,43,14,12,35,10,0,27,3,2,26,2,0,2,0,1,1,0,0,57,30,2,87,0
EZQIAFJK,10,0,4,6,0,0,1,0,0,1,0,0,9,0,4,5,0,0,2,0,1,1,0,0,1,9,2,10,0
MENEHJY9,11,0,0,7,3,1,5,0,0,3,1,1,6,0,0,4,2,0,1,0,0,0,1,0,5,6,1,11,0
I4EYKLID,114,16,25,98,7,1,44,9,11,41,1,1,70,7,14,57,6,0,7,2,3,6,0,0,53,77,9,130,0
EYKSFIPJ,1,1,1,1,0,0,1,0,1,0,0,0,0,1,0,1,0,0,0,0,0,0,0,0,1,1,0,2,0
KRWTR233,8,0,0,8,0,0,1,0,0,1,0,0,7,0,0,7,0,0,0,0,0,0,0,0,1,7,0,8,0
NGXIYDUX,14,6,0,16,4,0,3,3,0,5,1,0,11,3,0,11,3,0,1,1,0,1,1,0,6,14,2,20,0
RDFJNARI,59,1,14,43,3,0,28,0,8,17,3,0,31,1,6,26,0,0,7,0,3,4,0,0,28,32,7,60,0
OHGCW5JC,8,1,1,6,0,2,3,1,0,4,0,0,5,0,1,2,0,2,1,0,0,1,0,0,4,5,1,9,0
LBRPPCCO,25,5,7,20,3,0,11,5,5,9,2,0,14,0,2,11,1,0,0,0,0,0,0,0,16,14,0,30,0
VJFCGWSZ,5,0,2,3,0,0,3,0,1,2,0,0,2,0,1,1,0,0,1,0,1,0,0,0,3,2,1,5,0
FNITFCTE,3,0,2,0,1,0,3,0,2,0,1,0,0,0,0,0,0,0,0,0,0,0,0,0,3,0,0,3,0
FFGEFCTT,25,1,5,14,3,4,7,0,2,4,1,0,18,1,3,10,2,4,3,1,1,2,1,0,7,19,4,26,0
TCGU1TXF,192,40,80,149,3,3,66,14,34,44,2,1,126,26,46,105,1,2,23,3,9,17,0,0,80,152,26,232,0
MHTAOILL,40,1,15,23,3,1,8,1,5,2,2,1,32,0,10,21,1,0,7,0,1,5,1,0,9,32,7,41,0
589MB7TG,191,15,31,161,12,2,52,9,7,45,7,2,139,6,24,116,5,0,28,0,5,23,0,0,61,145,28,206,0
YVVWPSV1,27,0,2,25,0,0,4,0,1,3,0,0,23,0,1,22,0,0,3,0,1,2,0,0,4,23,3,27,0
TIGTUOQY,10,0,3,7,0,0,3,0,2,1,0,0,7,0,1,6,0,0,0,0,0,0,0,0,3,7,0,10,0
RS9J8OBP,54,2,18,33,5,1,14,2,6,9,1,1,40,0,12,24,4,0,10,0,4,5,1,0,16,40,10,56,0
8DMWZWCN,2,0,0,2,0,0,1,0,0,1,0,0,1,0,0,1,0,0,0,0,0,0,0,0,1,1,0,2,0
JGLYTJEO,68,13,27,44,10,6,44,13,17,30,10,6,24,0,10,14,0,0,2,0,0,2,0,0,57,24,2,81,0
FRU4R4ZG,65,1,20,46,0,0,18,1,7,12,0,0,47,0,13,34,0,0,8,0,5,3,0,0,19,47,8,66,0
IKFI4EGL,8,0,2,6,0,0,0,0,0,0,0,0,8,0,2,6,0,0,1,0,1,0,0,0,0,8,1,8,0
BPK5YFXP,24,6,3,26,1,0,9,0,2,7,0,0,15,6,1,19,1,0,1,2,0,3,0,0,9,21,3,30,0
MMLIRYB9,22,1,6,12,5,0,10,0,0,8,2,0,12,1,6,4,3,0,1,0,0,1,0,0,10,13,1,23,0
BRMADHRL,44,2,9,34,3,0,7,2,1,7,1,0,37,0,8,27,2,0,12,0,1,10,1,0,9,37,12,46,0
BJIMUBYJ,6,9,4,7,4,0,3,6,4,3,2,0,3,3,0,4,2,0,2,2,0,3,1,0,9,6,4,15,0
ZD3B2XPW,16,6,4,15,3,1,7,5,3,7,2,0,9,1,1,8,1,1,1,0,0,1,0,0,12,10,1,22,0
FBYZLPQC,10,0,0,10,0,0,0,0,0,0,0,0,10,0,0,10,0,0,0,0,0,0,0,0,0,10,0,10,0
JWXMUYNJ,27,3,5,25,0,0,6,1,4,3,0,0,21,2,1,22,0,0,4,0,0,4,0,0,7,23,4,30,0
YCAHCQBN,17,3,6,14,0,0,9,2,2,9,0,0,8,1,4,5,0,0,1,0,1,0,0,0,11,9,1,20,0
XN3YD6GY,49,10,12,40,6,2,15,3,2,14,2,1,34,7,10,26,4,1,6,0,1,4,0,0,18,41,6,59,0
RFHMGKIP,6,0,2,3,0,0,1,0,1,0,0,0,5,0,1,3,0,0,2,0,0,1,0,0,1,5,2,6,0
PQCDH7LH,92,40,13,49,54,16,49,20,12,26,24,7,43,20,1,23,30,9,3,1,1,1,2,0,69,63,4,132,0
CLX9MJ2V,38,4,14,25,3,0,17,4,10,10,1,0,21,0,4,15,2,0,5,0,1,3,1,0,21,21,5,42,0
RFOLPBIL,7,4,3,5,2,1,3,3,2,3,0,1,4,1,1,2,2,0,0,0,0,0,0,0,6,5,0,11,0
5N1APNDQ,15,2,3,14,0,0,6,0,1,5,0,0,9,2,2,9,0,0,5,1,1,5,0,0,6,11,6,17,0
2S7IX599,27,3,5,25,0,0,9,1,1,9,0,0,18,2,4,16,0,0,1,2,0,3,0,0,10,20,3,30,0
YY94SQLJ,24,3,1,21,5,0,9,1,1,7,2,0,15,2,0,14,3,0,3,1,0,3,1,0,10,17,4,27,0
NJVU4DQT,308,109,61,299,57,2,113,50,7,127,29,0,195,59,54,172,28,2,43,10,5,43,5,0,163,254,53,417,0
JPHBNLDK,31,0,4,22,4,1,7,0,1,6,0,0,24,0,3,16,4,1,6,0,2,2,2,0,7,24,6,31,0
YSG5IB89,35,2,14,19,4,1,6,2,2,5,1,0,29,0,12,14,3,1,7,0,2,3,2,1,8,29,7,37,0
ARCWIDZW,35,1,15,19,2,0,12,1,5,8,0,0,23,0,10,11,2,0,5,0,0,5,0,0,13,23,5,36,0
P9QQWSXE,17,3,3,11,6,0,4,1,0,4,1,0,13,2,3,7,5,0,2,0,0,1,1,0,5,15,2,20,0
URUOPTPI,20,0,11,9,0,0,3,0,1,2,0,0,17,0,10,7,0,0,6,0,1,5,0,0,3,17,6,20,0
3OVK2J2Y,39,1,6,28,5,1,14,0,3,10,1,0,25,1,3,18,4,1,2,0,0,2,0,0,14,26,2,40,0
CWED1UHZ,45,3,17,31,0,1,8,1,1,8,0,0,37,2,16,23,0,1,8,0,3,5,0,0,9,39,8,48,0
IBAAGSQF,88,6,25,62,6,2,41,0,8,28,4,2,47,6,17,34,2,0,5,0,1,4,0,0,41,53,5,94,0
D7QQKGMX,26,1,11,16,0,2,6,1,2,5,0,1,20,0,9,11,0,1,3,0,2,1,0,1,7,20,3,27,0
ME8XIB6V,43,0,10,33,0,1,8,0,2,6,0,0,35,0,8,27,0,1,6,0,1,5,0,0,8,35,6,43,0
OAHHUCKH,12,0,4,1,7,2,3,0,2,0,1,0,9,0,2,1,6,2,2,0,0,0,2,0,3,9,2,12,0
B1SM2JXL,128,7,26,96,13,0,44,6,9,37,4,0,84,1,17,59,9,0,6,0,3,3,0,0,50,85,6,135,0
U5V97O3T,22,2,6,18,0,0,5,0,1,4,0,0,17,2,5,14,0,0,0,0,0,0,0,0,5,19,0,24,0
HCNNJWCJ,19,2,10,11,0,0,5,2,4,3,0,0,14,0,6,8,0,0,0,0,0,0,0,0,7,14,0,21,0
FWYLQWRX,65,20,13,45,22,7,42,15,9,26,17,7,23,5,4,19,5,0,1,0,1,0,0,0,57,28,1,85,0
KYTEJTAC,20,12,5,15,10,2,20,9,5,14,8,2,0,3,0,1,2,0,0,0,0,0,0,0,29,3,0,32,0
3HEHVNXH,9,0,1,8,0,0,4,0,0,4,0,0,5,0,1,4,0,0,0,0,0,0,0,0,4,5,0,9,0
ZHAF4SNN,19,2,9,12,0,0,1,0,0,1,0,0,18,2,9,11,0,0,2,0,0,2,0,0,1,20,2,21,0
LSPXF6MN,9,0,1,7,1,0,6,0,1,4,1,0,3,0,0,3,0,0,3,0,0,3,0,0,6,3,3,9,0
CTKDMBGF,62,3,15,45,5,0,27,1,2,24,2,0,35,2,13,21,3,0,3,0,1,2,0,0,28,37,3,65,0
ZWCIZHHQ,18,0,15,3,0,0,4,0,2,2,0,0,14,0,13,1,0,0,2,0,2,0,0,0,4,14,2,18,0
LRP6IICH,63,5,15,36,5,12,23,3,6,10,2,8,40,2,9,26,3,4,5,0,2,2,0,1,26,42,5,68,0
5FVHPPME,13,0,7,6,0,1,3,0,0,3,0,0,10,0,7,3,0,1,0,0,0,0,0,0,3,10,0,13,0
YAHRDQNO,13,0,5,8,0,0,9,0,3,6,0,0,4,0,2,2,0,0,1,0,0,1,0,0,9,4,1,13,0
VJBOFSKT,31,3,6,18,6,4,9,0,4,3,2,0,22,3,2,15,4,4,1,1,0,2,0,0,9,25,2,34,0
XXSJWVFF,30,0,1,29,0,0,9,0,0,9,0,0,21,0,1,20,0,0,2,0,0,2,0,0,9,21,2,30,0
N9M4YENA,30,3,9,20,4,0,14,3,4,9,4,0,16,0,5,11,0,0,6,0,2,4,0,0,17,16,6,33,0
FDP2FTQS,29,9,3,27,8,0,19,5,1,16,7,0,10,4,2,11,1,0,1,1,0,2,0,0,24,14,2,38,0
H8NAINZU,104,16,23,82,14,2,51,9,9,42,8,2,53,7,14,40,6,0,8,0,2,6,0,0,60,60,8,120,0
2NCMC4BF,28,6,4,24,4,2,11,6,0,14,1,2,17,0,4,10,3,0,0,0,0,0,0,0,17,17,0,34,0
ILROJFST,7,3,4,6,0,0,6,3,4,5,0,0,1,0,0,1,0,0,0,0,0,0,0,0,9,1,0,10,0
RGLMP1ZI,5,0,3,2,0,0,1,0,0,1,0,0,4,0,3,1,0,0,2,0,2,0,0,0,1,4,2,5,0
PCBSDSXC,132,20,42,77,30,2,61,11,23,35,13,0,71,9,19,42,17,2,4,0,1,3,0,0,72,80,4,152,0
M3MVMWS8,97,4,71,30,0,24,34,1,25,10,0,4,63,3,46,20,0,20,8,0,6,2,0,5,35,66,8,101,0
HUVAUQRY,16,4,1,17,2,0,7,0,1,5,1,0,9,4,0,12,1,0,1,0,0,1,0,0,7,13,1,20,0
IJMTZDRT,32,3,5,23,7,0,20,1,2,14,5,0,12,2,3,9,2,0,3,2,0,4,1,0,21,14,5,35,0
AVR3I58D,71,7,3,67,4,4,24,3,1,20,4,2,47,4,2,47,0,2,12,0,1,11,0,0,27,51,12,78,0
V7FQ3O6Y,5,0,0,5,0,0,1,0,0,1,0,0,4,0,0,4,0,0,0,0,0,0,0,0,1,4,0,5,0
POIPQFVE,155,75,6,142,82,0,76,39,5,73,37,0,79,36,1,69,45,0,11,0,1,9,1,0,115,115,11,230,0
6RSWSM8A,9,0,2,5,2,0,6,0,0,4,2,0,3,0,2,1,0,0,0,0,0,0,0,0,6,3,0,9,0
Q6ULON98,53,0,20,30,3,1,11,0,4,6,1,0,42,0,16,24,2,1,7,0,3,4,0,0,11,42,7,53,0
WIOSYXCP,37,10,8,39,0,0,21,10,8,23,0,0,16,0,0,16,0,0,5,0,0,5,0,0,31,16,5,47,0
ICYNASRD,32,0,6,26,0,0,18,0,3,15,0,0,14,0,3,11,0,0,0,0,0,0,0,0,18,14,0,32,0
6E2KEAFI,11,6,3,12,2,0,7,2,2,6,1,0,4,4,1,6,1,0,0,0,0,0,0,0,9,8,0,17,0
4YSSHWC3,55,19,37,28,9,0,23,8,15,13,3,0,32,11,22,15,6,0,3,2,1,3,1,0,31,43,5,74,0
ZPTMLRFZ,5,0,1,3,1,1,2,0,1,0,1,1,3,0,0,3,0,0,0,0,0,0,0,0,2,3,0,5,0
OBAXOAST,176,36,17,95,46,52,100,21,13,51,32,24,76,15,4,44,14,28,7,0,1,6,0,0,121,91,7,212,0
2528XNJN,58,4,20,42,0,0,23,3,8,18,0,0,35,1,12,24,0,0,3,0,1,2,0,0,26,36,3,62,0
OCKCGRQD,23,3,3,23,0,0,1,2,0,3,0,0,22,1,3,20,0,0,3,0,0,3,0,0,3,23,3,26,0
GCD1FHJI,2,0,0,2,0,0,1,0,0,1,0,0,1,0,0,1,0,0,0,0,0,0,0,0,1,1,0,2,0
RQMZSMQM,7,2,3,5,1,0,2,2,2,2,0,0,5,0,1,3,1,0,2,0,0,1,1,0,4,5,2,9,0
WJAJVRV1,88,4,16,70,5,0,13,3,3,13,0,0,75,1,13,57,5,0,13,0,5,8,0,0,16,76,13,92,0
JDQHJOGK,8,2,1,8,1,0,7,1,0,8,0,0,1,1,1,0,1,0,0,0,0,0,0,0,8,2,0,10,0
SYCMSE9Y,60,8,10,51,7,0,34,3,4,28,5,0,26,5,6,23,2,0,1,0,0,0,1,0,37,31,1,68,0
HCCECGNA,9,0,1,7,1,0,6,0,0,5,1,0,3,0,1,2,0,0,3,0,1,2,0,0,6,3,3,9,0
ODLQ6CIH,21,0,7,14,0,0,5,0,1,4,0,0,16,0,6,10,0,0,1,0,1,0,0,0,5,16,1,21,0
UMADWDMC,4,3,0,7,0,0,2,0,0,2,0,0,2,3,0,5,0,0,1,0,0,1,0,0,2,5,1,7,0
QOPANSHK,106,32,16,116,6,0,29,8,3,34,0,0,77,24,13,82,6,0,5,2,1,6,0,0,37,101,7,138,0
UQXCFTVM,51,7,4,47,7,1,19,4,2,15,6,0,32,3,2,32,1,1,3,1,0,4,0,0,23,35,4,58,0
WHECKMAN,32,5,8,25,3,3,12,4,2,14,0,0,20,1,6,11,3,3,2,0,0,2,0,0,16,21,2,37,0
TSIHWKP4,24,1,6,19,0,0,16,0,3,13,0,0,8,1,3,6,0,0,4,0,1,3,0,0,16,9,4,25,0
KFFVE2DG,21,7,2,15,4,7,9,3,0,8,2,2,12,4,2,7,2,5,0,0,0,0,0,0,12,16,0,28,0
6OWQUGED,70,2,5,56,9,2,17,0,2,14,0,1,53,2,3,42,9,1,16,0,3,10,3,0,17,55,16,72,0
AFFLFTF9,6,0,1,5,0,0,1,0,0,1,0,0,5,0,1,4,0,0,3,0,1,2,0,0,1,5,3,6,0
ENHUJHDF,3,0,0,3,0,0,2,0,0,2,0,0,1,0,0,1,0,0,1,0,0,1,0,0,2,1,1,3,0
KDMVPPBE,3,0,0,3,0,0,1,0,0,1,0,0,2,0,0,2,0,0,0,0,0,0,0,0,1,2,0,3,0
OR5PFTWV,24,2,2,22,1,1,12,1,1,12,0,0,12,1,1,10,1,1,2,0,0,2,0,0,13,13,2,26,0
6FLGQLUN,83,2,18,63,4,0,33,2,7,25,3,0,50,0,11,38,1,0,6,0,0,6,0,0,35,50,6,85,0
YEELIXDF,20,4,3,15,6,0,11,2,2,10,1,0,9,2,1,5,5,0,0,0,0,0,0,0,13,11,0,24,0
2O9YUPYG,166,21,31,131,23,2,69,12,20,51,9,1,97,9,11,80,14,1,9,0,0,9,0,0,81,106,9,187,1
YIOL8IGU,18,0,1,17,0,0,5,0,1,4,0,0,13,0,0,13,0,0,6,0,0,6,0,0,5,13,6,18,1
5EDMUFL7,17,6,3,15,5,0,9,5,2,10,2,0,8,1,1,5,3,0,0,1,0,0,1,0,14,9,1,23,0
GQQUWEHE,16,6,7,13,2,0,11,5,6,8,2,0,5,1,1,5,0,0,0,0,0,0,0,0,16,6,0,22,0
MLJF8WXA,90,10,10,56,9,27,27,1,0,15,2,11,63,9,10,41,7,16,24,8,6,19,1,8,28,72,32,100,0
ZUKZD9GE,98,5,22,68,10,3,20,1,6,13,2,0,78,4,16,55,8,3,10,0,3,7,0,0,21,82,10,103,0
RR4D44PX,41,2,9,32,1,1,9,1,2,7,1,0,32,1,7,25,0,1,5,0,2,2,0,1,10,33,5,43,0
K7SZYCVJ,2,0,0,2,0,0,2,0,0,2,0,0,0,0,0,0,0,0,0,0,0,0,0,0,2,0,0,2,0
BVNJFPZR,3,1,0,2,1,1,2,1,0,2,0,1,1,0,0,0,1,0,0,0,0,0,0,0,3,1,0,4,0
6LBLENEJ,102,24,14,105,7,1,44,10,4,47,3,0,58,14,10,58,4,1,12,4,1,14,1,0,54,72,16,126,0
QASW95VN,27,1,9,18,1,0,12,0,3,9,0,0,15,1,6,9,1,0,11,0,3,7,1,0,12,16,11,28,0
ZT5OZLXG,30,0,4,22,4,0,12,0,2,6,4,0,18,0,2,16,0,0,0,0,0,0,0,0,12,18,0,30,0
GOFJFDGN,15,1,5,11,0,1,2,0,1,1,0,0,13,1,4,10,0,1,1,1,0,2,0,0,2,14,2,16,0
ZLOMXANK,137,31,54,112,2,9,40,14,17,36,1,4,97,17,37,76,1,5,16,2,6,12,0,3,54,114,18,168,0
IO1JM4C3,6,1,1,4,2,0,2,0,1,1,0,0,4,1,0,3,2,0,0,0,0,0,0,0,2,5,0,7,0
QP9MGERE,22,2,7,16,1,0,5,0,2,3,0,0,17,2,5,13,1,0,4,0,0,3,1,0,5,19,4,24,0
S651DXGS,76,44,44,76,0,0,29,16,18,27,0,0,47,28,26,49,0,0,9,4,5,8,0,0,45,75,13,120,0
REDOPGHX,95,6,20,72,9,0,38,5,8,32,3,0,57,1,12,40,6,0,9,0,3,6,0,0,43,58,9,101,0
FAEKT8HS,10,0,2,8,0,0,3,0,1,2,0,0,7,0,1,6,0,0,0,0,0,0,0,0,3,7,0,10,0
5SF4WBFL,19,3,3,16,3,1,6,2,3,2,3,1,13,1,0,14,0,0,1,0,0,1,0,0,8,14,1,22,0
8V8YULYV,41,8,8,31,6,4,15,4,2,10,3,4,26,4,6,21,3,0,2,0,1,1,0,0,19,30,2,49,0
9ZQLKFCI,58,0,12,45,1,0,10,0,3,6,1,0,48,0,9,39,0,0,13,0,0,13,0,0,10,48,13,58,0
GER2E7G3,65,11,11,47,16,1,21,5,4,14,6,1,44,6,7,33,10,0,4,0,3,1,0,0,26,50,4,76,0
D8CSMMZT,9,16,0,23,2,0,4,1,0,5,0,0,5,15,0,18,2,0,0,0,0,0,0,0,5,20,0,25,0
FOAJ36EN,52,15,5,47,15,0,25,11,1,24,11,0,27,4,4,23,4,0,7,0,3,4,0,0,36,31,7,67,0
CWGVJBWQ,26,0,2,24,0,0,4,0,1,3,0,0,22,0,1,21,0,0,4,0,1,3,0,0,4,22,4,26,0
VQZQIIZW,41,3,16,20,8,1,17,0,7,5,5,1,24,3,9,15,3,0,0,0,0,0,0,0,17,27,0,44,0
BRN5MVEN,30,1,7,22,2,0,8,0,1,6,1,0,22,1,6,16,1,0,2,0,0,2,0,0,8,23,2,31,0
VPCKXHZS,36,4,8,30,0,2,14,3,5,10,0,2,22,1,3,20,0,0,1,0,0,1,0,0,17,23,1,40,0
KMES618T,24,14,7,25,6,0,10,11,7,12,2,0,14,3,0,13,4,0,3,1,0,4,0,0,21,17,4,38,0
LGAIQDVJ,12,0,3,9,0,0,0,0,0,0,0,0,12,0,3,9,0,0,1,0,0,1,0,0,0,12,1,12,0
N8VUAEQE,46,6,16,32,4,1,12,4,3,12,1,0,34,2,13,20,3,1,6,0,3,2,1,0,16,36,6,52,0
Q7IW5CIW,19,3,2,19,1,0,8,2,1,8,1,0,11,1,1,11,0,0,1,0,0,1,0,0,10,12,1,22,0
8MVEP3LJ,30,0,4,25,1,0,10,0,0,9,1,0,20,0,4,16,0,0,3,0,0,3,0,0,10,20,3,30,0
OWXSRPST,2,2,3,1,0,0,1,2,3,0,0,0,1,0,0,1,0,0,0,0,0,0,0,0,3,1,0,4,0
7XL2PYNJ,54,8,6,48,8,0,15,2,2,14,1,0,39,6,4,34,7,0,7,0,0,6,1,0,17,45,7,62,0
POFK73OA,15,2,2,15,0,0,4,0,0,4,0,0,11,2,2,11,0,0,1,0,0,1,0,0,4,13,1,17,0
NAK6VXAL,2,0,1,1,0,0,0,0,0,0,0,0,2,0,1,1,0,0,0,0,0,0,0,0,0,2,0,2,0
JGLTCKEM,8,1,1,8,0,0,3,1,1,3,0,0,5,0,0,5,0,0,1,0,0,1,0,0,4,5,1,9,0
4PLGVPVO,8,5,2,11,0,0,3,1,1,3,0,0,5,4,1,8,0,0,1,0,0,1,0,0,4,9,1,13,0
M4SCOBRL,4,2,2,3,1,0,1,1,0,2,0,0,3,1,2,1,1,0,1,1,1,1,0,0,2,4,2,6,0
RBSHGTF2,20,0,8,12,0,0,2,0,1,1,0,0,18,0,7,11,0,0,2,0,0,2,0,0,2,18,2,20,0
FHSMESKS,21,1,2,18,2,0,7,0,1,6,0,0,14,1,1,12,2,0,7,0,0,6,1,0,7,15,7,22,0
7PTR7SGU,54,14,2,26,19,21,17,4,1,8,3,9,37,10,1,18,16,12,3,8,0,5,4,2,21,47,11,68,0
NHSWAIY6,25,0,11,14,0,0,0,0,0,0,0,0,25,0,11,14,0,0,1,0,0,1,0,0,0,25,1,25,0
5CDCGEFC,5,0,0,5,0,0,1,0,0,1,0,0,4,0,0,4,0,0,0,0,0,0,0,0,1,4,0,5,0
N3GD7U98,7,2,0,5,4,0,2,1,0,3,0,0,5,1,0,2,4,0,0,0,0,0,0,0,3,6,0,9,0
IQC8DZBP,24,23,4,12,18,13,16,7,4,5,9,5,8,16,0,7,9,8,1,0,0,1,0,0,23,24,1,47,0
3CIXZLJQ,21,11,2,22,3,6,20,11,2,21,3,6,1,0,0,1,0,0,0,0,0,0,0,0,31,1,0,32,0
6YAGC7AI,3,1,0,4,0,0,1,1,0,2,0,0,2,0,0,2,0,0,1,0,0,1,0,0,2,2,1,4,0
R9EPIDX5,44,10,7,44,3,0,14,6,3,15,2,0,30,4,4,29,1,0,1,0,0,1,0,0,20,34,1,54,0
TA8MST6R,36,4,13,26,1,1,17,4,6,14,1,0,19,0,7,12,0,1,6,0,3,3,0,0,21,19,6,40,0
EKLZKJIO,11,0,4,7,0,0,3,0,1,2,0,0,8,0,3,5,0,0,5,0,2,3,0,0,3,8,5,11,0
YQ2SHJUW,74,5,5,58,9,7,35,2,2,26,5,4,39,3,3,32,4,3,2,0,0,2,0,0,37,42,2,79,0
YXOMBGTB,48,1,5,41,3,0,12,1,2,10,1,0,36,0,3,31,2,0,2,0,0,2,0,0,13,36,2,49,0
SUB4UP7W,22,6,2,23,2,1,7,4,0,9,1,1,15,2,2,14,1,0,2,0,0,2,0,0,11,17,2,28,0
MSKZZL8I,18,1,2,17,0,0,4,0,1,3,0,0,14,1,1,14,0,0,1,0,0,1,0,0,4,15,1,19,0
N3TCZ8CC,28,0,1,27,0,0,8,0,0,8,0,0,20,0,1,19,0,0,1,0,0,1,0,0,8,20,1,28,0
7CFBTHVZ,6,0,0,2,4,0,0,0,0,0,0,0,6,0,0,2,4,0,2,0,0,1,1,0,0,6,2,6,0
TIKXDXQ2,11,1,2,9,1,0,1,0,0,1,0,0,10,1,2,8,1,0,1,0,0,1,0,0,1,11,1,12,0
36KSBE2B,18,0,3,15,0,0,6,0,1,5,0,0,12,0,2,10,0,0,0,0,0,0,0,0,6,12,0,18,0
JWDINSLL,14,2,9,7,0,2,3,1,3,1,0,0,11,1,6,6,0,2,4,0,0,4,0,0,4,12,4,16,0
BVHJTVN9,90,36,29,83,14,0,47,19,15,43,8,0,43,17,14,40,6,0,8,1,1,8,0,0,66,60,9,126,0
V5KLZXQ7,44,2,8,36,2,0,23,0,5,17,1,0,21,2,3,19,1,0,2,0,1,1,0,0,23,23,2,46,0
UHSPZ8UC,51,5,4,41,9,2,24,1,2,19,3,1,27,4,2,22,6,1,5,1,0,6,0,0,25,31,6,56,0
1O5VTKO7,23,2,4,20,1,0,7,0,2,5,0,0,16,2,2,15,1,0,0,0,0,0,0,0,7,18,0,25,0
EWGEWSAH,44,0,21,23,0,0,8,0,3,5,0,0,36,0,18,18,0,0,7,0,5,2,0,0,8,36,7,44,0
UVZWDDGP,10,7,2,10,5,0,3,1,2,2,0,0,7,6,0,8,5,0,2,2,0,4,0,0,4,13,4,17,0
CIOMVDWL,3,0,0,3,0,0,0,0,0,0,0,0,3,0,0,3,0,0,0,0,0,0,0,0,0,3,0,3,0
ZHNW8NDJ,10,0,1,8,1,0,8,0,1,7,0,0,2,0,0,1,1,0,0,0,0,0,0,0,8,2,0,10,0
KLQH7EOK,21,12,5,20,8,0,2,1,0,2,1,0,19,11,5,18,7,0,5,3,2,6,0,0,3,30,8,33,0
DZL8OVNW,15,28,10,32,1,0,5,16,3,18,0,0,10,12,7,14,1,0,2,0,1,1,0,0,21,22,2,43,0
ULRDP2H6,20,1,2,12,4,3,8,1,2,2,3,2,12,0,0,10,1,1,2,0,0,2,0,0,9,12,2,21,0
ILBJFSCT,5,1,0,4,1,1,1,0,0,0,1,0,4,1,0,4,0,1,0,0,0,0,0,0,1,5,0,6,0
SK4R5JGE,79,9,22,58,8,0,49,7,20,31,5,0,30,2,2,27,3,0,1,0,0,1,0,0,56,32,1,88,0
SKPHIM8T,13,0,0,11,2,0,2,0,0,2,0,0,11,0,0,9,2,0,3,0,0,2,1,0,2,11,3,13,0
X7NJGUQB,10,0,5,5,0,0,6,0,4,2,0,0,4,0,1,3,0,0,0,0,0,0,0,0,6,4,0,10,0
RBEVYEP1,61,3,4,59,1,0,19,1,1,18,1,0,42,2,3,41,0,0,11,0,3,8,0,0,20,44,11,64,0
SYRZI6XZ,21,4,1,21,1,2,11,0,0,10,1,0,10,4,1,11,0,2,1,0,0,1,0,0,11,14,1,25,0
IO5KHXBN,103,0,14,88,1,0,23,0,1,22,0,0,80,0,13,66,1,0,18,0,3,15,0,0,23,80,18,103,0
VLLJJKTG,1,0,0,1,0,0,1,0,0,1,0,0,0,0,0,0,0,0,0,0,0,0,0,0,1,0,0,1,0
SOJVPYKR,15,1,5,10,1,0,5,0,0,4,1,0,10,1,5,6,0,0,1,0,1,0,0,0,5,11,1,16,0
RLKBOCSU,57,1,4,51,3,0,12,0,1,10,1,0,45,1,3,41,2,0,4,0,0,4,0,0,12,46,4,58,0
WD3H3HR4,119,19,18,108,11,1,31,13,9,30,5,0,88,6,9,78,6,1,21,2,4,17,2,0,44,94,23,138,0
JBTWJRMG,67,8,12,56,7,0,19,2,5,16,0,0,48,6,7,40,7,0,19,3,2,17,3,0,21,54,22,75,0
P1QXIEMF,70,1,8,52,7,5,25,0,2,15,4,4,45,1,6,37,3,1,14,1,1,14,0,0,25,46,15,71,0
IFVKTFCY,44,9,15,38,0,0,8,6,8,6,0,0,36,3,7,32,0,0,9,2,2,9,0,0,14,39,11,53,0
2REWJOJW,19,10,1,13,14,1,5,3,1,4,3,0,14,7,0,9,11,1,0,0,0,0,0,0,8,21,0,29,0
VL1FTHSB,39,11,13,29,5,3,17,8,4,16,5,0,22,3,9,13,0,3,3,0,0,3,0,0,25,25,3,50,0
B2MGPLMR,3,0,1,2,0,1,2,0,1,1,0,1,1,0,0,1,0,0,0,0,0,0,0,0,2,1,0,3,0
NRM9ZL7U,18,0,6,12,0,0,7,0,3,4,0,0,11,0,3,8,0,0,0,0,0,0,0,0,7,11,0,18,0
HDUGPBVR,115,10,46,76,3,0,26,3,9,20,0,0,89,7,37,56,3,0,12,3,5,8,2,0,29,96,15,125,0
XS3HGOGR,52,6,10,42,6,1,15,0,1,12,2,0,37,6,9,30,4,1,6,0,2,4,0,0,15,43,6,58,0
19AGAQPI,4,0,0,4,0,0,1,0,0,1,0,0,3,0,0,3,0,0,0,0,0,0,0,0,1,3,0,4,0
NMFPV38O,2,0,1,1,0,0,2,0,1,1,0,0,0,0,0,0,0,0,0,0,0,0,0,0,2,0,0,2,0
QBZQHLJ4,11,0,6,5,0,0,2,0,0,2,0,0,9,0,6,3,0,0,2,0,2,0,0,0,2,9,2,11,0
TVMCWXET,33,0,5,22,6,0,14,0,1,10,3,0,19,0,4,12,3,0,2,0,0,2,0,0,14,19,2,33,0
QJ5O8JW2,15,2,2,15,0,0,12,2,2,12,0,0,3,0,0,3,0,0,0,0,0,0,0,0,14,3,0,17,0
4PE4KT7B,56,6,14,47,1,0,28,1,6,23,0,0,28,5,8,24,1,0,6,1,2,4,1,0,29,33,7,62,0
DNCN4BT5,43,3,13,32,1,0,15,2,2,14,1,0,28,1,11,18,0,0,2,0,1,1,0,0,17,29,2,46,0
AD5NZL5G,85,34,6,85,24,4,48,17,5,41,15,4,37,17,1,44,9,0,5,0,1,3,1,0,65,54,5,119,0
C2XMAZFS,17,4,1,9,10,1,6,2,1,6,1,0,11,2,0,3,9,1,1,0,0,0,1,0,8,13,1,21,0
6SRM17XE,45,2,22,24,1,0,13,0,5,7,1,0,32,2,17,17,0,0,4,0,3,1,0,0,13,34,4,47,0
PQZNDTBH,86,12,22,58,16,2,35,12,8,28,11,0,51,0,14,30,5,2,12,0,5,7,0,0,47,51,12,98,0
ITKCFLWY,16,0,8,8,0,0,6,0,3,3,0,0,10,0,5,5,0,0,2,0,2,0,0,0,6,10,2,16,0
FBQO879M,5,0,1,4,0,0,4,0,1,3,0,0,1,0,0,1,0,0,1,0,0,1,0,0,4,1,1,5,0
R2APAOHI,2,0,2,0,0,0,2,0,2,0,0,0,0,0,0,0,0,0,0,0,0,0,0,0,2,0,0,2,0
WEISPD5A,27,13,3,34,3,0,6,0,1,5,0,0,21,13,2,29,3,0,3,1,0,4,0,0,6,34,4,40,0
HWA1KLRM,33,0,4,28,1,0,12,0,3,8,1,0,21,0,1,20,0,0,4,0,0,4,0,0,12,21,4,33,0
CNFSKDK3,23,12,3,26,6,1,15,11,2,18,6,1,8,1,1,8,0,0,0,0,0,0,0,0,26,9,0,35,0
AWJGDBZ2,6,0,2,2,1,2,2,0,2,0,0,1,4,0,0,2,1,1,2,0,0,1,0,1,2,4,2,6,0
OR8K8WBW,216,55,31,127,76,37,71,25,14,33,31,18,145,30,17,94,45,19,26,3,3,18,8,0,96,175,29,271,0
VNTDSMZD,20,1,7,9,3,2,7,0,4,2,1,0,13,1,3,7,2,2,3,0,1,0,0,2,7,14,3,21,0
HIOCWFTP,27,0,6,21,0,0,3,0,0,3,0,0,24,0,6,18,0,0,6,0,1,5,0,0,3,24,6,27,0
UPCXH8HT,23,1,9,11,4,2,4,1,1,4,0,1,19,0,8,7,4,1,9,0,2,5,2,0,5,19,9,24,0
Y7WH5XLO,2,0,0,2,0,0,1,0,0,1,0,0,1,0,0,1,0,0,0,0,0,0,0,0,1,1,0,2,0
5S6KEAPC,1,0,1,0,0,0,1,0,1,0,0,0,0,0,0,0,0,0,0,0,0,0,0,0,1,0,0,1,0
SFZKWAHJ,11,2,2,10,1,0,5,2,0,6,1,0,6,0,2,4,0,0,1,0,1,0,0,0,7,6,1,13,0
HJJXZFLO,58,5,6,52,5,0,19,5,3,16,5,0,39,0,3,36,0,0,7,0,1,6,0,0,24,39,7,63,0
VXSHDBRB,71,6,11,30,24,14,13,3,2,5,7,3,58,3,9,25,17,11,15,0,2,6,6,1,16,61,15,77,0
UJCMAIRC,83,30,0,93,16,4,40,26,0,55,10,1,43,4,0,38,6,3,15,0,0,8,4,3,66,47,15,113,0
I1QXOPGZ,17,1,0,14,4,0,4,1,0,2,3,0,13,0,0,12,1,0,5,0,0,4,1,0,5,13,5,18,0
THJKZVOD,37,4,17,24,0,1,8,1,5,4,0,0,29,3,12,20,0,1,4,0,1,3,0,0,9,32,4,41,0
LUOQGWQ3,38,0,12,22,0,2,6,0,2,4,0,0,32,0,10,18,0,2,9,0,3,5,0,0,6,32,9,38,0
DJBHSIAL,11,0,0,9,1,1,9,0,0,7,1,1,2,0,0,2,0,0,2,0,0,2,0,0,9,2,2,11,0
SLB9V6CZ,13,1,0,13,1,0,3,0,0,3,0,0,10,1,0,10,1,0,2,0,0,2,0,0,3,11,2,14,0
BXAU71C8,6,1,0,4,3,0,4,0,0,2,2,0,2,1,0,2,1,0,1,0,0,1,0,0,4,3,1,7,0
N8GEIEYE,7,0,5,2,0,0,3,0,3,0,0,0,4,0,2,2,0,0,0,0,0,0,0,0,3,4,0,7,0
HGVCVY12,14,0,4,8,2,0,6,0,2,3,1,0,8,0,2,5,1,0,0,0,0,0,0,0,6,8,0,14,0
8AHOFHBT,4,1,0,4,1,0,3,1,0,3,1,0,1,0,0,1,0,0,0,0,0,0,0,0,4,1,0,5,0
QJVQQWHQ,33,2,2,31,1,1,5,1,0,6,0,0,28,1,2,25,1,1,5,0,0,5,0,0,6,29,5,35,0
VL1BYNIA,111,32,12,59,23,51,71,31,10,33,16,45,40,1,2,26,7,6,6,0,1,4,1,0,102,41,6,143,0
AUIXJB3L,120,53,56,95,18,5,37,21,22,27,6,4,83,32,34,68,12,1,21,7,6,16,5,1,58,115,28,173,0
IFTMIUZJ,6,1,2,5,0,0,2,1,1,2,0,0,4,0,1,3,0,0,0,0,0,0,0,0,3,4,0,7,0
5UI3QEDB,15,0,2,6,7,0,10,0,0,3,7,0,5,0,2,3,0,0,1,0,0,1,0,0,10,5,1,15,0
ZFYHAOVS,59,3,14,44,4,1,21,3,4,18,2,0,38,0,10,26,2,1,11,0,4,6,1,0,24,38,11,62,0
ODVJGKDJ,31,1,1,22,9,0,13,0,0,8,5,0,18,1,1,14,4,0,2,0,0,1,1,0,13,19,2,32,0
DEHBNGVQ,53,1,25,28,0,2,13,0,3,10,0,0,40,1,22,18,0,2,9,0,3,6,0,0,13,41,9,54,0
CTRUQCPY,16,0,2,14,0,0,6,0,1,5,0,0,10,0,1,9,0,0,2,0,0,2,0,0,6,10,2,16,0
7HPXVMAQ,17,7,3,3,0,16,1,3,1,1,0,1,16,4,2,2,0,15,1,0,0,0,0,1,4,20,1,24,0
MH2I9AIA,11,0,2,9,0,0,2,0,0,2,0,0,9,0,2,7,0,0,1,0,0,1,0,0,2,9,1,11,0
BZ4GXBLH,2,0,1,1,0,0,0,0,0,0,0,0,2,0,1,1,0,0,0,0,0,0,0,0,0,2,0,2,0
NKV9VQMM,1,0,0,0,1,0,0,0,0,0,0,0,1,0,0,0,1,0,0,0,0,0,0,0,0,1,0,1,0
N6XHLOYO,3,0,1,2,0,0,1,0,1,0,0,0,2,0,0,2,0,0,1,0,0,1,0,0,1,2,1,3,0
OOY2LFOU,0,1,0,1,0,0,0,0,0,0,0,0,0,1,0,1,0,0,0,0,0,0,0,0,0,1,0,1,0
QGBEVXVR,117,12,13,69,33,16,22,2,1,16,6,1,95,10,12,53,27,15,7,2,0,7,1,1,24,105,9,129,0
UW1U4ZHH,13,0,1,12,0,0,1,0,1,0,0,0,12,0,0,12,0,0,6,0,0,6,0,0,1,12,6,13,0
CJIRUOYI,7,0,3,4,0,0,0,0,0,0,0,0,7,0,3,4,0,0,2,0,0,2,0,0,0,7,2,7,0
ETL3A8EP,58,3,19,39,3,3,11,3,5,7,2,2,47,0,14,32,1,1,5,0,3,2,0,0,14,47,5,61,0
A74SOUNS,8,1,1,7,1,0,2,1,0,2,1,0,6,0,1,5,0,0,2,0,0,2,0,0,3,6,2,9,0
237E89DQ,61,0,10,46,4,1,12,0,4,7,1,0,49,0,6,39,3,1,11,0,2,8,1,0,12,49,11,61,0
MM5CTMGG,31,2,7,26,0,0,12,2,2,12,0,0,19,0,5,14,0,0,3,0,0,3,0,0,14,19,3,33,0
WSZDPJXL,5,0,0,5,0,0,2,0,0,2,0,0,3,0,0,3,0,0,0,0,0,0,0,0,2,3,0,5,0
VZ2SJWKP,0,1,0,0,1,0,0,0,0,0,0,0,0,1,0,0,1,0,0,0,0,0,0,0,0,1,0,1,0
IGLLFEW9,26,0,9,13,4,0,7,0,2,5,0,0,19,0,7,8,4,0,0,0,0,0,0,0,7,19,0,26,0
9MPJADEL,139,38,33,116,26,5,55,22,18,48,11,1,84,16,15,68,15,4,3,0,0,3,0,0,77,100,3,177,0
R4IYXYQR,36,1,1,31,5,0,13,1,0,13,1,0,23,0,1,18,4,0,4,0,1,3,0,0,14,23,4,37,0
GJQCMNHT,4,3,1,4,2,0,4,3,1,4,2,0,0,0,0,0,0,0,0,0,0,0,0,0,7,0,0,7,0
Q3ORZMQJ,27,0,5,14,8,0,6,0,0,4,2,0,21,0,5,10,6,0,0,0,0,0,0,0,6,21,0,27,0
NK2ZAGLE,4,0,1,3,0,0,2,0,1,1,0,0,2,0,0,2,0,0,1,0,0,1,0,0,2,2,1,4,0
KBQK5AZV,28,11,19,19,1,13,26,11,19,18,0,13,2,0,0,1,1,0,1,0,0,1,0,0,37,2,1,39,0
ZCDMES2Z,3,0,0,3,0,0,1,0,0,1,0,0,2,0,0,2,0,0,1,0,0,1,0,0,1,2,1,3,0
D4CY2ERY,38,5,9,31,3,0,25,4,5,21,3,0,13,1,4,10,0,0,1,0,1,0,0,0,29,14,1,43,0
IW7BWWVE,10,0,1,8,1,0,1,0,0,1,0,0,9,0,1,7,1,0,0,0,0,0,0,0,1,9,0,10,0
DS1QKLYJ,12,1,1,12,0,0,7,0,0,7,0,0,5,1,1,5,0,0,1,0,0,1,0,0,7,6,1,13,0
MIUSQIAJ,1,0,0,1,0,0,1,0,0,1,0,0,0,0,0,0,0,0,0,0,0,0,0,0,1,0,0,1,0
HRUDUMSS,26,7,9,24,0,1,15,7,6,16,0,0,11,0,3,8,0,1,0,0,0,0,0,0,22,11,0,33,0
W9A429CD,15,1,0,15,0,1,1,1,0,2,0,0,14,0,0,13,0,1,4,0,0,3,0,1,2,14,4,16,0
KRFWQFTL,99,12,11,44,39,17,24,2,0,11,10,5,75,10,11,33,29,12,9,1,2,6,0,2,26,85,10,111,0
67LLTNEG,7,7,1,10,3,0,6,5,0,8,3,0,1,2,1,2,0,0,1,0,1,0,0,0,11,3,1,14,0
6EQY9PVU,60,16,10,56,6,4,8,3,1,9,1,0,52,13,9,47,5,4,21,9,5,19,2,4,11,65,30,76,0
7EPEJY9U,91,12,18,67,18,0,18,3,3,13,5,0,73,9,15,54,13,0,1,0,0,1,0,0,21,82,1,103,0
CFATQFOK,24,1,7,15,3,0,16,1,4,11,2,0,8,0,3,4,1,0,0,0,0,0,0,0,17,8,0,25,0
R5XKBHHW,5,0,2,3,0,0,0,0,0,0,0,0,5,0,2,3,0,0,1,0,0,1,0,0,0,5,1,5,0
UQQQXKF7,39,9,3,38,1,6,6,2,1,6,1,0,33,7,2,32,0,6,5,0,0,5,0,0,8,40,5,48,0
AKIQQVO4,41,5,10,34,2,1,10,0,1,8,1,0,31,5,9,26,1,1,5,1,1,5,0,0,10,36,6,46,0
IWL748DJ,25,0,11,14,0,0,7,0,2,5,0,0,18,0,9,9,0,0,3,0,1,2,0,0,7,18,3,25,0
SFOYAANP,91,15,41,61,2,3,31,7,17,19,2,1,60,8,24,42,0,2,6,3,3,6,0,0,38,68,9,106,0
IXBHR81Q,28,8,2,22,10,2,16,8,1,12,9,2,12,0,1,10,1,0,2,0,0,2,0,0,24,12,2,36,0
5JIWQ9EI,13,1,3,11,0,1,5,0,3,2,0,1,8,1,0,9,0,0,1,1,0,2,0,0,5,9,2,14,0
2HGPVRVG,39,3,19,23,0,3,9,0,6,3,0,1,30,3,13,20,0,2,6,1,2,5,0,0,9,33,7,42,0
FZHNA3VE,59,15,13,54,7,0,22,4,3,20,3,0,37,11,10,34,4,0,1,0,0,1,0,0,26,48,1,74,0
LSGK4JV9,2,0,0,2,0,0,1,0,0,1,0,0,1,0,0,1,0,0,0,0,0,0,0,0,1,1,0,2,0
LZKH9INP,69,5,15,58,1,1,19,4,7,16,0,0,50,1,8,42,1,1,8,0,1,7,0,0,23,51,8,74,1
JVGXRGFN,192,32,67,123,33,11,65,13,27,47,4,8,127,19,40,76,29,3,33,5,9,22,7,0,78,146,38,224,0
CHQX46VP,111,3,65,48,1,1,21,0,13,8,0,0,90,3,52,40,1,1,24,0,15,9,0,1,21,93,24,114,0
YSVT1FRP,12,1,1,12,0,0,2,0,0,2,0,0,10,1,1,10,0,0,2,0,0,2,0,0,2,11,2,13,0
WANS4L5F,68,0,29,39,0,1,15,0,7,8,0,0,53,0,22,31,0,1,9,0,3,6,0,0,15,53,9,68,0
JBYQVZWK,62,12,31,42,1,0,22,3,10,14,1,0,40,9,21,28,0,0,7,0,4,3,0,0,25,49,7,74,0
GD3PLLMI,27,4,7,24,0,0,8,0,5,3,0,0,19,4,2,21,0,0,5,0,0,5,0,0,8,23,5,31,0
QKY17ZCV,53,5,2,55,1,0,16,2,1,17,0,0,37,3,1,38,1,0,8,3,1,10,0,0,18,40,11,58,0
XZLZXJV2,109,0,68,41,0,2,30,0,22,8,0,0,79,0,46,33,0,2,12,0,8,4,0,0,30,79,12,109,0
YUH6AILZ,97,22,21,79,13,6,15,4,3,14,2,0,82,18,18,65,11,6,23,10,5,17,7,4,19,100,33,119,0
UYGFH2VE,7,2,0,7,2,0,1,0,0,1,0,0,6,2,0,6,2,0,0,0,0,0,0,0,1,8,0,9,0
PWPNIL1C,39,2,6,34,1,0,22,2,1,22,1,0,17,0,5,12,0,0,1,0,0,1,0,0,24,17,1,41,0
NNWJS3HP,9,2,1,10,0,0,5,0,0,5,0,0,4,2,1,5,0,0,0,0,0,0,0,0,5,6,0,11,1
LOCREXLY,4,4,0,2,3,3,0,1,0,1,0,0,4,3,0,1,3,3,1,0,0,0,1,0,1,7,1,8,0
KX2X9RYY,42,10,15,35,0,4,11,0,3,8,0,0,31,10,12,27,0,4,6,9,6,9,0,1,11,41,15,52,0
JSCGFJZW,36,0,6,30,0,0,13,0,3,10,0,0,23,0,3,20,0,0,2,0,0,2,0,0,13,23,2,36,0
DJ5IOF4A,4,0,3,1,0,0,4,0,3,1,0,0,0,0,0,0,0,0,0,0,0,0,0,0,4,0,0,4,0
JHZLBTF8,5,0,1,3,1,0,2,0,1,1,0,0,3,0,0,2,1,0,0,0,0,0,0,0,2,3,0,5,0
YWMRBNT6,51,2,9,42,2,0,18,1,2,16,1,0,33,1,7,26,1,0,7,0,2,5,0,0,19,34,7,53,0
AIAAHGIG,6,2,0,8,0,0,1,1,0,2,0,0,5,1,0,6,0,0,1,0,0,1,0,0,2,6,1,8,0
PWVMKO92,8,2,1,8,1,0,3,1,1,3,0,0,5,1,0,5,1,0,1,0,0,1,0,0,4,6,1,10,0
FOQS1YBU,22,0,7,15,0,0,0,0,0,0,0,0,22,0,7,15,0,0,4,0,1,3,0,0,0,22,4,22,0
WWQHHEBP,19,3,1,16,5,0,3,1,0,3,1,0,16,2,1,13,4,0,1,0,0,1,0,0,4,18,1,22,0
GR46DDUZ,9,4,2,10,1,1,5,4,2,6,1,1,4,0,0,4,0,0,0,0,0,0,0,0,9,4,0,13,0
5YMWFT3O,22,2,12,12,0,1,4,2,3,3,0,0,18,0,9,9,0,1,4,0,2,2,0,0,6,18,4,24,0
3WIYLGSS,43,0,26,16,0,2,13,0,7,6,0,1,30,0,19,10,0,1,9,0,5,4,0,0,13,30,9,43,0
V8M3D8RH,9,1,0,9,1,0,5,0,0,4,1,0,4,1,0,5,0,0,0,0,0,0,0,0,5,5,0,10,0
COVLXEBT,1,0,0,1,0,0,0,0,0,0,0,0,1,0,0,1,0,0,0,0,0,0,0,0,0,1,0,1,0
THXACIF1,49,9,17,17,4,23,23,7,7,8,1,16,26,2,10,9,3,7,3,2,2,3,0,0,30,28,5,58,0
LGTMD2YM,29,6,9,19,3,5,7,0,1,5,1,0,22,6,8,14,2,5,5,3,2,6,0,0,7,28,8,35,0
WRD4JZXV,37,0,12,25,0,0,12,0,3,9,0,0,25,0,9,16,0,0,4,0,0,4,0,0,12,25,4,37,0
D51VD8IP,32,4,8,27,1,0,2,0,0,2,0,0,30,4,8,25,1,0,5,0,1,4,0,0,2,34,5,36,0
B3VWFPEU,29,0,11,18,0,0,7,0,4,3,0,0,22,0,7,15,0,0,7,0,1,6,0,0,7,22,7,29,0
9BYBTQDK,39,0,4,28,7,0,7,0,1,5,1,0,32,0,3,23,6,0,8,0,0,8,0,0,7,32,8,39,0
P7LY7W7A,2,0,1,1,0,0,2,0,1,1,0,0,0,0,0,0,0,0,0,0,0,0,0,0,2,0,0,2,1
TDSOR14T,79,4,27,56,0,1,19,1,6,14,0,0,60,3,21,42,0,1,10,3,3,10,0,0,20,63,13,83,0
9LWCWLIZ,58,0,11,42,5,0,11,0,1,9,1,0,47,0,10,33,4,0,4,0,1,3,0,0,11,47,4,58,0
GEWGLVAY,44,10,23,31,0,0,12,2,6,8,0,0,32,8,17,23,0,0,5,1,2,4,0,0,14,40,6,54,0
K8RHHF2H,8,0,1,3,0,4,7,0,1,2,0,4,1,0,0,1,0,0,1,0,0,1,0,0,7,1,1,8,0
XV6VZXKD,29,4,8,24,1,0,5,0,2,3,0,0,24,4,6,21,1,0,7,2,2,7,0,0,5,28,9,33,0
SA2V8OQQ,55,7,5,52,5,0,39,3,5,33,4,0,16,4,0,19,1,0,1,0,0,1,0,0,42,20,1,62,0
N8PAJPRN,20,2,3,13,5,1,0,0,0,0,0,0,20,2,3,13,5,1,4,2,1,4,1,0,0,22,6,22,0
IUKEOAYL,36,0,5,31,0,0,10,0,0,10,0,0,26,0,5,21,0,0,0,0,0,0,0,0,10,26,0,36,0
ZX9ZWWQN,36,1,16,21,0,0,10,1,4,7,0,0,26,0,12,14,0,0,6,0,1,5,0,0,11,26,6,37,0
IAEDHCXO,16,0,4,11,1,0,7,0,1,5,1,0,9,0,3,6,0,0,2,0,1,1,0,0,7,9,2,16,0
DMZTEXDQ,17,0,6,11,0,0,7,0,2,5,0,0,10,0,4,6,0,0,2,0,0,2,0,0,7,10,2,17,0
JOZFCJWN,5,0,0,3,2,0,2,0,0,0,2,0,3,0,0,3,0,0,0,0,0,0,0,0,2,3,0,5,0
FCNQQU1G,25,0,4,21,0,0,9,0,1,8,0,0,16,0,3,13,0,0,1,0,0,1,0,0,9,16,1,25,0
HLLRUCVC,18,0,1,15,2,0,13,0,1,10,2,0,5,0,0,5,0,0,0,0,0,0,0,0,13,5,0,18,0
9AT6HRNI,9,0,5,4,0,0,2,0,0,2,0,0,7,0,5,2,0,0,2,0,2,0,0,0,2,7,2,9,0
HISWN6XL,5,1,1,5,0,0,1,1,1,1,0,0,4,0,0,4,0,0,0,0,0,0,0,0,2,4,0,6,0
OKGYUC9P,33,5,1,31,6,0,4,0,0,4,0,0,29,5,1,27,6,0,0,0,0,0,0,0,4,34,0,38,0
PU1JUZS6,87,13,23,75,2,1,26,9,5,29,1,0,61,4,18,46,1,1,8,0,1,6,1,0,35,65,8,100,0
XDFGDQCU,18,1,4,15,0,0,2,1,0,3,0,0,16,0,4,12,0,0,1,0,0,1,0,0,3,16,1,19,0
WVEPPSMU,49,3,12,34,6,0,15,1,8,7,1,0,34,2,4,27,5,0,7,0,0,7,0,0,16,36,7,52,0
1UIISNI5,46,1,31,16,0,1,12,0,8,4,0,0,34,1,23,12,0,1,4,0,3,1,0,0,12,35,4,47,0
FKQCYSHX,14,1,0,13,2,0,5,0,0,4,1,0,9,1,0,9,1,0,0,0,0,0,0,0,5,10,0,15,0
ZUDKZS78,281,87,87,182,75,18,96,39,37,70,27,2,185,48,50,112,48,16,58,14,18,34,8,8,135,233,72,368,0
P58YXBUS,4,2,2,0,2,2,2,2,0,0,2,2,2,0,2,0,0,0,1,0,1,0,0,0,4,2,1,6,0
XTSGCGSB,32,7,1,13,11,14,30,5,1,11,9,14,2,2,0,2,2,0,0,0,0,0,0,0,35,4,0,39,0
XWTT3FRI,32,4,5,30,1,0,11,4,4,11,0,0,21,0,1,19,1,0,6,0,0,6,0,0,15,21,6,36,0
DWB5KBH2,10,0,2,8,0,0,0,0,0,0,0,0,10,0,2,8,0,0,2,0,0,2,0,0,0,10,2,10,0
FX72RCYH,26,0,2,24,0,0,9,0,1,8,0,0,17,0,1,16,0,0,3,0,0,3,0,0,9,17,3,26,0
TYXXKR5Z,27,1,13,15,0,0,7,1,4,4,0,0,20,0,9,11,0,0,2,0,2,0,0,0,8,20,2,28,0
JGWEOFAD,32,8,5,27,3,5,13,4,1,12,1,3,19,4,4,15,2,2,2,3,0,5,0,0,17,23,5,40,0
4D9HQNTH,86,15,22,73,3,4,44,6,11,34,2,3,42,9,11,39,1,1,5,0,0,5,0,0,50,51,5,101,0
AZULERQO,58,2,11,49,0,0,12,1,1,12,0,0,46,1,10,37,0,0,9,0,2,7,0,0,13,47,9,60,0
YJLBY4BF,8,8,3,13,0,0,4,4,2,6,0,0,4,4,1,7,0,0,0,0,0,0,0,0,8,8,0,16,0
9CZMHZUS,58,9,8,50,9,0,12,4,0,14,2,0,46,5,8,36,7,0,5,0,1,3,1,0,16,51,5,67,0
9HOHLBKQ,33,3,3,30,3,0,11,1,3,9,0,0,22,2,0,21,3,0,1,0,0,1,0,0,12,24,1,36,0
X2PWAEJ3,34,1,0,32,3,0,8,0,0,7,1,0,26,1,0,25,2,0,5,1,0,6,0,0,8,27,6,35,0
HXFF2SSH,26,0,0,23,3,0,9,0,0,7,2,0,17,0,0,16,1,0,2,0,0,2,0,0,9,17,2,26,0
JZUBXEVA,3,1,1,2,1,0,2,1,1,1,1,0,1,0,0,1,0,0,0,0,0,0,0,0,3,1,0,4,0
OGDCUUG3,9,0,5,4,0,0,1,0,0,1,0,0,8,0,5,3,0,0,1,0,0,1,0,0,1,8,1,9,0
V817KEH3,37,12,11,34,4,0,10,9,4,13,2,0,27,3,7,21,2,0,2,0,0,2,0,0,19,30,2,49,0
JR6MRSXS,3,0,0,3,0,0,2,0,0,2,0,0,1,0,0,1,0,0,0,0,0,0,0,0,2,1,0,3,0
UHNFOXTH,19,1,4,16,0,0,7,0,0,7,0,0,12,1,4,9,0,0,2,0,0,2,0,0,7,13,2,20,0
1CKOLY2Q,20,0,0,14,6,0,10,0,0,7,3,0,10,0,0,7,3,0,4,0,0,3,1,0,10,10,4,20,0
NKPIPDDY,8,0,5,3,0,0,2,0,2,0,0,0,6,0,3,3,0,0,1,0,1,0,0,0,2,6,1,8,0
EWLXVYJU,54,5,11,48,0,1,26,4,5,25,0,0,28,1,6,23,0,1,3,0,0,3,0,0,30,29,3,59,0
TGMQ1HVU,27,4,13,14,4,0,14,2,7,7,2,0,13,2,6,7,2,0,2,0,2,0,0,0,16,15,2,31,0
Z5TBRGIC,6,0,3,3,0,0,3,0,0,3,0,0,3,0,3,0,0,0,1,0,1,0,0,0,3,3,1,6,0
GFHQJ37E,2,0,0,2,0,0,0,0,0,0,0,0,2,0,0,2,0,0,1,0,0,1,0,0,0,2,1,2,0
DEYUWJRC,6,7,2,8,2,1,1,5,1,2,2,1,5,2,1,6,0,0,1,2,1,2,0,0,6,7,3,13,0
PRYVAIEA,9,6,4,10,1,0,7,6,4,8,1,0,2,0,0,2,0,0,0,0,0,0,0,0,13,2,0,15,0
CPFD19KN,16,5,5,16,0,0,3,2,1,4,0,0,13,3,4,12,0,0,2,0,1,1,0,0,5,16,2,21,0
WFL3RJRF,22,3,6,18,1,1,4,1,1,4,0,0,18,2,5,14,1,1,4,1,0,4,1,0,5,20,5,25,0
7HMHFQL8,12,2,2,10,2,0,5,0,2,2,1,0,7,2,0,8,1,0,1,2,0,3,0,0,5,9,3,14,0
HPORSL9I,93,13,17,70,19,0,46,10,7,34,15,0,47,3,10,36,4,0,9,0,1,8,0,0,56,50,9,106,0
MWTOCERO,11,0,4,7,0,1,6,0,2,4,0,1,5,0,2,3,0,0,1,0,0,1,0,0,6,5,1,11,0
XS2VPURO,6,0,0,6,0,0,2,0,0,2,0,0,4,0,0,4,0,0,1,0,0,1,0,0,2,4,1,6,0
UAKLTVH9,14,0,0,13,1,0,6,0,0,5,1,0,8,0,0,8,0,0,0,0,0,0,0,0,6,8,0,14,0
UM4NV75M,22,3,9,12,4,0,4,1,1,3,1,0,18,2,8,9,3,0,6,0,1,4,1,0,5,20,6,25,0
3G6R8CG2,81,25,22,76,8,1,31,11,8,31,3,1,50,14,14,45,5,0,0,0,0,0,0,0,42,64,0,106,0
ZRJGT9FK,40,0,9,30,1,1,10,0,4,5,1,1,30,0,5,25,0,0,5,0,2,3,0,0,10,30,5,40,0
4UYYIWMC,3,1,1,3,0,0,1,1,1,1,0,0,2,0,0,2,0,0,1,0,0,1,0,0,2,2,1,4,0
WQKZIGNM,0,1,1,0,0,0,0,0,0,0,0,0,0,1,1,0,0,0,0,0,0,0,0,0,0,1,0,1,0
RXTR8IYP,40,3,6,33,4,0,15,0,3,10,2,0,25,3,3,23,2,0,6,3,0,8,1,0,15,28,9,43,0
EZCG7E7U,7,2,0,9,0,0,7,2,0,9,0,0,0,0,0,0,0,0,0,0,0,0,0,0,9,0,0,9,0
KF3CYAV8,9,3,1,10,1,0,2,2,0,3,1,0,7,1,1,7,0,0,3,0,1,2,0,0,4,8,3,12,0
LVXQBMWF,87,11,9,79,10,0,37,8,8,31,6,0,50,3,1,48,4,0,15,1,1,12,3,0,45,53,16,98,0
LKRBCJGJ,33,1,0,34,0,0,9,0,0,9,0,0,24,1,0,25,0,0,1,0,0,1,0,0,9,25,1,34,0
ZN5AW8DZ,110,17,27,89,11,0,35,8,8,30,5,0,75,9,19,59,6,0,7,0,4,3,0,0,43,84,7,127,0
ERXYZQDZ,63,3,10,48,7,2,11,1,3,7,2,0,52,2,7,41,5,2,7,0,1,6,0,0,12,54,7,66,0
PCMCDIWG,28,4,6,26,0,1,5,2,3,4,0,1,23,2,3,22,0,0,4,0,0,4,0,0,7,25,4,32,0
WA9QSNJH,43,9,1,41,6,4,26,9,1,24,6,4,17,0,0,17,0,0,2,0,0,2,0,0,35,17,2,52,0
HESRECRU,15,3,6,12,0,1,5,3,2,6,0,1,10,0,4,6,0,0,6,0,1,5,0,0,8,10,6,18,0
DNWMJQUQ,40,6,3,33,9,1,11,4,0,14,0,1,29,2,3,19,9,0,4,0,0,4,0,0,15,31,4,46,0
PPJRGIWQ,78,2,7,66,7,0,22,0,1,17,4,0,56,2,6,49,3,0,16,0,2,13,1,0,22,58,16,80,0
ZAIM7T3O,7,2,2,7,0,0,4,0,2,2,0,0,3,2,0,5,0,0,0,1,0,1,0,0,4,5,1,9,0
NOXJARLZ,22,0,1,19,2,0,4,0,0,4,0,0,18,0,1,15,2,0,0,0,0,0,0,0,4,18,0,22,0
J3ULOQOO,162,17,28,124,27,1,55,11,11,44,11,1,107,6,17,80,16,0,28,1,9,19,1,0,66,113,29,179,0
2BEIT6XN,66,0,10,56,0,0,20,0,2,18,0,0,46,0,8,38,0,0,2,0,1,1,0,0,20,46,2,66,0
EYLHDLGE,25,1,6,20,0,2,4,1,2,3,0,0,21,0,4,17,0,2,1,0,0,1,0,0,5,21,1,26,0
KKTDOFKA,66,6,17,53,2,1,31,3,6,26,2,0,35,3,11,27,0,1,6,0,1,5,0,0,34,38,6,72,0
JLQVVESZ,83,21,44,59,0,2,36,12,19,28,0,0,47,9,25,31,0,2,16,2,9,9,0,1,48,56,18,104,0
EW2OC7OZ,66,8,20,48,6,2,33,8,11,25,5,2,33,0,9,23,1,0,2,0,0,2,0,0,41,33,2,74,0
X9FRMMZ2,5,1,2,2,2,0,0,0,0,0,0,0,5,1,2,2,2,0,0,0,0,0,0,0,0,6,0,6,0
NYTHDJNE,20,0,4,14,2,0,3,0,1,1,1,0,17,0,3,13,1,0,1,0,1,0,0,0,3,17,1,20,0
M6A3993W,58,22,19,46,15,0,51,22,19,41,13,0,7,0,0,5,2,0,0,0,0,0,0,0,73,7,0,80,0
RO9ECCTW,28,0,6,22,0,0,7,0,1,6,0,0,21,0,5,16,0,0,2,0,1,1,0,0,7,21,2,28,0
ZSMJILLL,52,2,6,48,0,0,12,0,2,10,0,0,40,2,4,38,0,0,3,0,0,3,0,0,12,42,3,54,0
MJJDYNE1,43,4,8,34,4,1,7,0,1,6,0,0,36,4,7,28,4,1,10,4,1,11,2,0,7,40,14,47,0
1FR39QTY,25,1,0,21,4,1,16,0,0,15,1,0,9,1,0,6,3,1,3,0,0,3,0,0,16,10,3,26,0
VKWV1TU2,2,0,0,0,2,0,0,0,0,0,0,0,2,0,0,0,2,0,0,0,0,0,0,0,0,2,0,2,0
RXH5SD5F,20,1,3,17,1,0,4,0,2,2,0,0,16,1,1,15,1,0,4,0,1,3,0,0,4,17,4,21,0
DXGBDDTO,8,0,0,8,0,0,5,0,0,5,0,0,3,0,0,3,0,0,0,0,0,0,0,0,5,3,0,8,0
KZDMTQS5,73,1,15,59,0,1,18,1,5,14,0,0,55,0,10,45,0,1,6,0,2,4,0,0,19,55,6,74,0
XGDIYHCP,53,0,24,29,0,2,17,0,8,9,0,0,36,0,16,20,0,2,6,0,3,3,0,0,17,36,6,53,0
LAYFYW3U,3,0,0,3,0,0,0,0,0,0,0,0,3,0,0,3,0,0,1,0,0,1,0,0,0,3,1,3,0
YBOL686Z,36,19,2,20,27,6,17,15,2,15,13,2,19,4,0,5,14,4,1,0,0,0,1,0,32,23,1,55,0
JQVROXMN,1,2,0,3,0,0,0,2,0,2,0,0,1,0,0,1,0,0,0,0,0,0,0,0,2,1,0,3,0
MPHFF6QB,112,10,14,77,31,0,62,6,5,44,19,0,50,4,9,33,12,0,5,0,0,4,1,0,68,54,5,122,0
NMERHYYU,21,0,3,18,0,0,10,0,1,9,0,0,11,0,2,9,0,0,1,0,0,1,0,0,10,11,1,21,0
FI4TADBC,20,0,9,11,0,0,8,0,2,6,0,0,12,0,7,5,0,0,3,0,2,1,0,0,8,12,3,20,0
T7EEYDC3,73,8,24,56,1,0,27,4,11,19,1,0,46,4,13,37,0,0,11,1,3,9,0,0,31,50,12,81,0
ZYW3FOQF,39,1,6,29,5,1,13,1,1,11,2,0,26,0,5,18,3,1,3,0,1,2,0,0,14,26,3,40,0
ZYTDZ1WY,37,3,8,31,1,0,13,2,3,11,1,0,24,1,5,20,0,0,2,0,0,2,0,0,15,25,2,40,0
BTGTD67J,5,1,2,4,0,0,3,0,0,3,0,0,2,1,2,1,0,0,1,0,1,0,0,0,3,3,1,6,0
WGZLQFVS,20,2,10,12,0,0,4,2,2,4,0,0,16,0,8,8,0,0,2,0,1,1,0,0,6,16,2,22,0
J3PGJO7D,24,0,8,16,0,0,4,0,0,4,0,0,20,0,8,12,0,0,1,0,1,0,0,0,4,20,1,24,0
E9YJZEKV,16,1,6,11,0,0,7,0,1,6,0,0,9,1,5,5,0,0,2,0,1,1,0,0,7,10,2,17,0
TLAHPUXZ,46,13,4,50,5,0,12,4,1,14,1,0,34,9,3,36,4,0,6,0,0,6,0,0,16,43,6,59,0
O9OHLFXX,28,3,3,25,3,0,4,3,0,6,1,0,24,0,3,19,2,0,6,0,0,5,1,0,7,24,6,31,0
T5LGB4DT,4,0,2,2,0,0,1,0,1,0,0,0,3,0,1,2,0,0,0,0,0,0,0,0,1,3,0,4,0
VLYLRZRL,15,0,2,12,1,0,8,0,1,7,0,0,7,0,1,5,1,0,1,0,0,0,1,0,8,7,1,15,0
3EMKAYMG,14,1,3,12,0,0,3,0,2,1,0,0,11,1,1,11,0,0,4,1,1,4,0,0,3,12,5,15,0
NAXWMJVS,91,8,19,76,4,0,40,5,10,32,3,0,51,3,9,44,1,0,4,0,2,2,0,0,45,54,4,99,0
9FTZNMZI,42,3,10,33,2,0,10,0,1,8,1,0,32,3,9,25,1,0,7,0,1,5,1,0,10,35,7,45,0
OKBXRNJR,16,0,7,9,0,0,2,0,1,1,0,0,14,0,6,8,0,0,0,0,0,0,0,0,2,14,0,16,0
HYROW4JF,3,0,3,0,0,0,3,0,3,0,0,0,0,0,0,0,0,0,0,0,0,0,0,0,3,0,0,3,0
FVVVUIQB,3,0,2,1,0,0,1,0,1,0,0,0,2,0,1,1,0,0,1,0,1,0,0,0,1,2,1,3,0
7JU7H9EF,37,1,3,32,3,1,17,1,0,16,2,0,20,0,3,16,1,1,3,0,1,2,0,1,18,20,3,38,0
FTJOSDRU,67,5,25,36,11,3,33,5,11,18,9,3,34,0,14,18,2,0,1,0,1,0,0,0,38,34,1,72,0
M3NV6PPM,3,2,0,5,0,0,1,1,0,2,0,0,2,1,0,3,0,0,0,0,0,0,0,0,2,3,0,5,0
XLBXH3S7,37,0,17,20,0,0,4,0,2,2,0,0,33,0,15,18,0,0,6,0,1,5,0,0,4,33,6,37,0
CSLU8GD3,22,3,0,20,5,0,8,1,0,8,1,0,14,2,0,12,4,0,0,0,0,0,0,0,9,16,0,25,0
9DJWI8BD,5,0,0,5,0,0,4,0,0,4,0,0,1,0,0,1,0,0,1,0,0,1,0,0,4,1,1,5,0
Y6VGVR1U,29,0,9,18,1,0,6,0,1,5,0,0,23,0,8,13,1,0,4,0,1,2,1,0,6,23,4,29,0
MOR4PKXE,7,0,1,5,1,0,2,0,1,1,0,0,5,0,0,4,1,0,0,0,0,0,0,0,2,5,0,7,0
CHGSIBLV,96,14,30,70,10,0,24,9,8,22,3,0,72,5,22,48,7,0,8,0,4,4,0,0,33,77,8,110,0
BJSWHCAQ,18,7,5,19,1,2,8,6,0,13,1,0,10,1,5,6,0,2,1,0,1,0,0,1,14,11,1,25,0
FT4PMFMM,170,40,63,135,11,1,64,18,24,55,3,0,106,22,39,80,8,1,31,7,13,25,0,0,82,128,38,210,0
LDJYRKAA,49,0,7,41,1,0,21,0,5,15,1,0,28,0,2,26,0,0,2,0,1,1,0,0,21,28,2,49,0
6TTHXBTG,34,0,9,22,3,0,12,0,4,8,0,0,22,0,5,14,3,0,0,0,0,0,0,0,12,22,0,34,0
1HLMA5MR,54,0,12,42,0,0,13,0,3,10,0,0,41,0,9,32,0,0,6,0,1,5,0,0,13,41,6,54,0
ESSFG1FP,49,2,11,40,0,0,15,2,5,12,0,0,34,0,6,28,0,0,0,0,0,0,0,0,17,34,0,51,0
MSFZEDK5,10,1,2,7,2,0,1,0,0,0,1,0,9,1,2,7,1,0,0,0,0,0,0,0,1,10,0,11,0
FMUTKWQK,25,1,8,18,0,0,7,0,2,5,0,0,18,1,6,13,0,0,2,0,1,1,0,0,7,19,2,26,0
JTJYVHGG,73,0,16,50,2,2,9,0,3,6,0,0,64,0,13,44,2,2,16,0,1,12,2,0,9,64,16,73,0
ZR58X8X9,39,3,12,30,0,0,9,1,5,5,0,0,30,2,7,25,0,0,3,0,1,2,0,0,10,32,3,42,0
MIEORH8Y,41,0,11,28,0,2,7,0,2,5,0,1,34,0,9,23,0,1,6,0,2,3,0,0,7,34,6,41,0
I9OF2IJN,110,19,15,80,25,10,25,7,2,26,4,0,85,12,13,54,21,10,37,3,11,19,7,4,32,97,40,129,0
3ISUW2AJ,12,3,0,3,1,11,0,1,0,1,0,0,12,2,0,2,1,11,0,0,0,0,0,0,1,14,0,15,0
SZHP3QYL,7,2,0,5,4,0,4,2,0,4,2,0,3,0,0,1,2,0,0,0,0,0,0,0,6,3,0,9,0
OXLK8XCH,46,5,18,27,6,0,41,5,17,23,6,0,5,0,1,4,0,0,0,0,0,0,0,0,46,5,0,51,0
NU3VJNII,71,1,5,67,0,0,18,1,2,17,0,0,53,0,3,50,0,0,7,0,0,7,0,0,19,53,7,72,0
SJCWUCN6,157,33,24,126,36,4,78,17,12,60,19,4,79,16,12,66,17,0,5,0,0,5,0,0,95,95,5,190,0
GCAONISR,7,0,0,4,3,0,3,0,0,1,2,0,4,0,0,3,1,0,0,0,0,0,0,0,3,4,0,7,0
RGCJT3BR,12,0,7,5,0,0,4,0,2,2,0,0,8,0,5,3,0,0,3,0,1,2,0,0,4,8,3,12,0
ZI2ILDFD,26,4,2,26,2,0,11,1,1,11,0,0,15,3,1,15,2,0,4,0,1,3,0,0,12,18,4,30,0
RVHDWE7U,9,0,2,7,0,0,3,0,2,1,0,0,6,0,0,6,0,0,2,0,0,2,0,0,3,6,2,9,0
TN5FNDOI,35,1,12,23,1,0,14,1,4,11,0,0,21,0,8,12,1,0,3,0,2,1,0,0,15,21,3,36,0
IA9DGJH6,171,27,31,147,17,3,60,14,13,49,9,3,111,13,18,98,8,0,27,0,7,20,0,0,74,124,27,198,0
XGBRLP3P,186,29,73,122,15,7,69,17,29,50,3,4,117,12,44,72,12,3,12,0,5,7,0,0,86,129,12,215,0
3KCMROTX,72,9,24,46,11,2,26,3,7,17,5,1,46,6,17,29,6,1,3,0,0,3,0,0,29,52,3,81,0
LRBMEY4J,13,1,3,11,0,0,7,1,3,5,0,0,6,0,0,6,0,0,3,0,0,3,0,0,8,6,3,14,0
4OF6ELFT,12,0,2,6,4,0,2,0,1,0,1,0,10,0,1,6,3,0,3,0,0,1,2,0,2,10,3,12,0
UHKWSQ3X,41,4,5,29,8,3,14,2,1,12,3,0,27,2,4,17,5,3,4,0,1,2,1,0,16,29,4,45,0
R6L7VI69,12,4,2,14,0,0,2,1,0,3,0,0,10,3,2,11,0,0,2,1,1,2,0,0,3,13,3,16,0
66AYRBEX,4,1,0,5,0,0,2,0,0,2,0,0,2,1,0,3,0,0,0,0,0,0,0,0,2,3,0,5,0
FZOO6R3R,11,0,1,10,0,0,2,0,0,2,0,0,9,0,1,8,0,0,0,0,0,0,0,0,2,9,0,11,0
JA8ACFEF,5,0,0,5,0,0,1,0,0,1,0,0,4,0,0,4,0,0,1,0,0,1,0,0,1,4,1,5,0
VUKQO971,2,0,1,1,0,0,2,0,1,1,0,0,0,0,0,0,0,0,0,0,0,0,0,0,2,0,0,2,0
J5IZHFED,19,2,1,17,3,0,7,1,1,6,1,0,12,1,0,11,2,0,6,0,0,6,0,0,8,13,6,21,0
JZWWMFU4,385,118,155,299,45,6,159,59,74,121,19,6,226,59,81,178,26,0,80,22,22,72,8,0,218,285,102,503,0
GKG1AED4,31,3,12,22,0,1,3,0,1,2,0,0,28,3,11,20,0,1,5,1,0,6,0,0,3,31,6,34,0
TG6MA5ML,29,5,7,27,0,0,11,3,1,13,0,0,18,2,6,14,0,0,1,0,0,1,0,0,14,20,1,34,0
HGKWENMF,16,9,1,13,9,2,13,7,0,10,8,2,3,2,1,3,1,0,2,0,1,0,1,0,20,5,2,25,0
DAISCJK7,16,4,2,16,2,0,9,2,2,7,2,0,7,2,0,9,0,0,2,0,0,2,0,0,11,9,2,20,0
J7ZSSVLG,67,1,21,43,4,0,21,1,8,13,1,0,46,0,13,30,3,0,5,0,0,5,0,0,22,46,5,68,0
MYMXVOFV,22,4,1,15,10,0,11,3,1,10,3,0,11,1,0,5,7,0,5,0,0,3,2,0,14,12,5,26,0
1G1LALEU,44,11,4,40,11,0,17,6,3,15,5,0,27,5,1,25,6,0,0,0,0,0,0,0,23,32,0,55,0
LZQDYW7V,13,3,0,9,7,0,1,1,0,1,1,0,12,2,0,8,6,0,0,0,0,0,0,0,2,14,0,16,0
WYCFEWWP,91,4,17,71,7,0,41,4,13,25,7,0,50,0,4,46,0,0,10,0,1,9,0,0,45,50,10,95,0
5PKGILAO,9,0,1,8,0,0,0,0,0,0,0,0,9,0,1,8,0,0,2,0,0,2,0,0,0,9,2,9,0
LQEFT4XH,7,1,2,5,1,0,5,1,1,4,1,0,2,0,1,1,0,0,1,0,1,0,0,0,6,2,1,8,0
XRVRQ8WW,13,1,1,13,0,0,6,1,1,6,0,0,7,0,0,7,0,0,0,0,0,0,0,0,7,7,0,14,0
FABDH1WX,3,1,1,2,1,1,1,1,1,1,0,1,2,0,0,1,1,0,1,0,0,1,0,0,2,2,1,4,0
CI7DTTRM,9,1,0,10,0,0,3,0,0,3,0,0,6,1,0,7,0,0,3,1,0,4,0,0,3,7,4,10,0
FWGFTYEQ,185,8,40,141,12,1,57,1,13,42,3,0,128,7,27,99,9,1,30,1,5,21,5,1,58,135,31,193,0
S3MIADTD,6,0,2,4,0,0,1,0,0,1,0,0,5,0,2,3,0,0,3,0,0,3,0,0,1,5,3,6,0
HRN4JVET,17,0,3,14,0,0,6,0,1,5,0,0,11,0,2,9,0,0,2,0,1,1,0,0,6,11,2,17,0
SWTOLC51,24,0,5,18,1,0,5,0,2,2,1,0,19,0,3,16,0,0,0,0,0,0,0,0,5,19,0,24,0
ZIVFR7IK,16,0,2,12,1,1,8,0,0,7,0,1,8,0,2,5,1,0,1,0,1,0,0,0,8,8,1,16,0
KGJNEQGQ,20,0,6,14,0,0,3,0,0,3,0,0,17,0,6,11,0,0,1,0,0,1,0,0,3,17,1,20,0
4TXWEU9F,39,6,2,42,1,0,17,6,1,22,0,0,22,0,1,20,1,0,8,0,0,8,0,0,23,22,8,45,0
CKEARLQO,66,2,15,45,4,4,32,2,9,17,4,4,34,0,6,28,0,0,5,0,2,3,0,0,34,34,5,68,0
QSJVCKY6,5,0,0,5,0,0,1,0,0,1,0,0,4,0,0,4,0,0,0,0,0,0,0,0,1,4,0,5,0
EHLZKIZM,27,5,8,16,7,2,19,5,8,12,4,1,8,0,0,4,3,1,1,0,0,1,0,0,24,8,1,32,0
CPR4OPTC,68,8,14,56,6,0,13,2,3,10,2,0,55,6,11,46,4,0,5,4,1,7,1,0,15,61,9,76,0
AVV5JNRI,3,0,0,3,0,0,1,0,0,1,0,0,2,0,0,2,0,0,0,0,0,0,0,0,1,2,0,3,0
SFFLCSMU,6,0,2,4,0,0,2,0,1,1,0,0,4,0,1,3,0,0,1,0,1,0,0,0,2,4,1,6,0
2QD5WA2J,20,1,3,18,0,0,6,1,2,5,0,0,14,0,1,13,0,0,1,0,0,1,0,0,7,14,1,21,0
H5GY1S1V,12,0,1,10,1,0,3,0,0,2,1,0,9,0,1,8,0,0,2,0,0,2,0,0,3,9,2,12,0
9MPHVT8L,37,2,12,26,1,0,11,0,3,7,1,0,26,2,9,19,0,0,1,0,0,1,0,0,11,28,1,39,0
BYRXJK6J,4,3,2,4,1,0,4,2,2,3,1,0,0,1,0,1,0,0,0,1,0,1,0,0,6,1,1,7,0
WNSMSVLE,45,1,5,37,4,0,10,1,1,9,1,0,35,0,4,28,3,0,2,0,0,2,0,0,11,35,2,46,0
YGISBIGM,11,9,4,5,1,11,0,2,0,2,0,0,11,7,4,3,1,11,7,6,3,0,0,11,2,18,13,20,0
WXZITPDE,16,4,2,16,2,0,4,1,1,4,0,0,12,3,1,12,2,0,0,0,0,0,0,0,5,15,0,20,0
DGFSDCT5,156,25,31,129,21,2,64,15,15,52,12,1,92,10,16,77,9,1,13,1,3,11,0,1,79,102,14,181,0
JFZWLVIK,1,1,0,2,0,0,0,0,0,0,0,0,1,1,0,2,0,0,1,0,0,1,0,0,0,2,1,2,0
1AV2LDPQ,2,0,0,2,0,0,1,0,0,1,0,0,1,0,0,1,0,0,0,0,0,0,0,0,1,1,0,2,0
UUYMDJE8,68,9,3,62,12,0,35,8,1,31,11,0,33,1,2,31,1,0,8,0,0,8,0,0,43,34,8,77,0
YLKB7RJT,9,0,2,3,2,2,2,0,1,1,0,0,7,0,1,2,2,2,1,0,1,0,0,0,2,7,1,9,0
IEXSGKR2,130,22,56,96,0,0,48,11,20,39,0,0,82,11,36,57,0,0,9,2,4,7,0,0,59,93,11,152,0
D5XC2WDU,52,7,10,47,2,0,18,3,5,16,0,0,34,4,5,31,2,0,11,4,3,10,2,0,21,38,15,59,0
5XBP6KZ5,14,1,0,13,2,0,4,1,0,3,2,0,10,0,0,10,0,0,0,0,0,0,0,0,5,10,0,15,0
NJAXG6FU,37,2,6,27,6,0,5,1,1,5,0,0,32,1,5,22,6,0,4,0,2,2,0,0,6,33,4,39,0
K8MWQJSX,5,0,0,4,0,1,4,0,0,4,0,0,1,0,0,0,0,1,0,0,0,0,0,0,4,1,0,5,0
LKXOUKHI,129,14,31,99,13,0,69,13,23,49,10,0,60,1,8,50,3,0,14,0,2,11,1,0,82,61,14,143,0
NQHLKBFD,31,7,8,25,5,0,9,4,4,8,1,0,22,3,4,17,4,0,0,0,0,0,0,0,13,25,0,38,0
JGER9OGD,34,1,11,24,0,1,9,1,3,7,0,1,25,0,8,17,0,0,5,0,1,4,0,0,10,25,5,35,0
7PNKKOCJ,43,0,9,34,0,0,13,0,3,10,0,0,30,0,6,24,0,0,1,0,0,1,0,0,13,30,1,43,0
B1OTX7CN,42,4,10,34,2,1,18,2,5,14,1,1,24,2,5,20,1,0,5,0,0,5,0,0,20,26,5,46,0
J9XICIHN,26,10,1,22,13,0,17,9,0,15,11,0,9,1,1,7,2,0,3,0,1,2,0,0,26,10,3,36,0
KTS3RG63,6,0,0,6,0,0,4,0,0,4,0,0,2,0,0,2,0,0,0,0,0,0,0,0,4,2,0,6,0
ZBOA2RU4,5,1,1,5,0,0,0,1,0,1,0,0,5,0,1,4,0,0,1,0,0,1,0,0,1,5,1,6,0
BLGDP3KU,54,1,6,40,9,1,24,1,3,14,8,0,30,0,3,26,1,1,3,0,0,3,0,0,25,30,3,55,0
FQTDRWMJ,147,21,47,103,18,1,39,3,13,25,4,0,108,18,34,78,14,1,13,2,6,8,1,0,42,126,15,168,0
HYYOINPK,9,1,3,7,0,0,0,0,0,0,0,0,9,1,3,7,0,0,0,0,0,0,0,0,0,10,0,10,0
QSNBK4XK,28,1,6,16,7,0,19,0,5,11,3,0,9,1,1,5,4,0,3,0,1,1,1,0,19,10,3,29,0
4DEQWBWZ,2,0,0,1,1,0,1,0,0,1,0,0,1,0,0,0,1,0,0,0,0,0,0,0,1,1,0,2,0
QKVQ4BTT,6,2,3,5,0,0,6,1,3,4,0,0,0,1,0,1,0,0,0,0,0,0,0,0,7,1,0,8,0
FNQNNFOW,8,2,3,6,1,0,2,0,2,0,0,0,6,2,1,6,1,0,2,0,0,1,1,0,2,8,2,10,0
KF1FN8WO,9,0,0,8,1,0,5,0,0,4,1,0,4,0,0,4,0,0,1,0,0,1,0,0,5,4,1,9,0
AYBUU5YE,28,2,4,24,0,1,4,0,2,2,0,0,24,2,2,22,0,1,1,0,0,1,0,0,4,26,1,30,0
4K2OWOSB,1,0,1,0,0,0,0,0,0,0,0,0,1,0,1,0,0,0,0,0,0,0,0,0,0,1,0,1,0
MAU1PHSW,272,58,60,155,78,40,104,35,25,50,41,24,168,23,35,105,37,16,20,1,7,13,1,1,139,191,21,330,0
TOYAVQJA,93,19,8,55,23,22,51,12,6,30,13,13,42,7,2,25,10,9,13,0,1,7,2,2,63,49,13,112,0
MQVUR7YC,128,19,11,106,27,2,36,4,0,34,6,0,92,15,11,72,21,2,5,0,0,5,0,0,40,107,5,147,0
G57WXCYM,14,1,0,10,5,0,1,0,0,1,0,0,13,1,0,9,5,0,1,1,0,2,0,0,1,14,2,15,0
EPDAORXZ,2,4,5,1,0,1,1,2,2,1,0,1,1,2,3,0,0,0,1,0,1,0,0,0,3,3,1,6,0
NEPZHMU3,89,17,36,67,3,1,55,13,27,38,3,1,34,4,9,29,0,0,3,0,1,2,0,0,68,38,3,106,0
1AFDEPGI,19,7,0,23,3,0,11,6,0,15,2,0,8,1,0,8,1,0,0,1,0,1,0,0,17,9,1,26,0
DREJBACP,26,2,6,22,0,1,1,0,1,0,0,0,25,2,5,22,0,1,4,0,0,4,0,0,1,27,4,28,0
JHYH7HWY,35,12,2,24,15,6,12,9,1,8,6,6,23,3,1,16,9,0,5,2,0,4,3,0,21,26,7,47,0
WKBH8DDE,11,0,0,2,1,8,0,0,0,0,0,0,11,0,0,2,1,8,1,0,0,0,1,0,0,11,1,11,0
9QFEPZ8H,11,0,3,8,0,0,2,0,0,2,0,0,9,0,3,6,0,0,3,0,2,1,0,0,2,9,3,11,0
CELTDZAG,48,1,7,39,3,0,13,0,5,8,0,0,35,1,2,31,3,0,4,0,2,2,0,0,13,36,4,49,0
J7UCNW8W,11,1,0,11,1,0,4,1,0,5,0,0,7,0,0,6,1,0,0,0,0,0,0,0,5,7,0,12,0
MQRIEMMS,18,0,1,15,2,0,1,0,0,1,0,0,17,0,1,14,2,0,2,0,0,2,0,0,1,17,2,18,0
WJHC9DJN,7,3,0,10,0,0,3,0,0,3,0,0,4,3,0,7,0,0,0,0,0,0,0,0,3,7,0,10,0
L4JDV7VJ,15,3,1,17,0,0,10,3,1,12,0,0,5,0,0,5,0,0,0,0,0,0,0,0,13,5,0,18,0
OSTEQPAY,68,4,11,54,6,1,37,0,10,23,3,1,31,4,1,31,3,0,2,0,0,2,0,0,37,35,2,72,0
SURG1X7F,22,0,1,20,1,1,8,0,0,8,0,0,14,0,1,12,1,1,3,0,0,3,0,0,8,14,3,22,0
OARPQQJ4,15,1,4,11,1,0,11,1,2,9,1,0,4,0,2,2,0,0,1,0,0,1,0,0,12,4,1,16,0
RIPBTED4,188,56,23,160,60,1,54,20,7,51,16,0,134,36,16,109,44,1,28,13,4,19,18,0,74,170,41,244,0
UNYPNZXJ,20,1,3,17,1,0,5,1,1,5,0,0,15,0,2,12,1,0,2,0,0,2,0,0,6,15,2,21,0
MTDT64T5,60,4,11,53,0,0,15,2,4,13,0,0,45,2,7,40,0,0,9,1,1,9,0,0,17,47,10,64,0
TKAYXBWD,9,1,1,6,3,0,4,0,0,3,1,0,5,1,1,3,2,0,2,1,0,2,1,0,4,6,3,10,0
RHMNPNLI,1,3,1,3,0,0,1,0,1,0,0,0,0,3,0,3,0,0,0,0,0,0,0,0,1,3,0,4,0
OY2PPATM,60,2,6,46,10,0,13,2,3,11,1,0,47,0,3,35,9,0,10,0,0,10,0,0,15,47,10,62,0
ZSAEC7OV,5,0,4,1,0,0,0,0,0,0,0,0,5,0,4,1,0,0,1,0,1,0,0,0,0,5,1,5,0
5YT96VPU,15,0,1,14,0,0,5,0,1,4,0,0,10,0,0,10,0,0,0,0,0,0,0,0,5,10,0,15,0
KVEBFLCB,14,2,6,9,1,0,7,0,3,3,1,0,7,2,3,6,0,0,1,0,0,1,0,0,7,9,1,16,0
AJQT2H8A,31,2,22,11,0,0,13,2,8,7,0,0,18,0,14,4,0,0,2,0,1,1,0,0,15,18,2,33,0
LHCI2SBS,14,9,0,16,7,0,1,7,0,4,4,0,13,2,0,12,3,0,1,0,0,1,0,0,8,15,1,23,0
G7D4RT9P,49,17,0,28,24,14,19,12,0,11,11,9,30,5,0,17,13,5,0,0,0,0,0,0,31,35,0,66,0
WPY2NKTW,67,13,12,46,22,0,21,5,3,15,8,0,46,8,9,31,14,0,5,1,2,3,1,0,26,54,6,80,0
ZWPVXHER,46,19,19,40,5,1,18,6,5,15,3,1,28,13,14,25,2,0,11,3,5,8,1,0,24,41,14,65,0
HGJH3OSO,4,1,1,3,1,0,4,1,1,3,1,0,0,0,0,0,0,0,0,0,0,0,0,0,5,0,0,5,0
SZGPEMJI,33,0,13,15,5,0,12,0,2,8,2,0,21,0,11,7,3,0,1,0,1,0,0,0,12,21,1,33,0
C9NAKIBH,52,9,22,37,2,0,7,2,4,4,1,0,45,7,18,33,1,0,5,0,3,2,0,0,9,52,5,61,0
PIZEYAV9,1,0,0,1,0,0,0,0,0,0,0,0,1,0,0,1,0,0,0,0,0,0,0,0,0,1,0,1,0
LWI3XALS,149,46,44,116,32,3,40,13,13,28,12,0,109,33,31,88,20,3,10,3,6,7,0,0,53,142,13,195,0
GYMUENOE,60,23,27,45,11,1,30,16,17,22,7,1,30,7,10,23,4,0,1,0,1,0,0,0,46,37,1,83,0
NQTYHBWN,75,6,12,64,5,0,24,1,7,17,1,0,51,5,5,47,4,0,12,0,1,11,0,0,25,56,12,81,0
JWIUDJ8R,161,11,40,109,23,0,51,3,11,40,3,0,110,8,29,69,20,0,20,3,2,17,4,0,54,118,23,172,0
UTJSR4VB,207,32,70,142,27,1,72,10,30,50,2,1,135,22,40,92,25,0,23,2,5,16,4,0,82,157,25,239,0
AJ1GMMNF,102,35,20,85,27,4,45,26,15,41,12,2,57,9,5,44,15,2,12,2,0,11,3,0,71,66,14,137,0
IY2UPVQK,23,3,7,19,0,0,5,3,2,6,0,0,18,0,5,13,0,0,3,0,1,2,0,0,8,18,3,26,0
7NBJYQJA,88,8,5,87,4,0,30,5,3,29,3,0,58,3,2,58,1,0,9,0,2,7,0,0,35,61,9,96,0
XHYNKRMP,12,0,5,7,0,0,2,0,1,1,0,0,10,0,4,6,0,0,1,0,1,0,0,0,2,10,1,12,0
LBOCDPBJ,32,1,8,24,1,0,5,0,0,4,1,0,27,1,8,20,0,0,4,0,1,3,0,0,5,28,4,33,0
MWQAFL5F,41,5,20,26,0,4,9,4,4,9,0,0,32,1,16,17,0,4,4,1,2,3,0,0,13,33,5,46,0
1PEYPXKP,57,6,5,44,14,0,17,0,3,12,2,0,40,6,2,32,12,0,4,0,0,3,1,0,17,46,4,63,0
II9OW8YR,62,4,14,48,4,1,14,2,3,12,1,0,48,2,11,36,3,1,11,1,4,7,1,1,16,50,12,66,0
7CHSLJIM,11,0,2,9,0,0,3,0,0,3,0,0,8,0,2,6,0,0,1,0,0,1,0,0,3,8,1,11,0
2NCHLFHQ,1,1,0,2,0,0,0,0,0,0,0,0,1,1,0,2,0,0,0,0,0,0,0,0,0,2,0,2,0
SY8QVY12,25,1,1,25,0,0,16,1,1,16,0,0,9,0,0,9,0,0,0,0,0,0,0,0,17,9,0,26,0
BBVNTIES,7,1,0,8,0,0,7,1,0,8,0,0,0,0,0,0,0,0,0,0,0,0,0,0,8,0,0,8,0
IZOXP89R,10,1,3,8,0,0,3,0,2,1,0,0,7,1,1,7,0,0,0,0,0,0,0,0,3,8,0,11,0
97CIVPVB,39,0,10,28,1,2,7,0,4,3,0,0,32,0,6,25,1,2,3,0,0,3,0,0,7,32,3,39,0
HCC4YQIO,62,20,14,50,17,0,33,14,11,22,13,0,29,6,3,28,4,0,5,0,0,4,1,0,47,35,5,82,0
1D9PW53L,119,12,18,97,16,0,79,12,14,61,16,0,40,0,4,36,0,0,2,0,1,1,0,0,91,40,2,131,0
AJSZA4GJ,73,9,5,66,11,0,49,9,2,45,11,0,24,0,3,21,0,0,7,0,2,5,0,0,58,24,7,82,0
G9WQAVL8,31,3,5,24,5,0,26,3,3,21,5,0,5,0,2,3,0,0,0,0,0,0,0,0,29,5,0,34,0
TDCZZFK8,134,5,22,81,31,6,61,2,7,38,14,5,73,3,15,43,17,1,17,1,3,11,4,0,63,76,18,139,0
PKDGUX5A,26,5,3,24,1,3,13,3,0,13,0,3,13,2,3,11,1,0,1,0,0,1,0,0,16,15,1,31,0
PPLDYANL,2,0,0,2,0,0,1,0,0,1,0,0,1,0,0,1,0,0,0,0,0,0,0,0,1,1,0,2,0
WCOPCZ86,35,4,6,31,2,0,6,2,4,4,0,0,29,2,2,27,2,0,4,1,0,3,2,0,8,31,5,39,0
FGX3LKPQ,46,0,11,34,1,0,16,0,5,11,0,0,30,0,6,23,1,0,8,0,2,5,1,0,16,30,8,46,0
J1FPGJU4,28,2,2,25,3,0,3,1,0,3,1,0,25,1,2,22,2,0,7,1,0,8,0,0,4,26,8,30,0
LM12DGYJ,103,29,22,94,16,0,42,24,8,47,11,0,61,5,14,47,5,0,6,0,1,5,0,0,66,66,6,132,0
MYKEZO37,9,1,1,6,3,0,1,0,1,0,0,0,8,1,0,6,3,0,3,0,0,1,2,0,1,9,3,10,0
9PFVMD6O,91,11,22,67,13,0,42,7,10,33,6,0,49,4,12,34,7,0,18,0,4,12,2,0,49,53,18,102,0
4DMKTCE5,36,0,1,34,1,0,14,0,1,12,1,0,22,0,0,22,0,0,2,0,0,2,0,0,14,22,2,36,0
R64ACNW1,43,3,3,33,8,2,25,0,2,20,3,0,18,3,1,13,5,2,5,2,1,5,1,0,25,21,7,46,0
XNGAGWT4,10,0,1,9,0,0,0,0,0,0,0,0,10,0,1,9,0,0,3,0,1,2,0,0,0,10,3,10,0
KUX8KOXR,33,3,8,27,1,0,14,1,6,8,1,0,19,2,2,19,0,0,2,2,1,3,0,0,15,21,4,36,0
CME7CD9K,28,2,5,16,7,2,8,2,2,6,2,0,20,0,3,10,5,2,6,0,0,3,1,2,10,20,6,30,0
TBMEKIED,6,1,3,4,0,0,1,1,1,1,0,0,5,0,2,3,0,0,0,0,0,0,0,0,2,5,0,7,0
BA4HZXHE,12,1,4,8,0,1,4,0,0,3,0,1,8,1,4,5,0,0,3,0,1,2,0,0,4,9,3,13,0
COLENJJD,23,1,4,20,0,0,9,1,1,9,0,0,14,0,3,11,0,0,1,0,1,0,0,0,10,14,1,24,0
VZWHALUI,17,3,3,10,6,1,5,2,2,2,2,1,12,1,1,8,4,0,1,0,0,1,0,0,7,13,1,20,0
ZGQZ8MFO,33,0,7,19,4,3,18,0,2,9,4,3,15,0,5,10,0,0,3,0,0,3,0,0,18,15,3,33,0
V9HG2WGR,15,0,1,14,0,0,1,0,0,1,0,0,14,0,1,13,0,0,3,0,0,3,0,0,1,14,3,15,0
OBCC63PE,97,22,11,67,41,1,46,15,8,32,21,1,51,7,3,35,20,0,2,0,0,1,1,0,61,58,2,119,0
DCVZQDGP,16,0,2,13,1,0,7,0,1,5,1,0,9,0,1,8,0,0,0,0,0,0,0,0,7,9,0,16,0
LPSYBSPL,20,1,6,15,0,0,9,1,1,9,0,0,11,0,5,6,0,0,0,0,0,0,0,0,10,11,0,21,0
X8MNAI88,5,0,1,2,1,2,2,0,0,0,1,1,3,0,1,2,0,1,0,0,0,0,0,0,2,3,0,5,0
4MTVVZA4,12,0,3,5,1,2,0,0,0,0,0,0,12,0,3,5,1,2,3,0,0,2,1,0,0,12,3,12,0
Y3QEWPRW,18,1,8,7,4,1,12,1,8,2,3,1,6,0,0,5,1,0,1,0,0,1,0,0,13,6,1,19,0
58BQERXC,104,26,17,51,19,41,15,7,9,4,3,6,89,19,8,47,16,35,63,17,7,33,11,27,22,108,80,130,0
2VXI8QZP,1,0,1,0,0,0,0,0,0,0,0,0,1,0,1,0,0,0,0,0,0,0,0,0,0,1,0,1,0
ZTFHVUNX,12,3,4,9,1,1,4,3,3,4,0,0,8,0,1,5,1,1,3,0,0,3,0,0,7,8,3,15,0
SMZZTRJF,46,5,6,44,1,0,16,4,2,18,0,0,30,1,4,26,1,0,4,0,1,3,0,0,20,31,4,51,0
MYIGDPDN,41,2,4,33,6,0,21,2,1,18,4,0,20,0,3,15,2,0,2,0,1,1,0,0,23,20,2,43,0
OLT6G4TU,104,48,46,87,17,3,51,38,34,44,11,1,53,10,12,43,6,2,2,0,0,2,0,0,89,63,2,152,0
IWZCG6WU,2,1,0,3,0,0,2,0,0,2,0,0,0,1,0,1,0,0,0,1,0,1,0,0,2,1,1,3,0
KPFANMP3,9,0,2,7,0,0,5,0,1,4,0,0,4,0,1,3,0,0,2,0,1,1,0,0,5,4,2,9,0
Y3LDNSUP,50,15,14,49,1,1,28,14,11,31,0,0,22,1,3,18,1,1,2,0,0,1,0,1,42,23,2,65,0
3SC3L73D,24,1,5,19,1,0,10,1,2,9,0,0,14,0,3,10,1,0,1,0,0,1,0,0,11,14,1,25,0
2QTX5KFA,31,1,10,22,0,0,4,0,1,3,0,0,27,1,9,19,0,0,2,0,1,1,0,0,4,28,2,32,0
CW4DM8UK,12,0,3,9,0,0,2,0,0,2,0,0,10,0,3,7,0,0,0,0,0,0,0,0,2,10,0,12,0
W9UBJ5U8,99,28,23,90,13,3,32,18,15,30,5,2,67,10,8,60,8,1,18,1,0,17,2,0,50,77,19,127,0
GVULAVSN,75,15,0,63,27,0,36,4,0,26,14,0,39,11,0,37,13,0,13,4,0,13,4,0,40,50,17,90,0
JIFIRPEW,7,1,5,3,0,0,2,1,1,2,0,0,5,0,4,1,0,0,0,0,0,0,0,0,3,5,0,8,0
BSSYWR86,58,23,11,66,4,0,33,11,7,35,2,0,25,12,4,31,2,0,7,0,1,6,0,0,44,37,7,81,0
MZPCJ9NF,12,0,1,8,3,1,6,0,1,3,2,1,6,0,0,5,1,0,3,0,0,2,1,0,6,6,3,12,0
FY2ZQDQF,42,2,6,30,8,1,17,2,1,12,6,0,25,0,5,18,2,1,4,0,2,2,0,1,19,25,4,44,0
LPUYPSSC,52,19,10,46,10,5,6,3,3,6,0,0,46,16,7,40,10,5,1,0,0,1,0,0,9,62,1,71,0
CX8RMHWI,0,1,0,1,0,0,0,1,0,1,0,0,0,0,0,0,0,0,0,0,0,0,0,0,1,0,0,1,0
INLKOZ9V,4,1,2,3,0,0,3,1,2,2,0,0,1,0,0,1,0,0,1,0,0,1,0,0,4,1,1,5,0
A2TECWB1,32,2,3,29,2,0,12,1,1,12,0,0,20,1,2,17,2,0,1,0,0,1,0,0,13,21,1,34,0
FWJ7DM6V,35,1,4,31,1,0,13,1,2,11,1,0,22,0,2,20,0,0,1,0,0,1,0,0,14,22,1,36,0
CZZO5AAV,61,0,26,34,1,1,18,0,8,9,1,0,43,0,18,25,0,1,7,0,3,4,0,0,18,43,7,61,0
DEAPHTWM,4,2,2,4,0,0,0,0,0,0,0,0,4,2,2,4,0,0,0,0,0,0,0,0,0,6,0,6,0
UJPMFBBG,13,3,2,8,6,0,9,3,2,5,5,0,4,0,0,3,1,0,1,0,0,1,0,0,12,4,1,16,0
FVC7IEMD,113,24,20,104,13,0,57,12,10,54,5,0,56,12,10,50,8,0,4,0,0,3,1,0,69,68,4,137,0
VRNUSI6C,13,5,0,17,1,0,6,0,0,6,0,0,7,5,0,11,1,0,3,0,0,2,1,0,6,12,3,18,0
R1WTBYK8,12,0,9,3,0,0,2,0,1,1,0,0,10,0,8,2,0,0,1,0,0,1,0,0,2,10,1,12,0
7EQ28WHG,1,0,0,0,1,0,0,0,0,0,0,0,1,0,0,0,1,0,0,0,0,0,0,0,0,1,0,1,0
FZPT5TUS,2,0,0,2,0,0,2,0,0,2,0,0,0,0,0,0,0,0,0,0,0,0,0,0,2,0,0,2,0
DDTKSG1A,132,22,56,85,13,2,25,8,13,18,2,1,107,14,43,67,11,1,24,1,10,12,3,0,33,121,25,154,0
FM8CHPCG,13,0,4,6,3,0,5,0,0,3,2,0,8,0,4,3,1,0,4,0,3,1,0,0,5,8,4,13,0
2YTM1DXT,47,20,8,28,26,5,27,14,6,19,15,1,20,6,2,9,11,4,2,1,0,3,0,0,41,26,3,67,0
E5KXRVE7,3,0,0,3,0,0,1,0,0,1,0,0,2,0,0,2,0,0,0,0,0,0,0,0,1,2,0,3,0
SJTZSNOE,22,4,10,16,0,0,12,1,6,7,0,0,10,3,4,9,0,0,4,0,1,3,0,0,13,13,4,26,0
CX8HJLEI,90,3,13,73,7,0,18,3,4,17,0,0,72,0,9,56,7,0,11,0,1,7,3,0,21,72,11,93,0
RPML2P2Y,44,11,12,30,9,4,25,3,5,15,5,3,19,8,7,15,4,1,0,0,0,0,0,0,28,27,0,55,0
DBX3JMBJ,39,5,19,24,1,1,7,3,3,6,1,0,32,2,16,18,0,1,8,0,3,5,0,0,10,34,8,44,0
8DG5HQAY,156,87,42,173,28,1,65,39,22,67,15,0,91,48,20,106,13,1,12,0,2,9,1,0,104,139,12,243,0
4JGIESWW,105,43,37,81,28,3,62,25,24,46,17,1,43,18,13,35,11,2,6,1,2,4,0,1,87,61,7,148,0
5GBS5YTX,2,2,0,4,0,0,0,0,0,0,0,0,2,2,0,4,0,0,1,0,0,1,0,0,0,4,1,4,0
YQOUMIQB,4,0,2,2,0,0,2,0,1,1,0,0,2,0,1,1,0,0,1,0,1,0,0,0,2,2,1,4,0
YXITXZFJ,3,8,6,5,0,0,2,4,2,4,0,0,1,4,4,1,0,0,0,2,2,0,0,0,6,5,2,11,0
HNB1LJXU,15,5,3,17,0,0,7,1,1,7,0,0,8,4,2,10,0,0,2,0,1,1,0,0,8,12,2,20,0
GEXLECSN,1,0,0,1,0,0,0,0,0,0,0,0,1,0,0,1,0,0,0,0,0,0,0,0,0,1,0,1,0
A1PS8SCD,7,2,1,6,2,0,3,2,0,4,1,0,4,0,1,2,1,0,2,0,0,2,0,0,5,4,2,9,0
SIS7KHHL,86,6,24,67,1,0,29,4,9,24,0,0,57,2,15,43,1,0,6,0,4,2,0,0,33,59,6,92,0
CSVZFEY2,29,11,0,32,7,1,17,9,0,21,4,1,12,2,0,11,3,0,0,0,0,0,0,0,26,14,0,40,0
IDLHJZJX,51,4,27,26,0,4,24,4,13,13,0,4,27,0,14,13,0,0,1,0,1,0,0,0,28,27,1,55,0
QWBKMGR4,46,7,3,43,7,0,20,3,1,19,3,0,26,4,2,24,4,0,8,0,0,8,0,0,23,30,8,53,0
8TYRB3OC,144,26,19,82,30,39,52,16,4,13,15,36,92,10,15,69,15,3,1,4,0,3,2,0,68,102,5,170,0
JVEFDIKH,31,0,7,24,0,0,4,0,1,3,0,0,27,0,6,21,0,0,11,0,4,7,0,0,4,27,11,31,0
NPIORWBV,173,10,24,123,27,7,70,5,10,45,12,7,103,5,14,78,15,0,15,0,2,11,2,0,75,108,15,183,0
UTTILD5Y,47,7,24,29,1,0,15,1,10,6,0,0,32,6,14,23,1,0,2,0,2,0,0,0,16,38,2,54,0
ACCP6NLT,61,0,12,49,0,0,24,0,2,22,0,0,37,0,10,27,0,0,4,0,0,4,0,0,24,37,4,61,0
VXCMPSAY,49,4,8,41,4,0,11,0,1,8,2,0,38,4,7,33,2,0,1,0,0,1,0,0,11,42,1,53,0
UBHT658A,32,0,8,23,1,0,5,0,0,5,0,0,27,0,8,18,1,0,4,0,2,2,0,0,5,27,4,32,0
CTXH3SNF,59,20,12,54,13,0,24,18,2,29,11,0,35,2,10,25,2,0,3,0,3,0,0,0,42,37,3,79,0
1IZ3RIY5,36,1,8,27,2,0,6,0,0,6,0,0,30,1,8,21,2,0,4,0,0,4,0,0,6,31,4,37,0
NGZ5AH7X,14,2,3,11,2,0,1,0,0,1,0,0,13,2,3,10,2,0,5,0,1,4,0,0,1,15,5,16,0
HSKPCCZ4,49,4,9,32,12,0,27,3,5,15,10,0,22,1,4,17,2,0,4,0,1,3,0,0,30,23,4,53,0
K2YPLEQE,30,27,5,20,20,12,26,22,4,14,18,12,4,5,1,6,2,0,0,0,0,0,0,0,48,9,0,57,1
FY6NFYAE,53,4,11,44,2,0,12,1,4,8,1,0,41,3,7,36,1,0,3,1,0,4,0,0,13,44,4,57,0
CNK95FE5,19,0,3,16,0,1,6,0,0,6,0,0,13,0,3,10,0,1,1,0,0,1,0,0,6,13,1,19,0
HXSHST6J,18,0,1,16,1,0,5,0,0,5,0,0,13,0,1,11,1,0,6,0,1,5,0,0,5,13,6,18,0
KWMEIECD,26,0,8,18,0,1,6,0,3,3,0,1,20,0,5,15,0,0,6,0,3,3,0,0,6,20,6,26,0
BYPHZL3M,61,1,8,51,3,0,14,1,4,11,0,0,47,0,4,40,3,0,10,0,2,8,0,0,15,47,10,62,0
2MBJDUGC,23,1,6,16,1,1,8,0,1,7,0,0,15,1,5,9,1,1,0,0,0,0,0,0,8,16,0,24,0
VKKGSREW,11,4,5,9,1,0,9,4,5,8,0,0,2,0,0,1,1,0,1,0,0,0,1,0,13,2,1,15,0
1TLAAX8O,45,0,10,34,1,2,20,0,7,13,0,2,25,0,3,21,1,0,5,0,1,3,1,0,20,25,5,45,0
KCH7MPDU,13,1,0,13,0,1,4,1,0,5,0,0,9,0,0,8,0,1,1,0,0,0,0,1,5,9,1,14,0
TVSNLGPN,2,3,0,5,0,0,0,1,0,1,0,0,2,2,0,4,0,0,0,1,0,1,0,0,1,4,1,5,0
RMZHS1F1,24,3,2,22,1,2,5,0,1,4,0,0,19,3,1,18,1,2,4,0,0,3,1,0,5,22,4,27,0
DPEPGLIW,2,0,0,2,0,0,0,0,0,0,0,0,2,0,0,2,0,0,0,0,0,0,0,0,0,2,0,2,0
7R6BUKSM,12,2,3,6,5,0,4,1,1,4,0,0,8,1,2,2,5,0,1,0,0,0,1,0,5,9,1,14,0
OB1F7CXE,25,8,1,10,5,17,13,5,0,6,3,9,12,3,1,4,2,8,6,2,0,1,1,6,18,15,8,33,0
HLCEXY3K,2,0,1,0,1,0,1,0,0,0,1,0,1,0,1,0,0,0,0,0,0,0,0,0,1,1,0,2,0
KIBF2ZLE,6,7,5,8,0,0,3,7,5,5,0,0,3,0,0,3,0,0,1,0,0,1,0,0,10,3,1,13,0
BV4G9SEJ,18,0,1,15,2,0,8,0,1,6,1,0,10,0,0,9,1,0,1,0,0,1,0,0,8,10,1,18,0
8FZ2BKUZ,4,0,0,4,0,0,2,0,0,2,0,0,2,0,0,2,0,0,1,0,0,1,0,0,2,2,1,4,0
PSZSVCYF,10,3,0,4,5,4,3,3,0,3,3,0,7,0,0,1,2,4,0,0,0,0,0,0,6,7,0,13,0
BATRGH3C,5,7,2,10,0,0,4,2,2,4,0,0,1,5,0,6,0,0,0,0,0,0,0,0,6,6,0,12,0
SGCFDRFM,2,2,2,2,0,0,0,2,1,1,0,0,2,0,1,1,0,0,0,0,0,0,0,0,2,2,0,4,0
JUKKFTVS,82,30,12,69,31,0,29,20,7,30,12,0,53,10,5,39,19,0,20,4,2,16,6,0,49,63,24,112,0
YZ64ZXUC,113,16,23,90,15,1,58,11,15,45,8,1,55,5,8,45,7,0,13,1,3,8,3,0,69,60,14,129,0
MUSANDHZ,7,1,0,7,1,0,3,0,0,3,0,0,4,1,0,4,1,0,0,0,0,0,0,0,3,5,0,8,0
FTHCAR35,29,0,1,27,1,0,7,0,0,7,0,0,22,0,1,20,1,0,5,0,1,4,0,0,7,22,5,29,0
KLIGPWXG,37,1,7,30,1,0,13,1,1,12,1,0,24,0,6,18,0,0,5,0,0,5,0,0,14,24,5,38,0
TDQUQSYB,31,8,4,26,5,4,11,5,3,10,2,1,20,3,1,16,3,3,2,0,0,2,0,0,16,23,2,39,0
OH3DSM3Q,153,44,42,70,75,15,85,22,27,47,27,11,68,22,15,23,48,4,21,2,6,6,11,2,107,90,23,197,0
Y1DQCDCF,83,5,26,57,5,0,16,2,6,11,1,0,67,3,20,46,4,0,11,0,4,7,0,0,18,70,11,88,0
HIJ9H58B,115,39,28,78,36,12,32,20,10,25,16,1,83,19,18,53,20,11,7,1,3,5,0,0,52,102,8,154,0
MFERC6G8,60,5,3,60,2,0,25,5,1,28,1,0,35,0,2,32,1,0,5,0,1,4,0,0,30,35,5,65,1
BXIRSPDH,15,2,2,15,0,0,3,2,0,5,0,0,12,0,2,10,0,0,1,0,0,1,0,0,5,12,1,17,0
ZPJOEKG9,103,12,23,84,8,0,25,0,7,17,1,0,78,12,16,67,7,0,6,1,1,6,0,0,25,90,7,115,0
KIGV8II8,7,0,4,3,0,0,5,0,4,1,0,0,2,0,0,2,0,0,0,0,0,0,0,0,5,2,0,7,0
HEWFALDK,15,0,4,11,0,0,10,0,3,7,0,0,5,0,1,4,0,0,0,0,0,0,0,0,10,5,0,15,0
VLMKI6TN,29,4,0,32,1,0,11,2,0,12,1,0,18,2,0,20,0,0,1,0,0,1,0,0,13,20,1,33,0
XAEOQ1RS,15,3,1,16,1,0,8,0,0,8,0,0,7,3,1,8,1,0,2,0,0,2,0,0,8,10,2,18,0
TJRXXJ5A,32,0,1,29,2,0,10,0,1,9,0,0,22,0,0,20,2,0,4,0,0,4,0,0,10,22,4,32,0
STIETB9N,78,9,42,43,2,3,46,6,27,23,2,3,32,3,15,20,0,0,0,0,0,0,0,0,52,35,0,87,0
ZBXUJBDG,3,2,1,2,1,1,0,2,1,0,0,1,3,0,0,2,1,0,0,0,0,0,0,0,2,3,0,5,0
MCGENWFD,48,2,9,35,2,4,16,0,5,6,1,4,32,2,4,29,1,0,6,1,1,5,1,0,16,34,7,50,0
COCZ4QAK,78,18,22,69,3,2,34,9,14,28,1,0,44,9,8,41,2,2,8,1,1,4,2,2,43,53,9,96,0
H4IR13M6,25,0,5,19,1,0,7,0,3,4,0,0,18,0,2,15,1,0,2,0,0,2,0,0,7,18,2,25,1
Z1XYYN9N,43,1,6,17,12,9,24,1,4,8,4,9,19,0,2,9,8,0,2,0,1,1,0,0,25,19,2,44,0
JHDTV6PB,14,0,2,9,3,0,4,0,1,2,1,0,10,0,1,7,2,0,2,0,0,1,1,0,4,10,2,14,0
YJAI7HGH,9,2,1,8,2,0,7,2,1,7,1,0,2,0,0,1,1,0,1,0,0,1,0,0,9,2,1,11,0
FHDLOZPJ,122,17,22,105,12,0,38,9,6,38,3,0,84,8,16,67,9,0,16,2,5,12,1,0,47,92,18,139,0
OGR3MOHI,68,16,25,50,9,4,42,10,21,24,7,3,26,6,4,26,2,1,2,0,0,2,0,0,52,32,2,84,0
KB848IG2,10,0,0,1,9,0,10,0,0,1,9,0,0,0,0,0,0,0,0,0,0,0,0,0,10,0,0,10,0
V2TNKWE5,5,0,2,3,0,0,2,0,2,0,0,0,3,0,0,3,0,0,0,0,0,0,0,0,2,3,0,5,0
MOGJ8RCI,115,26,38,101,2,3,47,14,18,42,1,1,68,12,20,59,1,2,8,3,3,8,0,0,61,80,11,141,0
IL1ZFHVQ,7,6,2,3,1,7,2,1,2,1,0,0,5,5,0,2,1,7,4,2,0,2,1,3,3,10,6,13,0
BEDLPREB,39,5,9,32,3,0,6,2,1,7,0,0,33,3,8,25,3,0,14,0,3,11,0,0,8,36,14,44,0
ZR4T64FD,7,0,0,7,0,0,2,0,0,2,0,0,5,0,0,5,0,0,0,0,0,0,0,0,2,5,0,7,0
JAZJAEZ4,56,2,16,42,0,1,6,0,2,4,0,1,50,2,14,38,0,0,5,0,0,5,0,0,6,52,5,58,0
9VFRUA9K,12,1,5,8,0,0,5,0,4,1,0,0,7,1,1,7,0,0,0,0,0,0,0,0,5,8,0,13,0
WX6KUUVG,1,0,0,1,0,0,0,0,0,0,0,0,1,0,0,1,0,0,0,0,0,0,0,0,0,1,0,1,0
AF9EKWU3,26,2,1,25,2,1,5,0,1,3,1,1,21,2,0,22,1,0,5,0,0,5,0,0,5,23,5,28,0
W64ZG3RA,76,5,28,42,10,1,20,1,9,8,3,1,56,4,19,34,7,0,6,0,3,3,0,0,21,60,6,81,0
V8DYLJUW,1,0,0,1,0,0,0,0,0,0,0,0,1,0,0,1,0,0,0,0,0,0,0,0,0,1,0,1,0
GQBODJSB,41,0,10,29,2,2,16,0,5,11,0,2,25,0,5,18,2,0,5,0,2,1,2,0,16,25,5,41,0
LD16C9TM,49,1,13,32,5,0,13,0,4,7,2,0,36,1,9,25,3,0,6,0,0,6,0,0,13,37,6,50,0
YZBTCHQ8,23,1,8,16,0,1,9,0,3,6,0,0,14,1,5,10,0,1,3,0,1,2,0,0,9,15,3,24,0
HJXQNLBO,26,6,7,24,1,0,12,5,2,15,0,0,14,1,5,9,1,0,0,0,0,0,0,0,17,15,0,32,0
E4L8DVFB,31,12,1,16,11,15,23,8,1,10,5,15,8,4,0,6,6,0,1,0,0,1,0,0,31,12,1,43,0
JGWLQ47T,55,15,13,52,5,0,19,7,1,22,3,0,36,8,12,30,2,0,11,4,6,9,0,0,26,44,15,70,0
BGN3TFRM,151,24,51,92,22,9,66,21,21,48,14,3,85,3,30,44,8,6,4,0,2,2,0,0,87,88,4,175,0
AGGHHJB8,181,44,60,134,27,3,80,13,29,51,12,0,101,31,31,83,15,3,21,6,4,18,4,1,93,132,27,225,0
ZRT3CMO9,14,4,3,15,0,0,7,4,3,8,0,0,7,0,0,7,0,0,0,0,0,0,0,0,11,7,0,18,0
1KYAYGRC,73,28,11,84,6,0,15,12,2,24,1,0,58,16,9,60,5,0,10,0,3,7,0,0,27,74,10,101,0
QPOKIPFD,20,5,3,19,3,0,5,2,1,4,2,0,15,3,2,15,1,0,1,0,0,1,0,0,7,18,1,25,0
KYIMIW3F,48,0,6,39,3,0,14,0,3,11,0,0,34,0,3,28,3,0,3,0,0,3,0,0,14,34,3,48,0
LMKBI6ZK,61,13,16,56,1,1,25,4,9,19,0,1,36,9,7,37,1,0,4,0,0,4,0,0,29,45,4,74,0
UBV3TIHO,7,0,0,5,2,0,0,0,0,0,0,0,7,0,0,5,2,0,0,0,0,0,0,0,0,7,0,7,0
ALAN2DWH,11,0,0,7,2,2,2,0,0,2,0,0,9,0,0,5,2,2,0,0,0,0,0,0,2,9,0,11,0
SRHWRVU5,15,1,3,8,5,0,14,1,3,8,4,0,1,0,0,0,1,0,0,0,0,0,0,0,15,1,0,16,0
A2PGMYVQ,85,10,23,70,2,3,59,4,12,50,1,0,26,6,11,20,1,3,8,0,3,5,0,0,63,32,8,95,0
UW9AL2D9,23,7,9,8,7,6,8,5,2,8,3,0,15,2,7,0,4,6,1,0,1,0,0,0,13,17,1,30,0
M8ILMXGN,27,3,7,23,0,0,14,2,7,9,0,0,13,1,0,14,0,0,2,0,0,2,0,0,16,14,2,30,0
MLBQOJZR,9,1,0,10,0,0,3,1,0,4,0,0,6,0,0,6,0,0,1,0,0,1,0,0,4,6,1,10,0
ATZIRSUO,3,1,0,4,0,0,2,1,0,3,0,0,1,0,0,1,0,0,0,0,0,0,0,0,3,1,0,4,0
5YULROFV,13,0,7,6,0,0,3,0,1,2,0,0,10,0,6,4,0,0,2,0,2,0,0,0,3,10,2,13,0
2FVEDLMD,131,11,51,71,20,8,70,11,29,38,14,8,61,0,22,33,6,0,10,0,4,6,0,0,81,61,10,142,0
C8OECAKE,64,6,13,52,5,0,14,3,3,12,2,0,50,3,10,40,3,0,4,0,0,4,0,0,17,53,4,70,0
HBVN5JDX,115,25,13,101,25,1,51,14,10,40,14,1,64,11,3,61,11,0,14,0,0,12,2,0,65,75,14,140,0
MM1QNKJA,70,6,23,53,0,0,24,5,11,18,0,0,46,1,12,35,0,0,8,0,2,6,0,0,29,47,8,76,0
QARH3D8G,73,17,4,41,23,22,28,10,1,15,10,12,45,7,3,26,13,10,21,3,2,9,4,9,38,52,24,90,0
CRSYOSO2,38,7,1,30,14,0,7,4,1,8,2,0,31,3,0,22,12,0,0,0,0,0,0,0,11,34,0,45,0
H9C3CEV9,73,23,13,41,30,11,24,5,6,12,5,5,49,18,7,29,25,6,2,0,1,1,0,0,29,67,2,96,0
MW4PDOFB,8,0,1,4,3,0,7,0,0,4,3,0,1,0,1,0,0,0,0,0,0,0,0,0,7,1,0,8,0
XSAKBEAS,25,1,12,14,0,0,6,0,3,3,0,0,19,1,9,11,0,0,0,0,0,0,0,0,6,20,0,26,0
AFKWBM78,180,2,41,113,28,1,58,0,16,33,9,0,122,2,25,80,19,1,15,0,5,10,0,1,58,124,15,182,0
9DUIKFJJ,16,1,6,11,0,0,9,1,5,5,0,0,7,0,1,6,0,0,1,0,0,1,0,0,10,7,1,17,0
GXXKJMI7,10,1,0,7,4,0,0,0,0,0,0,0,10,1,0,7,4,0,5,0,0,3,2,0,0,11,5,11,0
GD94ZFCH,1,2,0,2,1,0,0,2,0,1,1,0,1,0,0,1,0,0,1,0,0,1,0,0,2,1,1,3,0
J2ZOPXYS,4,0,0,3,1,0,3,0,0,3,0,0,1,0,0,0,1,0,0,0,0,0,0,0,3,1,0,4,0
O1BXKVUH,38,2,6,32,2,0,24,2,6,19,1,0,14,0,0,13,1,0,3,0,0,3,0,0,26,14,3,40,0
NI5LOXNG,68,18,13,63,4,6,24,2,3,20,2,1,44,16,10,43,2,5,9,4,4,3,1,5,26,60,13,86,0
VBB2XSGX,14,2,1,14,1,0,5,0,0,5,0,0,9,2,1,9,1,0,0,0,0,0,0,0,5,11,0,16,1
E2716RCZ,12,2,1,13,0,0,8,2,1,9,0,0,4,0,0,4,0,0,0,0,0,0,0,0,10,4,0,14,0
9DGZ9NKU,73,10,11,57,14,1,37,10,6,33,8,0,36,0,5,24,6,1,0,0,0,0,0,0,47,36,0,83,0
CDIEMMV7,93,3,18,67,9,2,19,1,3,15,2,0,74,2,15,52,7,2,14,0,4,10,0,0,20,76,14,96,0
J7WKCPEP,15,3,2,14,1,1,6,2,1,6,1,0,9,1,1,8,0,1,0,0,0,0,0,0,8,10,0,18,1
O6URQJUN,6,0,1,5,0,0,2,0,0,2,0,0,4,0,1,3,0,0,1,0,0,1,0,0,2,4,1,6,0
XIKR8WXJ,14,1,0,15,0,0,3,0,0,3,0,0,11,1,0,12,0,0,3,0,0,3,0,0,3,12,3,15,0
FXKRDCQW,32,1,4,24,5,0,11,0,1,9,1,0,21,1,3,15,4,0,5,0,1,4,0,0,11,22,5,33,0
UCTJFM8E,91,8,10,82,7,0,23,6,2,25,2,0,68,2,8,57,5,0,19,1,7,13,0,0,29,70,20,99,0
LQUYAZCO,32,2,10,23,1,0,6,0,1,4,1,0,26,2,9,19,0,0,11,0,4,7,0,0,6,28,11,34,0
MLJ32IRP,25,2,3,20,3,1,5,1,0,4,2,0,20,1,3,16,1,1,1,0,0,1,0,0,6,21,1,27,0
PDHCUHK2,70,7,15,53,9,0,16,0,3,12,1,0,54,7,12,41,8,0,12,2,5,8,1,0,16,61,14,77,0
17VMOGAX,186,10,49,127,20,1,91,9,32,53,15,1,95,1,17,74,5,0,12,0,3,8,1,0,100,96,12,196,0
EG7KKS8A,151,56,18,91,80,18,117,49,11,78,59,18,34,7,7,13,21,0,5,0,2,2,1,0,166,41,5,207,0
YI8MG2SG,31,3,2,25,7,0,13,2,1,11,3,0,18,1,1,14,4,0,0,0,0,0,0,0,15,19,0,34,0
BAQP2MDM,15,7,3,15,4,0,8,7,1,12,2,0,7,0,2,3,2,0,0,0,0,0,0,0,15,7,0,22,0
COETIIST,33,5,3,27,8,0,8,2,1,6,3,0,25,3,2,21,5,0,2,0,0,2,0,0,10,28,2,38,0
IVPRVOKP,169,26,76,106,13,15,51,14,23,37,5,2,118,12,53,69,8,13,18,1,11,8,0,5,65,130,19,195,0
O2TOYISC,38,3,2,39,0,0,10,1,1,10,0,0,28,2,1,29,0,0,5,0,0,5,0,0,11,30,5,41,0
EXVXIEFA,15,2,0,15,2,0,6,0,0,5,1,0,9,2,0,10,1,0,0,0,0,0,0,0,6,11,0,17,0
WX1GY5DV,76,38,19,75,20,0,36,16,12,29,11,0,40,22,7,46,9,0,5,0,0,4,1,0,52,62,5,114,0
AFNXDHOK,50,5,6,41,8,0,14,2,0,13,3,0,36,3,6,28,5,0,0,0,0,0,0,0,16,39,0,55,0
V7DNAUNQ,7,2,5,4,0,1,7,0,3,4,0,1,0,2,2,0,0,0,0,0,0,0,0,0,7,2,0,9,0
LDB3SOHI,14,1,1,13,1,0,5,1,0,5,1,0,9,0,1,8,0,0,0,0,0,0,0,0,6,9,0,15,0
HXVBRNJJ,1,0,0,0,1,0,1,0,0,0,1,0,0,0,0,0,0,0,0,0,0,0,0,0,1,0,0,1,0
XJMDXNHH,59,6,25,40,0,0,35,2,14,23,0,0,24,4,11,17,0,0,4,1,1,4,0,0,37,28,5,65,0
ZZX9I2OM,26,1,10,17,0,0,11,0,5,6,0,0,15,1,5,11,0,0,4,0,0,4,0,0,11,16,4,27,0
LUVR1IMI,76,7,13,65,5,1,43,3,9,34,3,1,33,4,4,31,2,0,1,0,1,0,0,0,46,37,1,83,0
EWLNG5GT,1,0,0,1,0,0,0,0,0,0,0,0,1,0,0,1,0,0,1,0,0,1,0,0,0,1,1,1,0
GDWSREUH,4,1,0,3,2,0,3,0,0,1,2,0,1,1,0,2,0,0,1,0,0,1,0,0,3,2,1,5,0
4WCXDNUY,2,0,0,2,0,0,1,0,0,1,0,0,1,0,0,1,0,0,0,0,0,0,0,0,1,1,0,2,0
UZ6X8WDF,9,2,1,9,1,0,2,1,0,3,0,0,7,1,1,6,1,0,4,0,0,3,1,0,3,8,4,11,0
4YGHN26L,43,0,5,34,2,2,20,0,4,15,1,0,23,0,1,19,1,2,2,0,0,2,0,0,20,23,2,43,0
SSBWMEEW,28,5,1,23,9,0,17,3,1,11,8,0,11,2,0,12,1,0,4,2,0,5,1,0,20,13,6,33,0
IUXNSHFX,29,10,8,27,4,0,3,2,2,3,0,0,26,8,6,24,4,0,8,1,1,8,0,0,5,34,9,39,0
K32LNA2A,62,10,24,47,0,3,17,4,7,14,0,1,45,6,17,33,0,2,3,0,1,2,0,0,21,51,3,72,0
BEV7KYQV,35,4,9,22,8,0,9,2,0,8,3,0,26,2,9,14,5,0,7,0,3,4,0,0,11,28,7,39,0
F78I9MYI,117,14,2,102,25,2,46,5,1,35,13,2,71,9,1,67,12,0,9,1,0,9,1,0,51,80,10,131,0
EN6PLWD1,8,0,0,6,2,0,2,0,0,2,0,0,6,0,0,4,2,0,0,0,0,0,0,0,2,6,0,8,0
KGIFAFE3,70,14,10,48,22,7,27,6,3,18,8,4,43,8,7,30,14,3,4,1,2,3,0,2,33,51,5,84,0
TBWIX4NQ,43,3,4,32,5,4,28,1,1,18,5,4,15,2,3,14,0,0,4,0,1,3,0,0,29,17,4,46,0
LICWVKOU,54,5,8,47,4,0,11,0,2,8,1,0,43,5,6,39,3,0,12,4,4,10,2,0,11,48,16,59,0
3SLFC3TZ,14,3,0,13,4,0,7,3,0,7,3,0,7,0,0,6,1,0,1,0,0,1,0,0,10,7,1,17,0
RIREOW6Y,61,3,9,43,10,2,37,3,2,27,9,2,24,0,7,16,1,0,5,0,0,4,1,0,40,24,5,64,0
LFGKA5PJ,54,18,4,63,5,0,25,6,2,24,5,0,29,12,2,39,0,0,3,0,0,3,0,0,31,41,3,72,0
2T1BSUSQ,21,3,1,17,6,0,8,2,0,7,3,0,13,1,1,10,3,0,4,1,0,4,1,0,10,14,5,24,0
D3L6PCOJ,5,1,0,4,2,0,4,0,0,3,1,0,1,1,0,1,1,0,0,0,0,0,0,0,4,2,0,6,0
MZABKQRC,28,7,4,29,2,0,14,7,2,17,2,0,14,0,2,12,0,0,3,0,0,3,0,0,21,14,3,35,0
AKQBIUCA,5,0,0,2,3,0,0,0,0,0,0,0,5,0,0,2,3,0,0,0,0,0,0,0,0,5,0,5,0
P7GWZMII,8,4,5,7,0,0,3,4,3,4,0,0,5,0,2,3,0,0,4,0,1,3,0,0,7,5,4,12,0
YVHD9TEQ,8,0,0,4,2,2,6,0,0,4,0,2,2,0,0,0,2,0,2,0,0,0,2,0,6,2,2,8,0
PSGTTYZO,6,0,1,5,0,0,1,0,0,1,0,0,5,0,1,4,0,0,1,0,0,1,0,0,1,5,1,6,0
7NFLMS7V,7,0,0,7,0,0,5,0,0,5,0,0,2,0,0,2,0,0,0,0,0,0,0,0,5,2,0,7,0
T3GRCOKU,11,0,0,9,2,0,0,0,0,0,0,0,11,0,0,9,2,0,0,0,0,0,0,0,0,11,0,11,0
SBLKKZMX,4,0,2,2,0,0,2,0,0,2,0,0,2,0,2,0,0,0,0,0,0,0,0,0,2,2,0,4,0
U41SXICQ,44,5,12,37,0,0,16,4,4,16,0,0,28,1,8,21,0,0,4,0,0,4,0,0,20,29,4,49,0
B5JKWHOR,12,1,1,11,0,1,3,1,0,3,0,1,9,0,1,8,0,0,2,0,0,2,0,0,4,9,2,13,0
ARFVTJNT,48,2,3,40,7,0,29,2,1,23,7,0,19,0,2,17,0,0,4,0,1,3,0,0,31,19,4,50,0
5GQJOGGV,42,9,11,37,3,0,9,2,2,8,1,0,33,7,9,29,2,0,3,0,1,2,0,0,11,40,3,51,0
MAJX3MTE,50,1,15,29,7,0,11,1,2,10,0,0,39,0,13,19,7,0,8,0,3,4,1,0,12,39,8,51,0
9LJA842N,82,1,15,61,7,0,18,1,5,13,1,0,64,0,10,48,6,0,4,0,0,4,0,0,19,64,4,83,0
RSQIH4LG,16,2,6,12,0,0,5,0,0,5,0,0,11,2,6,7,0,0,1,0,1,0,0,0,5,13,1,18,0
ZDNKNYNJ,75,15,18,51,16,7,34,7,10,20,6,5,41,8,8,31,10,2,4,2,0,3,3,0,41,49,6,90,0
L9FE5TXE,3,0,3,0,0,0,1,0,1,0,0,0,2,0,2,0,0,0,0,0,0,0,0,0,1,2,0,3,0
PXRWRLQ7,32,0,4,24,4,0,8,0,2,5,1,0,24,0,2,19,3,0,4,0,0,3,1,0,8,24,4,32,0
RUTACTVS,47,7,11,42,1,0,15,5,6,14,0,0,32,2,5,28,1,0,7,0,0,7,0,0,20,34,7,54,0
5Z7MHXTJ,84,3,31,55,1,1,30,1,9,21,1,0,54,2,22,34,0,1,6,0,5,1,0,0,31,56,6,87,0
VQBDNVEX,20,2,2,17,2,1,4,0,0,2,1,1,16,2,2,15,1,0,0,0,0,0,0,0,4,18,0,22,0
JTA7JNC2,50,8,9,46,2,1,18,8,3,21,1,1,32,0,6,25,1,0,5,0,1,4,0,0,26,32,5,58,0
MCD7WJH2,121,45,26,119,21,0,43,20,8,45,10,0,78,25,18,74,11,0,11,0,5,6,0,0,63,103,11,166,0
LH3FQWVD,5,0,0,5,0,0,0,0,0,0,0,0,5,0,0,5,0,0,0,0,0,0,0,0,0,5,0,5,0
D9YBRFSS,34,11,21,22,2,1,34,11,21,22,2,1,0,0,0,0,0,0,0,0,0,0,0,0,45,0,0,45,0
IIRXBUIQ,28,2,3,27,0,0,11,0,0,11,0,0,17,2,3,16,0,0,5,0,0,5,0,0,11,19,5,30,0
WBIWBOW2,58,11,5,62,2,0,15,7,3,18,1,0,43,4,2,44,1,0,8,0,0,8,0,0,22,47,8,69,0
ORA9ULUJ,13,0,1,12,0,0,6,0,0,6,0,0,7,0,1,6,0,0,1,0,0,1,0,0,6,7,1,13,0
EXSJD7IC,43,0,10,33,0,1,10,0,2,8,0,0,33,0,8,25,0,1,2,0,0,2,0,0,10,33,2,43,0
VCUHRLHK,3,0,0,1,2,0,1,0,0,1,0,0,2,0,0,0,2,0,0,0,0,0,0,0,1,2,0,3,0
GCLCV4CE,16,1,2,15,0,0,6,0,1,5,0,0,10,1,1,10,0,0,3,0,0,3,0,0,6,11,3,17,0
GQZSHKOM,24,1,8,17,0,0,6,1,1,6,0,0,18,0,7,11,0,0,4,0,1,3,0,0,7,18,4,25,0
6FPAZMMJ,10,1,0,10,1,0,6,1,0,7,0,0,4,0,0,3,1,0,1,0,0,0,1,0,7,4,1,11,0
XU2IDNCC,2,2,0,3,0,1,1,1,0,2,0,0,1,1,0,1,0,1,0,0,0,0,0,0,2,2,0,4,0
JIUCQEUK,5,0,0,5,0,0,3,0,0,3,0,0,2,0,0,2,0,0,0,0,0,0,0,0,3,2,0,5,0
BDSILSQ3,2,0,0,2,0,0,0,0,0,0,0,0,2,0,0,2,0,0,2,0,0,2,0,0,0,2,2,2,0
KEGLZWQH,1,0,1,0,0,0,1,0,1,0,0,0,0,0,0,0,0,0,0,0,0,0,0,0,1,0,0,1,0
UGLOEGK8,81,36,36,58,23,0,63,22,26,40,19,0,18,14,10,18,4,0,7,2,2,6,1,0,85,32,9,117,0
DKJNGKFI,27,8,17,18,0,1,5,4,4,5,0,0,22,4,13,13,0,1,8,1,4,5,0,1,9,26,9,35,0
LALKMDMQ,72,16,2,35,9,42,31,3,2,11,5,16,41,13,0,24,4,26,5,2,0,5,0,2,34,54,7,88,0
JPE5FXGJ,12,1,2,9,2,1,6,0,1,3,2,0,6,1,1,6,0,1,1,0,0,1,0,0,6,7,1,13,0
BJOQCWMR,48,6,9,42,1,2,12,1,1,11,1,0,36,5,8,31,0,2,6,1,0,6,0,1,13,41,7,54,0
AJ192LQA,4,0,2,2,0,0,4,0,2,2,0,0,0,0,0,0,0,0,0,0,0,0,0,0,4,0,0,4,0
V7XX32JG,34,3,3,29,3,2,12,1,2,9,0,2,22,2,1,20,3,0,0,0,0,0,0,0,13,24,0,37,0
UVW9LFVD,28,0,9,19,0,1,8,0,3,5,0,0,20,0,6,14,0,1,2,0,0,2,0,0,8,20,2,28,0
HG8FRMOP,9,0,2,7,0,0,2,0,0,2,0,0,7,0,2,5,0,0,0,0,0,0,0,0,2,7,0,9,0
CLN9TMC7,56,12,12,29,18,10,16,5,2,11,7,1,40,7,10,18,11,9,5,0,3,2,0,1,21,47,5,68,0
FYEZBKLL,1,0,0,1,0,0,0,0,0,0,0,0,1,0,0,1,0,0,1,0,0,1,0,0,0,1,1,1,0
BPCYOAQW,24,1,9,12,4,0,6,0,2,4,0,0,18,1,7,8,4,0,0,0,0,0,0,0,6,19,0,25,0
PDIJVPUX,8,0,3,5,0,0,2,0,2,0,0,0,6,0,1,5,0,0,1,0,0,1,0,0,2,6,1,8,0
FRUKB419,40,2,7,35,0,0,14,2,3,13,0,0,26,0,4,22,0,0,4,0,0,4,0,0,16,26,4,42,0
YHPX2CVD,6,2,1,5,2,0,3,0,0,2,1,0,3,2,1,3,1,0,3,2,1,3,1,0,3,5,5,8,0
PXJHJHNJ,4,0,0,4,0,0,3,0,0,3,0,0,1,0,0,1,0,0,0,0,0,0,0,0,3,1,0,4,0
PDE8GMF3,43,2,16,28,1,1,13,0,5,8,0,1,30,2,11,20,1,0,7,0,2,5,0,0,13,32,7,45,0
CV3YHDOI,23,6,3,25,1,1,14,4,0,17,1,0,9,2,3,8,0,1,3,0,0,3,0,0,18,11,3,29,0
IVKSQ46V,40,1,12,27,2,0,13,1,2,10,2,0,27,0,10,17,0,0,4,0,2,2,0,0,14,27,4,41,0
Q3ZHM6Q1,51,4,7,47,0,1,12,0,2,10,0,0,39,4,5,37,0,1,3,0,0,3,0,0,12,43,3,55,0
UCMFNPET,17,3,6,14,0,0,5,3,2,6,0,0,12,0,4,8,0,0,4,0,2,2,0,0,8,12,4,20,0
TYDEXQZM,23,0,3,15,5,0,4,0,1,2,1,0,19,0,2,13,4,0,3,0,0,2,1,0,4,19,3,23,0
NCNEYLBU,66,5,21,45,4,1,21,4,4,18,2,1,45,1,17,27,2,0,3,0,1,2,0,0,25,46,3,71,0
FFMLUAQW,65,6,14,55,2,0,24,4,6,20,2,0,41,2,8,35,0,0,3,0,0,3,0,0,28,43,3,71,0
ZGYRPK1Q,56,1,17,38,2,0,14,1,5,8,2,0,42,0,12,30,0,0,5,0,1,4,0,0,15,42,5,57,0
UGAPJYC3,24,10,7,15,10,3,13,3,5,7,4,0,11,7,2,8,6,3,5,3,2,4,2,1,16,18,8,34,0
L1EDFQEA,42,3,14,29,2,1,4,1,2,3,0,0,38,2,12,26,2,1,10,0,3,5,2,0,5,40,10,45,0
EMHTJ38H,74,3,26,48,3,0,13,2,4,10,1,0,61,1,22,38,2,0,9,0,4,5,0,0,15,62,9,77,0
DSRXZBWR,24,1,3,10,11,1,14,1,2,4,8,1,10,0,1,6,3,0,2,0,0,2,0,0,15,10,2,25,0
5TGU9OTY,54,20,6,65,2,1,17,11,2,25,1,0,37,9,4,40,1,1,2,2,0,3,0,1,28,46,4,74,0
EH3PJLXP,42,7,3,44,2,0,13,5,1,17,0,0,29,2,2,27,2,0,9,0,0,8,1,0,18,31,9,49,0
CEDFBA3Y,5,0,1,4,0,0,2,0,1,1,0,0,3,0,0,3,0,0,0,0,0,0,0,0,2,3,0,5,0
W4LYIQW7,4,0,2,2,0,0,3,0,2,1,0,0,1,0,0,1,0,0,0,0,0,0,0,0,3,1,0,4,0
XLILJFJS,3,0,0,3,0,0,0,0,0,0,0,0,3,0,0,3,0,0,0,0,0,0,0,0,0,3,0,3,0
RVMV4RIC,52,6,22,32,3,3,15,4,5,13,0,1,37,2,17,19,3,2,6,0,1,5,0,0,19,39,6,58,0
HLDUQXEB,4,0,1,3,0,0,3,0,1,2,0,0,1,0,0,1,0,0,0,0,0,0,0,0,3,1,0,4,0
5LLPBE4G,90,15,36,66,3,1,51,15,24,39,3,1,39,0,12,27,0,0,8,0,1,7,0,0,66,39,8,105,0
VZTLKXCH,12,0,1,9,2,0,4,0,1,2,1,0,8,0,0,7,1,0,1,0,0,1,0,0,4,8,1,12,0
OGLKU1DA,8,1,0,9,0,0,1,1,0,2,0,0,7,0,0,7,0,0,0,0,0,0,0,0,2,7,0,9,0
UTGYID7Q,27,1,4,23,1,0,8,1,0,8,1,0,19,0,4,15,0,0,6,0,1,5,0,0,9,19,6,28,0
SMSYPOHM,0,3,1,0,2,0,0,0,0,0,0,0,0,3,1,0,2,0,0,0,0,0,0,0,0,3,0,3,0
RWRVJEBD,27,5,4,20,6,2,5,1,0,4,1,1,22,4,4,16,5,1,8,0,0,8,0,0,6,26,8,32,0
H49PQOFD,7,0,1,6,0,0,6,0,1,5,0,0,1,0,0,1,0,0,0,0,0,0,0,0,6,1,0,7,0
GKSMSLJX,91,7,10,85,3,0,41,2,3,38,2,0,50,5,7,47,1,0,5,0,0,5,0,0,43,55,5,98,0
UNODDSU7,27,6,3,19,9,2,14,1,2,8,5,0,13,5,1,11,4,2,2,0,0,2,0,0,15,18,2,33,0
EKNTHANV,2,0,0,1,1,0,0,0,0,0,0,0,2,0,0,1,1,0,0,0,0,0,0,0,0,2,0,2,0
RVWO45E8,8,3,2,3,3,3,5,3,0,2,3,3,3,0,2,1,0,0,1,0,1,0,0,0,8,3,1,11,0
DWUUGZB1,5,0,1,3,1,0,3,0,0,2,1,0,2,0,1,1,0,0,2,0,1,1,0,0,3,2,2,5,0
KBGZFNYD,7,1,2,3,2,1,4,1,2,1,1,1,3,0,0,2,1,0,0,0,0,0,0,0,5,3,0,8,0
6ZR7VXDC,37,1,14,24,0,3,18,1,8,11,0,1,19,0,6,13,0,2,6,0,2,4,0,0,19,19,6,38,0
UAMOZTLP,6,0,3,3,0,0,2,0,2,0,0,0,4,0,1,3,0,0,2,0,1,1,0,0,2,4,2,6,0
FKCHOTQZ,7,3,6,4,0,0,2,0,1,1,0,0,5,3,5,3,0,0,0,0,0,0,0,0,2,8,0,10,0
HVAQLGI6,8,3,4,7,0,0,2,1,2,1,0,0,6,2,2,6,0,0,1,0,0,1,0,0,3,8,1,11,0
DWGRJBNX,12,2,1,5,8,0,10,0,0,3,7,0,2,2,1,2,1,0,0,0,0,0,0,0,10,4,0,14,0
I97GRSBE,14,1,4,6,1,3,7,0,1,2,1,3,7,1,3,4,0,0,3,1,1,2,0,0,7,8,4,15,0
UJOTW5FQ,32,0,6,26,0,0,7,0,2,5,0,0,25,0,4,21,0,0,6,0,1,5,0,0,7,25,6,32,0
ALBN6HZS,10,0,2,8,0,0,6,0,2,4,0,0,4,0,0,4,0,0,0,0,0,0,0,0,6,4,0,10,0
UIKAHFGM,7,0,2,5,0,0,5,0,1,4,0,0,2,0,1,1,0,0,2,0,1,1,0,0,5,2,2,7,0
CPJRCJUW,29,0,5,12,5,6,21,0,3,6,5,6,8,0,2,6,0,0,1,0,1,0,0,0,21,8,1,29,0
BLUVK8RG,37,5,11,20,6,5,27,0,6,12,5,4,10,5,5,8,1,1,2,0,0,0,1,1,27,15,2,42,0
1TB8PB9G,15,2,2,14,1,0,7,0,1,5,1,0,8,2,1,9,0,0,1,0,0,1,0,0,7,10,1,17,0
XBPCCWFZ,35,1,7,29,0,1,16,1,4,13,0,1,19,0,3,16,0,0,3,0,1,2,0,0,17,19,3,36,0
CGVUAFIT,93,9,38,59,4,1,22,3,9,14,2,0,71,6,29,45,2,1,17,0,7,8,1,1,25,77,17,102,0
EQT1MWJX,6,1,3,4,0,0,3,0,1,2,0,0,3,1,2,2,0,0,0,0,0,0,0,0,3,4,0,7,0
VOXGWXF3,103,3,4,94,8,0,40,0,1,36,3,0,63,3,3,58,5,0,13,0,1,12,0,0,40,66,13,106,0
TVK8GRYJ,79,7,31,54,1,3,38,4,15,26,1,2,41,3,16,28,0,1,6,0,3,3,0,0,42,44,6,86,0
IZWNDOMQ,34,0,5,29,0,0,8,0,2,6,0,0,26,0,3,23,0,0,4,0,0,4,0,0,8,26,4,34,0
QBKMOI6W,80,18,15,73,10,2,28,2,7,21,2,0,52,16,8,52,8,2,8,0,2,5,1,0,30,68,8,98,0
READBASL,41,2,9,30,4,1,17,1,1,16,1,0,24,1,8,14,3,1,4,0,2,2,0,0,18,25,4,43,0
6IWLHVDH,34,1,9,26,0,1,10,0,2,8,0,0,24,1,7,18,0,1,4,0,0,4,0,0,10,25,4,35,0
8AYXSBZF,163,56,32,123,61,6,98,42,19,77,41,6,65,14,13,46,20,0,3,0,1,2,0,0,140,79,3,219,0
44KGFYAE,63,4,15,51,1,0,34,3,11,26,0,0,29,1,4,25,1,0,1,0,0,1,0,0,37,30,1,67,0
2SINCIP8,35,0,17,18,0,0,11,0,1,10,0,0,24,0,16,8,0,0,8,0,6,2,0,0,11,24,8,35,0
AGXEAQAC,44,5,8,41,0,0,13,2,1,14,0,0,31,3,7,27,0,0,2,0,0,2,0,0,15,34,2,49,0
OTFULCDW,65,6,6,55,9,1,19,2,1,13,6,1,46,4,5,42,3,0,6,1,3,4,0,0,21,50,7,71,0
4PJ6DW36,70,12,14,64,3,2,29,8,8,26,2,2,41,4,6,38,1,0,6,0,2,4,0,0,37,45,6,82,0
PQIFJOKX,30,7,6,26,2,3,8,2,3,7,0,0,22,5,3,19,2,3,4,3,1,6,0,0,10,27,7,37,0
FSWWFDIQ,62,0,16,44,2,1,11,0,4,7,0,0,51,0,12,37,2,1,11,0,3,8,0,0,11,51,11,62,0
ME2KZFQF,6,0,3,3,0,0,0,0,0,0,0,0,6,0,3,3,0,0,0,0,0,0,0,0,0,6,0,6,0
QZCTKBIE,41,3,14,28,2,0,9,0,2,6,1,0,32,3,12,22,1,0,25,2,11,15,1,0,9,35,27,44,0
FRQXIARP,8,2,0,9,1,0,5,1,0,6,0,0,3,1,0,3,1,0,0,0,0,0,0,0,6,4,0,10,0
NDOB81EL,35,7,8,21,5,11,8,0,1,7,0,0,27,7,7,14,5,11,14,7,4,10,3,7,8,34,21,42,0
YYOZZYYJ,212,57,110,159,0,2,86,30,51,65,0,1,126,27,59,94,0,1,19,4,7,16,0,0,116,153,23,269,0
7XG7CJ4F,10,1,2,9,0,1,4,0,1,3,0,1,6,1,1,6,0,0,2,0,0,2,0,0,4,7,2,11,0
O8YCHWDL,53,8,10,42,7,2,29,5,2,24,6,2,24,3,8,18,1,0,6,0,3,3,0,0,34,27,6,61,0
POACCXXY,65,3,18,39,3,8,21,3,7,8,3,6,44,0,11,31,0,2,5,0,2,3,0,0,24,44,5,68,0
4ZQMC8WU,21,0,4,12,2,3,5,0,1,3,1,0,16,0,3,9,1,3,4,0,2,2,0,0,5,16,4,21,0
IPQT6WIO,21,5,2,23,1,0,4,2,2,4,0,0,17,3,0,19,1,0,0,0,0,0,0,0,6,20,0,26,0
YXFWCPXV,161,17,33,139,6,1,50,3,11,42,0,0,111,14,22,97,6,1,11,0,3,8,0,0,53,125,11,178,0
ZEKXZCSB,271,54,97,173,47,14,104,27,37,74,19,2,167,27,60,99,28,12,33,6,8,22,4,6,131,194,39,325,0
ZS1P4YOE,5,0,0,5,0,0,0,0,0,0,0,0,5,0,0,5,0,0,0,0,0,0,0,0,0,5,0,5,0
BPXVWEZI,5,0,1,4,0,0,2,0,0,2,0,0,3,0,1,2,0,0,1,0,0,1,0,0,2,3,1,5,0
BBPEJRAV,35,0,5,30,0,0,7,0,3,4,0,0,28,0,2,26,0,0,4,0,0,4,0,0,7,28,4,35,0
ARHSAXBX,227,25,27,162,54,9,61,6,6,43,14,4,166,19,21,119,40,5,38,1,5,24,8,2,67,185,39,252,0
GPY4GRAN,37,23,8,37,5,11,4,0,2,2,0,0,33,23,6,35,5,11,22,22,5,27,4,9,4,56,44,60,0
9HB8RYXU,65,3,6,59,3,0,21,0,2,17,2,0,44,3,4,42,1,0,7,0,0,7,0,0,21,47,7,68,0
JLENCB25,20,1,8,12,1,0,4,0,2,2,0,0,16,1,6,10,1,0,2,0,1,1,0,0,4,17,2,21,0
EBTLVWSA,22,6,2,20,3,3,12,0,0,10,2,0,10,6,2,10,1,3,2,0,0,2,0,0,12,16,2,28,0
ULPWGYOU,33,4,2,28,7,0,16,3,0,16,3,0,17,1,2,12,4,0,2,0,1,1,0,0,19,18,2,37,0
CCOGLFND,13,3,2,13,1,0,9,3,2,10,0,0,4,0,0,3,1,0,2,0,0,2,0,0,12,4,2,16,0
ELAVX6SA,38,3,1,23,4,13,16,1,1,13,1,2,22,2,0,10,3,11,1,0,0,0,0,1,17,24,1,41,0
ZWHNEPE6,66,1,17,47,3,0,20,1,4,17,0,0,46,0,13,30,3,0,4,0,2,2,0,0,21,46,4,67,0
TNBTCJUQ,24,1,11,13,1,0,8,1,4,4,1,0,16,0,7,9,0,0,3,0,2,1,0,0,9,16,3,25,0
K7PBQVXJ,41,0,4,31,6,1,13,0,1,9,3,0,28,0,3,22,3,1,1,0,0,0,1,0,13,28,1,41,0
LIMMLJ6C,57,8,8,44,6,7,32,7,5,23,4,7,25,1,3,21,2,0,5,0,1,4,0,0,39,26,5,65,0
RT3BFAOI,49,5,6,35,13,1,13,3,1,12,3,1,36,2,5,23,10,0,7,0,3,2,2,0,16,38,7,54,0
4W2VKLM7,3,0,0,1,1,1,1,0,0,0,0,1,2,0,0,1,1,0,0,0,0,0,0,0,1,2,0,3,0
BXJDDLHN,61,1,17,45,0,1,14,0,5,9,0,0,47,1,12,36,0,1,8,0,1,7,0,0,14,48,8,62,0
EGGRF5WA,42,1,1,33,8,1,4,0,0,4,0,0,38,1,1,29,8,1,4,0,0,4,0,0,4,39,4,43,0
L7SZRNZV,37,0,6,31,0,0,6,0,1,5,0,0,31,0,5,26,0,0,8,0,2,6,0,0,6,31,8,37,0
WJBYCJM8,53,0,12,41,0,0,13,0,2,11,0,0,40,0,10,30,0,0,8,0,3,5,0,0,13,40,8,53,0
15HVNL78,3,0,0,3,0,0,1,0,0,1,0,0,2,0,0,2,0,0,0,0,0,0,0,0,1,2,0,3,0
DEDJXY98,98,10,17,76,15,1,59,5,11,44,9,0,39,5,6,32,6,1,1,1,0,2,0,0,64,44,2,108,0
XRHTPXVC,9,2,2,5,3,1,4,1,2,3,0,0,5,1,0,2,3,1,0,0,0,0,0,0,5,6,0,11,0
Q3DHGH1Q,7,0,0,6,0,1,3,0,0,2,0,1,4,0,0,4,0,0,1,0,0,1,0,0,3,4,1,7,0
LMYBZLDE,7,1,0,6,2,0,2,0,0,2,0,0,5,1,0,4,2,0,1,1,0,2,0,0,2,6,2,8,0
EMTYPT5Q,10,1,0,6,5,0,3,0,0,3,0,0,7,1,0,3,5,0,0,0,0,0,0,0,3,8,0,11,0
EDI3P9DM,2,1,2,1,0,0,0,1,1,0,0,0,2,0,1,1,0,0,0,0,0,0,0,0,1,2,0,3,0
EXAPSWAB,83,2,20,62,3,0,32,2,8,24,2,0,51,0,12,38,1,0,6,0,2,4,0,0,34,51,6,85,0
TATI9EXN,62,2,34,27,3,0,19,0,9,7,3,0,43,2,25,20,0,0,9,0,5,4,0,0,19,45,9,64,0
AXSUXKDE,24,0,6,18,0,0,11,0,0,11,0,0,13,0,6,7,0,0,2,0,1,1,0,0,11,13,2,24,1
6HDPFVGS,1,0,0,1,0,0,0,0,0,0,0,0,1,0,0,1,0,0,1,0,0,1,0,0,0,1,1,1,0
HTVNBAZI,31,2,10,23,0,0,9,0,4,5,0,0,22,2,6,18,0,0,6,0,2,4,0,0,9,24,6,33,0
QDDIVOID,9,0,1,5,3,0,3,0,0,1,2,0,6,0,1,4,1,0,0,0,0,0,0,0,3,6,0,9,1
XDNCI1KD,17,5,3,19,0,0,10,2,1,11,0,0,7,3,2,8,0,0,1,0,1,0,0,0,12,10,1,22,1
BCIHQMJ4,10,0,4,6,0,0,5,0,3,2,0,0,5,0,1,4,0,0,0,0,0,0,0,0,5,5,0,10,1
TDHF3VXB,23,1,4,20,0,0,6,0,0,6,0,0,17,1,4,14,0,0,2,0,0,2,0,0,6,18,2,24,0
ATNRKXUZ,20,1,8,13,0,0,0,0,0,0,0,0,20,1,8,13,0,0,4,0,3,1,0,0,0,21,4,21,0
6EK5JCXL,77,2,9,56,11,3,23,1,3,21,0,0,54,1,6,35,11,3,6,0,0,5,1,0,24,55,6,79,0
RYRCMMBZ,5,0,0,5,0,0,1,0,0,1,0,0,4,0,0,4,0,0,0,0,0,0,0,0,1,4,0,5,0
UHEWFLLT,8,0,1,7,0,0,2,0,1,1,0,0,6,0,0,6,0,0,2,0,0,2,0,0,2,6,2,8,0
BRAON3QG,34,5,2,34,3,0,10,2,1,9,2,0,24,3,1,25,1,0,4,0,0,4,0,0,12,27,4,39,0
7SQKUVGH,18,4,0,21,1,0,10,4,0,14,0,0,8,0,0,7,1,0,1,0,0,1,0,0,14,8,1,22,0
MD8N3U98,27,10,3,18,5,12,15,10,0,9,5,11,12,0,3,9,0,1,1,0,0,1,0,0,25,12,1,37,0
O7UYZLKQ,13,5,6,12,0,0,2,2,3,1,0,0,11,3,3,11,0,0,3,0,2,1,0,0,4,14,3,18,0
BLWSNGRS,50,1,2,46,3,0,16,0,0,15,1,0,34,1,2,31,2,0,0,0,0,0,0,0,16,35,0,51,0
EQMORXZY,62,9,14,44,12,1,15,2,3,12,2,0,47,7,11,32,10,1,2,3,1,4,0,0,17,54,5,71,0
EVJCW3ZE,21,3,2,21,1,0,5,1,0,6,0,0,16,2,2,15,1,0,3,0,0,3,0,0,6,18,3,24,0
CT5SBHAL,7,0,1,6,0,0,1,0,0,1,0,0,6,0,1,5,0,0,0,0,0,0,0,0,1,6,0,7,0
FDFUHXUS,32,1,4,29,0,1,5,1,2,4,0,0,27,0,2,25,0,1,5,0,2,3,0,1,6,27,5,33,0
DY4ZGBTF,44,5,19,30,0,2,17,5,6,16,0,2,27,0,13,14,0,0,3,0,3,0,0,0,22,27,3,49,0
YTP3FZTL,12,2,3,9,2,0,7,2,1,6,2,0,5,0,2,3,0,0,0,0,0,0,0,0,9,5,0,14,0
PNJTVXMD,28,4,5,25,2,0,7,1,4,3,1,0,21,3,1,22,1,0,3,0,0,2,1,0,8,24,3,32,0
XY3DIFGJ,3,0,0,3,0,0,1,0,0,1,0,0,2,0,0,2,0,0,0,0,0,0,0,0,1,2,0,3,0
5R9MTDCJ,16,4,7,11,2,0,10,3,6,6,1,0,6,1,1,5,1,0,1,0,0,1,0,0,13,7,1,20,0
Z5FFEIWK,16,2,5,12,1,2,8,1,2,7,0,1,8,1,3,5,1,1,3,1,0,4,0,0,9,9,4,18,0
BSZVHDMS,4,4,2,6,0,0,2,1,1,2,0,0,2,3,1,4,0,0,0,0,0,0,0,0,3,5,0,8,0
5YZ7C6ES,51,7,8,37,12,1,17,4,2,11,7,1,34,3,6,26,5,0,8,0,3,3,2,0,21,37,8,58,0
OLWEARTJ,4,0,0,4,0,0,1,0,0,1,0,0,3,0,0,3,0,0,0,0,0,0,0,0,1,3,0,4,0
POACEGAB,4,2,0,5,1,0,2,2,0,3,1,0,2,0,0,2,0,0,0,0,0,0,0,0,4,2,0,6,0
QIBQN5NM,18,2,2,18,0,0,3,1,0,4,0,0,15,1,2,14,0,0,5,0,0,5,0,0,4,16,5,20,0
LBKFKGMC,131,23,33,107,10,8,53,18,15,43,9,4,78,5,18,64,1,4,18,0,7,11,0,2,71,83,18,154,0
FAU2BTVC,25,9,5,26,3,0,13,6,5,12,2,0,12,3,0,14,1,0,4,0,0,3,1,0,19,15,4,34,0
2BTPYL2O,50,11,14,44,3,1,25,8,9,24,0,0,25,3,5,20,3,1,0,1,0,1,0,0,33,28,1,61,0
CNILOGK6,21,2,3,20,0,0,9,0,2,7,0,0,12,2,1,13,0,0,3,0,1,2,0,0,9,14,3,23,0
X1OIA78K,11,4,2,13,0,0,7,2,1,8,0,0,4,2,1,5,0,0,0,0,0,0,0,0,9,6,0,15,0
VGKZRHSY,29,1,0,26,4,0,7,0,0,4,3,0,22,1,0,22,1,0,1,0,0,1,0,0,7,23,1,30,0
6P68AAGJ,17,1,1,14,3,0,1,0,0,1,0,0,16,1,1,13,3,0,5,0,0,3,2,0,1,17,5,18,0
EFHNJWBD,156,26,57,84,25,19,57,12,20,31,12,6,99,14,37,53,13,13,15,4,5,12,2,0,69,113,19,182,0
GNUNKKZ8,1,0,0,0,1,0,1,0,0,0,1,0,0,0,0,0,0,0,0,0,0,0,0,0,1,0,0,1,0
WGP8WQQJ,4,0,0,4,0,0,1,0,0,1,0,0,3,0,0,3,0,0,1,0,0,1,0,0,1,3,1,4,0
ZTPF4JPQ,6,2,3,5,0,0,2,1,2,1,0,0,4,1,1,4,0,0,0,0,0,0,0,0,3,5,0,8,0
ILOECC4R,11,1,3,8,1,0,6,1,2,5,0,0,5,0,1,3,1,0,1,0,0,0,1,0,7,5,1,12,0
9VWTBECV,5,0,1,4,0,0,1,0,0,1,0,0,4,0,1,3,0,0,1,0,1,0,0,0,1,4,1,5,0
DSYVJOAK,1,0,0,1,0,0,0,0,0,0,0,0,1,0,0,1,0,0,1,0,0,1,0,0,0,1,1,1,0
OFD4HB4M,1,0,0,1,0,0,0,0,0,0,0,0,1,0,0,1,0,0,0,0,0,0,0,0,0,1,0,1,0
GTSVL4ID,109,31,17,77,41,5,52,18,5,42,22,1,57,13,12,35,19,4,2,0,0,2,0,0,70,70,2,140,0
X3BSZFRF,1,0,0,1,0,0,0,0,0,0,0,0,1,0,0,1,0,0,0,0,0,0,0,0,0,1,0,1,0
FR5Y5TXA,29,5,3,21,10,0,12,1,1,7,5,0,17,4,2,14,5,0,5,0,0,3,2,0,13,21,5,34,0
F4F4M95F,9,2,4,7,0,2,2,0,0,2,0,0,7,2,4,5,0,2,0,0,0,0,0,0,2,9,0,11,0
S972I7OG,20,3,0,23,0,0,6,2,0,8,0,0,14,1,0,15,0,0,3,0,0,3,0,0,8,15,3,23,0
7FHPGESX,23,6,3,21,5,0,16,4,1,15,4,0,7,2,2,6,1,0,2,0,0,2,0,0,20,9,2,29,0
XAAZFOTR,53,2,16,34,4,2,14,1,3,8,3,1,39,1,13,26,1,1,4,0,2,2,0,0,15,40,4,55,0
J3QUNHLM,28,1,8,21,0,0,9,1,5,5,0,0,19,0,3,16,0,0,4,0,1,3,0,0,10,19,4,29,0
LIBYX7KP,132,10,17,104,21,0,24,3,5,19,3,0,108,7,12,85,18,0,13,0,5,8,0,0,27,115,13,142,0
ZL4OAEEE,1,2,0,2,1,0,1,2,0,2,1,0,0,0,0,0,0,0,0,0,0,0,0,0,3,0,0,3,0
GMO9JEDF,17,0,3,14,0,0,3,0,1,2,0,0,14,0,2,12,0,0,3,0,2,1,0,0,3,14,3,17,0
ULVZFJ73,43,12,3,42,8,3,21,8,3,16,8,3,22,4,0,26,0,0,4,0,0,4,0,0,29,26,4,55,0
BIXJ8Q6E,23,3,3,23,0,0,0,0,0,0,0,0,23,3,3,23,0,0,4,0,0,4,0,0,0,26,4,26,0
VJG85PTI,3,0,0,3,0,0,2,0,0,2,0,0,1,0,0,1,0,0,0,0,0,0,0,0,2,1,0,3,0
GYKQTMPP,72,8,12,67,1,0,35,7,4,37,1,0,37,1,8,30,0,0,0,0,0,0,0,0,42,38,0,80,0
KYWDBFBC,63,0,28,35,0,0,17,0,6,11,0,0,46,0,22,24,0,0,11,0,6,5,0,0,17,46,11,63,0
EOALLNJP,2,0,0,1,0,1,0,0,0,0,0,0,2,0,0,1,0,1,0,0,0,0,0,0,0,2,0,2,0
YH6ME3TI,1,1,1,1,0,0,1,1,1,1,0,0,0,0,0,0,0,0,0,0,0,0,0,0,2,0,0,2,0
PVMLDSJF,24,9,15,18,0,0,7,5,4,8,0,0,17,4,11,10,0,0,4,0,1,3,0,0,12,21,4,33,0
NFNAZAQM,37,45,2,54,26,0,25,27,2,30,20,0,12,18,0,24,6,0,3,6,0,8,1,0,52,30,9,82,0
YZGCIOPO,2,0,0,2,0,0,0,0,0,0,0,0,2,0,0,2,0,0,0,0,0,0,0,0,0,2,0,2,0
GFO6ZSRV,5,1,1,5,0,0,1,0,1,0,0,0,4,1,0,5,0,0,1,0,0,1,0,0,1,5,1,6,1
IVMTCMQN,42,3,6,39,0,0,13,0,2,11,0,0,29,3,4,28,0,0,3,0,1,2,0,0,13,32,3,45,0
B2BCMCED,9,1,1,8,1,0,1,0,0,1,0,0,8,1,1,7,1,0,0,0,0,0,0,0,1,9,0,10,0
W9K155RP,5,1,0,4,2,0,5,1,0,4,2,0,0,0,0,0,0,0,0,0,0,0,0,0,6,0,0,6,0
VMYS69PH,16,3,7,12,0,0,8,3,2,9,0,0,8,0,5,3,0,0,1,0,0,1,0,0,11,8,1,19,0
RHXP46TO,58,2,12,48,0,0,8,0,2,6,0,0,50,2,10,42,0,0,9,0,3,6,0,0,8,52,9,60,0
JLRSEO2P,2,0,0,2,0,0,0,0,0,0,0,0,2,0,0,2,0,0,0,0,0,0,0,0,0,2,0,2,0
OJRILDCV,66,8,17,43,8,7,42,8,14,22,8,7,24,0,3,21,0,0,4,0,0,4,0,0,50,24,4,74,0
NAYNZXES,28,0,10,17,1,0,21,0,8,12,1,0,7,0,2,5,0,0,1,0,1,0,0,0,21,7,1,28,0
SEIOGJJJ,15,2,5,11,1,0,7,1,2,5,1,0,8,1,3,6,0,0,2,0,0,2,0,0,8,9,2,17,0
84OEXLGS,121,14,26,95,14,0,39,7,14,25,7,0,82,7,12,70,7,0,9,0,1,8,0,0,46,89,9,135,0
DALG71UL,30,2,13,17,2,1,12,1,5,6,2,0,18,1,8,11,0,1,1,0,0,1,0,0,13,19,1,32,0
8XRFDOVC,12,0,1,8,3,0,7,0,0,5,2,0,5,0,1,3,1,0,0,0,0,0,0,0,7,5,0,12,0
LNKGXCS2,28,2,6,21,3,0,11,0,3,6,2,0,17,2,3,15,1,0,3,0,1,2,0,0,11,19,3,30,0
PLJCFUKB,10,1,2,9,0,0,2,1,0,3,0,0,8,0,2,6,0,0,2,0,0,2,0,0,3,8,2,11,0
CN9SHCT7,21,5,0,18,8,0,21,5,0,18,8,0,0,0,0,0,0,0,0,0,0,0,0,0,26,0,0,26,0
BVGAOF3A,86,7,23,68,2,1,23,0,3,19,1,0,63,7,20,49,1,1,7,0,2,5,0,0,23,70,7,93,0
EN7LBYKM,28,1,8,18,0,1,19,1,8,11,0,1,9,0,0,7,0,0,1,0,0,1,0,0,20,9,1,29,0
TDWGTQNE,42,2,11,32,1,0,9,1,2,7,1,0,33,1,9,25,0,0,8,0,1,7,0,0,10,34,8,44,0
CDSXGO9C,27,0,4,23,0,0,8,0,0,8,0,0,19,0,4,15,0,0,2,0,1,1,0,0,8,19,2,27,0
HWHQEOTP,9,0,0,6,3,0,3,0,0,2,1,0,6,0,0,4,2,0,3,0,0,1,2,0,3,6,3,9,0
YURDR26R,116,8,36,81,7,0,48,2,8,37,5,0,68,6,28,44,2,0,10,0,3,7,0,0,50,74,10,124,0
VX9NUA9B,61,8,15,39,15,0,15,0,4,7,4,0,46,8,11,32,11,0,13,5,3,11,4,0,15,54,18,69,0
MZHVFAUQ,36,1,9,24,4,0,10,0,1,9,0,0,26,1,8,15,4,0,3,0,1,2,0,0,10,27,3,37,0
N3ZZAPYX,50,15,7,43,9,6,11,0,1,8,2,0,39,15,6,35,7,6,18,13,3,18,6,4,11,54,31,65,0
TQQFRLBK,47,3,9,41,0,1,18,3,3,18,0,1,29,0,6,23,0,0,4,0,0,4,0,0,21,29,4,50,0
JNZ8AVJX,36,13,10,37,2,0,11,8,7,11,1,0,25,5,3,26,1,0,0,0,0,0,0,0,19,30,0,49,0
BFBRHEPM,22,5,2,10,14,3,11,3,1,6,7,1,11,2,1,4,7,2,4,0,0,0,3,1,14,13,4,27,0
9P1P4X4D,6,1,4,2,1,0,2,0,2,0,0,0,4,1,2,2,1,0,1,0,1,0,0,0,2,5,1,7,0
4RL2M6HJ,3,0,0,3,0,0,0,0,0,0,0,0,3,0,0,3,0,0,3,0,0,3,0,0,0,3,3,3,0
UNPSFZZQ,53,6,16,41,2,0,10,2,1,10,1,0,43,4,15,31,1,0,9,0,2,7,0,0,12,47,9,59,0
R9DDOFQI,41,1,13,29,0,0,7,1,3,5,0,0,34,0,10,24,0,0,8,0,2,6,0,0,8,34,8,42,0
RS4YFNO8,33,4,10,23,3,1,4,0,0,2,2,0,29,4,10,21,1,1,16,3,4,13,1,1,4,33,19,37,0
NYAOSLVE,90,4,20,66,5,3,25,3,2,22,1,3,65,1,18,44,4,0,14,0,7,7,0,0,28,66,14,94,0
GREPDMW1,94,6,11,72,16,2,24,0,5,13,5,1,70,6,6,59,11,1,5,0,0,5,0,0,24,76,5,100,0
7UUMF1VU,59,2,21,40,0,2,20,1,8,13,0,1,39,1,13,27,0,1,4,0,2,2,0,0,21,40,4,61,0
O2I9WMYJ,5,7,3,8,1,0,5,5,3,6,1,0,0,2,0,2,0,0,0,2,0,2,0,0,10,2,2,12,0
VXNNBQUT,38,7,18,25,1,1,7,1,2,5,1,0,31,6,16,20,0,1,11,2,6,7,0,0,8,37,13,45,0
SPKR4X42,49,2,13,37,1,0,10,1,2,9,0,0,39,1,11,28,1,0,4,0,0,4,0,0,11,40,4,51,0
5DABZKMT,152,39,15,129,43,4,46,19,4,42,17,2,106,20,11,87,26,2,9,0,0,9,0,0,65,126,9,191,0
TYBW8YB1,18,1,13,6,0,0,3,0,2,1,0,0,15,1,11,5,0,0,4,0,2,2,0,0,3,16,4,19,0
ZHWDTELT,22,0,2,20,0,0,2,0,0,2,0,0,20,0,2,18,0,0,4,0,1,3,0,0,2,20,4,22,0
BVBWGITQ,35,2,11,22,4,0,12,1,5,6,2,0,23,1,6,16,2,0,5,0,1,4,0,0,13,24,5,37,0
PXS1WQ5G,6,0,1,5,0,0,4,0,1,3,0,0,2,0,0,2,0,0,0,0,0,0,0,0,4,2,0,6,0
IQRXYCRW,21,0,4,16,0,1,0,0,0,0,0,0,21,0,4,16,0,1,3,0,0,3,0,0,0,21,3,21,0
WDYKLOAQ,61,6,28,38,1,0,23,5,11,17,0,0,38,1,17,21,1,0,11,0,3,7,1,0,28,39,11,67,0
AIPD2OPO,128,9,7,107,19,4,38,5,2,33,5,3,90,4,5,74,14,1,16,0,2,12,2,0,43,94,16,137,0
ES9QYKWC,42,6,2,43,3,0,18,5,0,20,3,0,24,1,2,23,0,0,2,0,0,2,0,0,23,25,2,48,0
B2UZGSJX,46,4,8,36,6,0,10,0,2,8,0,0,36,4,6,28,6,0,2,0,0,2,0,0,10,40,2,50,0
FOKYLDA8,38,0,9,29,0,0,11,0,4,7,0,0,27,0,5,22,0,0,0,0,0,0,0,0,11,27,0,38,0
8UFXSWOU,77,8,8,62,15,0,18,2,2,14,4,0,59,6,6,48,11,0,11,0,3,7,1,0,20,65,11,85,0
L7WURGBD,62,7,20,41,3,10,15,0,6,9,0,2,47,7,14,32,3,8,12,0,3,7,1,1,15,54,12,69,0
QCC8UX44,72,9,33,44,4,4,32,3,16,16,3,1,40,6,17,28,1,3,2,0,0,2,0,0,35,46,2,81,0
GBLEYRJN,6,1,1,4,2,0,3,0,0,1,2,0,3,1,1,3,0,0,0,0,0,0,0,0,3,4,0,7,0
IBDJ28EY,53,4,11,43,3,0,4,0,1,3,0,0,49,4,10,40,3,0,6,0,1,5,0,0,4,53,6,57,0
DILE7TLX,50,0,3,43,4,0,16,0,1,15,0,0,34,0,2,28,4,0,4,0,0,4,0,0,16,34,4,50,0
HNVZP4RK,85,11,31,57,8,0,26,9,12,22,1,0,59,2,19,35,7,0,8,0,4,3,1,0,35,61,8,96,0
GI5O1GDT,73,2,22,49,4,0,12,0,3,9,0,0,61,2,19,40,4,0,14,0,6,7,1,0,12,63,14,75,0
B8TTB9S3,138,9,20,98,29,0,32,2,3,24,7,0,106,7,17,74,22,0,14,0,4,10,0,0,34,113,14,147,0
DYT2TVWO,40,0,14,26,0,0,7,0,3,4,0,0,33,0,11,22,0,0,2,0,0,2,0,0,7,33,2,40,0
YMBF3VIN,100,17,1,14,32,70,35,3,0,5,4,29,65,14,1,9,28,41,20,2,0,3,8,11,38,79,22,117,0
425RSPE7,35,1,12,23,1,0,2,1,2,0,1,0,33,0,10,23,0,0,6,0,2,4,0,0,3,33,6,36,0
NAZG4NIF,73,1,24,48,2,2,25,0,9,16,0,1,48,1,15,32,2,1,10,1,2,8,1,0,25,49,11,74,0
CRWCPJVI,47,1,12,33,3,0,7,0,2,5,0,0,40,1,10,28,3,0,6,0,3,3,0,0,7,41,6,48,0
9RSEWHZU,14,0,4,10,0,0,6,0,0,6,0,0,8,0,4,4,0,0,1,0,1,0,0,0,6,8,1,14,0
DCZVU9QG,92,18,14,83,13,0,19,8,6,18,3,0,73,10,8,65,10,0,12,5,1,11,5,0,27,83,17,110,0
WF3ZFXFR,113,13,18,63,30,15,40,8,8,22,10,8,73,5,10,41,20,7,14,0,1,12,1,0,48,78,14,126,0
AHHLABSP,27,7,2,20,9,3,20,6,1,15,8,2,7,1,1,5,1,1,3,0,0,2,1,0,26,8,3,34,0
WTQW4E7B,85,3,23,65,0,0,31,2,7,26,0,0,54,1,16,39,0,0,7,1,2,6,0,0,33,55,8,88,0
WFGWIRCC,5,8,0,12,1,0,3,5,0,7,1,0,2,3,0,5,0,0,1,2,0,3,0,0,8,5,3,13,0
ETRBVAGE,2,0,0,2,0,0,1,0,0,1,0,0,1,0,0,1,0,0,1,0,0,1,0,0,1,1,1,2,0
WNEQS2XY,93,9,11,51,24,16,49,8,4,31,13,9,44,1,7,20,11,7,9,0,1,5,3,0,57,45,9,102,0
XFYM1WGO,13,2,8,7,0,0,6,2,4,4,0,0,7,0,4,3,0,0,1,0,1,0,0,0,8,7,1,15,0
RWRKFJ6X,5,0,0,5,0,0,1,0,0,1,0,0,4,0,0,4,0,0,0,0,0,0,0,0,1,4,0,5,0
WHVJNFVA,69,8,5,58,9,6,18,6,3,14,3,5,51,2,2,44,6,1,2,0,0,2,0,0,24,53,2,77,0
T3YT9DYQ,21,1,4,16,1,1,6,0,2,2,1,1,15,1,2,14,0,0,3,0,0,3,0,0,6,16,3,22,0
LGY5YXSH,6,0,4,2,0,0,3,0,3,0,0,0,3,0,1,2,0,0,1,0,1,0,0,0,3,3,1,6,0
PYJY4GWB,7,0,3,2,2,1,5,0,1,2,2,1,2,0,2,0,0,0,1,0,1,0,0,0,5,2,1,7,0
DTFUWRFU,74,7,18,52,7,2,12,2,2,11,1,0,62,5,16,41,6,2,6,2,2,4,1,1,14,67,8,81,0
GEOFEDGC,1,0,0,1,0,0,0,0,0,0,0,0,1,0,0,1,0,0,0,0,0,0,0,0,0,1,0,1,0
1F33URMQ,1,0,0,1,0,0,1,0,0,1,0,0,0,0,0,0,0,0,0,0,0,0,0,0,1,0,0,1,0
AXT5YGX2,34,3,6,23,8,0,9,0,0,5,4,0,25,3,6,18,4,0,7,1,1,5,2,0,9,28,8,37,0
ABZACXBL,92,17,17,84,8,1,35,16,13,31,7,1,57,1,4,53,1,0,7,0,0,7,0,0,51,58,7,109,0
W2TWBBDI,47,6,8,42,3,0,16,6,5,15,2,0,31,0,3,27,1,0,1,0,0,1,0,0,22,31,1,53,0
HC9QC1F2,1,2,0,3,0,0,1,0,0,1,0,0,0,2,0,2,0,0,0,0,0,0,0,0,1,2,0,3,0
KHXGHNKF,15,1,2,14,0,0,4,1,2,3,0,0,11,0,0,11,0,0,0,0,0,0,0,0,5,11,0,16,0
GJJFXMLG,41,2,10,24,3,6,28,1,8,16,2,3,13,1,2,8,1,3,2,0,1,0,0,1,29,14,2,43,0
P4WQWFRL,119,17,32,91,13,1,55,13,13,46,9,0,64,4,19,45,4,1,8,0,3,5,0,1,68,68,8,136,0
WTDD4GNJ,11,0,2,9,0,0,4,0,0,4,0,0,7,0,2,5,0,0,3,0,1,2,0,0,4,7,3,11,0
DIH5B81Y,23,1,0,22,2,0,8,0,0,7,1,0,15,1,0,15,1,0,2,0,0,2,0,0,8,16,2,24,0
FNSR19J2,31,1,7,24,1,0,12,1,0,12,1,0,19,0,7,12,0,0,5,0,4,1,0,0,13,19,5,32,0
UXVFVJJJ,47,0,14,33,0,1,15,0,7,8,0,1,32,0,7,25,0,0,2,0,0,2,0,0,15,32,2,47,0
UBTRTHU1,46,0,4,38,4,1,24,0,1,20,3,0,22,0,3,18,1,1,7,0,1,6,0,1,24,22,7,46,0
YCKLERIX,31,0,4,26,1,0,11,0,2,8,1,0,20,0,2,18,0,0,5,0,1,4,0,0,11,20,5,31,0
NAHYLJQA,101,15,20,79,9,8,26,14,5,22,6,7,75,1,15,57,3,1,14,0,1,12,1,0,40,76,14,116,0
GOYR6FCU,27,0,5,19,1,2,11,0,2,7,0,2,16,0,3,12,1,0,4,0,1,2,1,0,11,16,4,27,1
ANLFY5LD,20,0,4,16,0,0,2,0,1,1,0,0,18,0,3,15,0,0,2,0,0,2,0,0,2,18,2,20,0
CKROZDTG,40,9,12,27,3,5,19,0,2,11,0,4,21,9,10,16,3,1,2,7,0,6,2,1,19,30,9,49,0
OKKJY6O8,74,3,25,52,0,0,20,3,5,18,0,0,54,0,20,34,0,0,9,0,2,7,0,0,23,54,9,77,0
2CXYBDJ9,68,3,3,53,10,5,18,1,2,17,0,0,50,2,1,36,10,5,5,1,0,3,2,1,19,52,6,71,1
WHKISKCR,24,2,3,22,1,0,6,1,1,6,0,0,18,1,2,16,1,0,0,0,0,0,0,0,7,19,0,26,0
RQOUWZBS,41,0,5,35,1,0,9,0,0,8,1,0,32,0,5,27,0,0,4,0,1,3,0,0,9,32,4,41,0
NIWSFICK,7,0,3,2,2,0,1,0,0,0,1,0,6,0,3,2,1,0,3,0,2,0,1,0,1,6,3,7,0
CLE5LEPC,3,0,0,3,0,0,1,0,0,1,0,0,2,0,0,2,0,0,0,0,0,0,0,0,1,2,0,3,0
2XISRUQ5,6,0,0,6,0,0,1,0,0,1,0,0,5,0,0,5,0,0,0,0,0,0,0,0,1,5,0,6,0
7HZDK26V,161,35,18,141,32,5,53,10,5,38,15,5,108,25,13,103,17,0,16,2,4,13,1,0,63,133,18,196,0
EWZUG8MC,271,43,97,214,3,3,98,14,42,69,1,0,173,29,55,145,2,3,37,8,13,31,1,0,112,202,45,314,0
M6JCRDKE,16,0,5,11,0,0,7,0,2,5,0,0,9,0,3,6,0,0,0,0,0,0,0,0,7,9,0,16,0
PH2MLGUR,47,4,5,43,3,0,23,3,2,21,3,0,24,1,3,22,0,0,1,0,0,1,0,0,26,25,1,51,0
XH8E5UQ6,116,8,20,98,5,1,40,5,4,37,3,1,76,3,16,61,2,0,11,0,3,8,0,0,45,79,11,124,0
M8Y6P6TE,74,15,14,71,4,0,37,8,9,34,2,0,37,7,5,37,2,0,4,0,0,4,0,0,45,44,4,89,0
4YB8FNOJ,18,7,11,14,0,0,7,4,6,5,0,0,11,3,5,9,0,0,1,0,1,0,0,0,11,14,1,25,1
WX8CVXYP,44,1,6,39,0,0,12,1,2,11,0,0,32,0,4,28,0,0,4,0,1,3,0,0,13,32,4,45,0
NFPJFKWX,29,0,8,21,0,0,12,0,5,7,0,0,17,0,3,14,0,0,1,0,0,1,0,0,12,17,1,29,0
QHP6EWJI,38,5,7,35,1,0,5,3,0,8,0,0,33,2,7,27,1,0,5,0,1,4,0,0,8,35,5,43,0
ECOXGFX1,4,1,0,5,0,0,1,1,0,2,0,0,3,0,0,3,0,0,1,0,0,1,0,0,2,3,1,5,0
OXU1JWBL,61,21,19,45,18,2,54,21,19,38,18,2,7,0,0,7,0,0,1,0,0,1,0,0,75,7,1,82,0
HPCTFB2V,19,0,0,19,0,0,3,0,0,3,0,0,16,0,0,16,0,0,1,0,0,1,0,0,3,16,1,19,0
IU2TQDSD,12,0,3,9,0,0,4,0,1,3,0,0,8,0,2,6,0,0,0,0,0,0,0,0,4,8,0,12,1
IKFERAOD,14,4,8,10,0,1,3,3,4,2,0,1,11,1,4,8,0,0,4,1,2,3,0,0,6,12,5,18,0
ANJVSBKC,1,0,0,1,0,0,1,0,0,1,0,0,0,0,0,0,0,0,0,0,0,0,0,0,1,0,0,1,1
GEHFBBHH,10,1,2,8,1,0,6,1,1,6,0,0,4,0,1,2,1,0,1,0,0,0,1,0,7,4,1,11,0
CXNF7VEE,8,1,3,6,0,0,1,1,1,1,0,0,7,0,2,5,0,0,0,0,0,0,0,0,2,7,0,9,0
TXXKM9YW,283,21,119,145,40,2,136,11,53,64,30,1,147,10,66,81,10,1,33,1,16,18,0,0,147,157,34,304,0
MSGKILPH,25,1,5,20,1,1,9,1,2,7,1,1,16,0,3,13,0,0,2,0,1,1,0,0,10,16,2,26,0
EBAPI2OD,2,0,0,2,0,0,1,0,0,1,0,0,1,0,0,1,0,0,0,0,0,0,0,0,1,1,0,2,0
INPXABIU,14,1,3,11,1,0,7,0,0,6,1,0,7,1,3,5,0,0,0,0,0,0,0,0,7,8,0,15,0
X9VRIYO4,5,2,2,5,0,0,5,0,2,3,0,0,0,2,0,2,0,0,0,0,0,0,0,0,5,2,0,7,0
JJOGK3DW,2,0,1,1,0,0,2,0,1,1,0,0,0,0,0,0,0,0,0,0,0,0,0,0,2,0,0,2,0
M9FFPCY4,358,79,89,257,90,1,158,59,44,122,51,0,200,20,45,135,39,1,13,0,4,9,0,0,217,220,13,437,0
IIRGDELB,3,1,1,3,0,0,1,1,1,1,0,0,2,0,0,2,0,0,2,0,0,2,0,0,2,2,2,4,0
5YZ4R5SB,11,0,4,7,0,0,4,0,0,4,0,0,7,0,4,3,0,0,0,0,0,0,0,0,4,7,0,11,0
NPHMIMGU,8,1,2,4,3,0,4,1,2,0,3,0,4,0,0,4,0,0,0,0,0,0,0,0,5,4,0,9,0
IH2LXW5E,13,15,14,12,2,0,13,12,12,11,2,0,0,3,2,1,0,0,0,0,0,0,0,0,25,3,0,28,0
IAYNTNUK,78,10,13,67,8,2,28,3,4,25,2,1,50,7,9,42,6,1,6,3,0,9,0,0,31,57,9,88,0
6NLIEVNA,94,2,4,64,18,10,51,2,1,31,12,9,43,0,3,33,6,1,0,0,0,0,0,0,53,43,0,96,0
L9ABF7V6,69,19,4,66,18,0,17,8,0,17,8,0,52,11,4,49,10,0,6,3,2,7,0,0,25,63,9,88,0
KIKBPWBZ,12,0,2,8,2,1,2,0,1,0,1,1,10,0,1,8,1,0,2,0,0,2,0,0,2,10,2,12,0
AGJTEHZN,95,11,22,79,5,0,37,8,13,29,3,0,58,3,9,50,2,0,2,0,1,1,0,0,45,61,2,106,0
UGWNLX9T,18,1,8,10,1,1,8,1,7,2,0,1,10,0,1,8,1,0,6,0,1,4,1,0,9,10,6,19,0
IZWFKWZ3,15,1,0,15,1,0,2,0,0,2,0,0,13,1,0,13,1,0,8,1,0,8,1,0,2,14,9,16,0
FAP4NNJG,59,20,10,58,10,1,19,3,3,16,3,0,40,17,7,42,7,1,6,12,1,13,3,1,22,57,18,79,1
6DDWOHOR,42,0,12,27,3,0,20,0,8,12,0,0,22,0,4,15,3,0,3,0,2,1,0,0,20,22,3,42,0
9EUQT2LH,24,0,7,17,0,0,6,0,1,5,0,0,18,0,6,12,0,0,1,0,0,1,0,0,6,18,1,24,0
LDMNL2LY,17,0,1,14,2,0,7,0,1,4,2,0,10,0,0,10,0,0,1,0,0,1,0,0,7,10,1,17,0
QFJ2AFOP,144,41,36,112,37,2,68,24,20,54,18,1,76,17,16,58,19,1,5,0,1,3,1,0,92,93,5,185,0
OP9EGUDO,2,0,1,1,0,0,0,0,0,0,0,0,2,0,1,1,0,0,1,0,0,1,0,0,0,2,1,2,0
DFJ4C6XA,111,20,15,57,41,20,32,10,6,25,11,1,79,10,9,32,30,19,18,6,0,3,11,10,42,89,24,131,0
IFJ9BEO9,4,2,0,4,2,0,2,1,0,1,2,0,2,1,0,3,0,0,0,0,0,0,0,0,3,3,0,6,0
FQELYCLZ,8,1,1,8,0,0,1,0,0,1,0,0,7,1,1,7,0,0,1,0,0,1,0,0,1,8,1,9,0
QF3RHEZG,169,38,31,132,40,4,58,21,18,49,12,0,111,17,13,83,28,4,19,4,4,14,5,0,79,128,23,207,0
F9IVCQFF,16,3,2,16,1,0,4,1,0,4,1,0,12,2,2,12,0,0,1,0,0,1,0,0,5,14,1,19,0
1D6AB2MR,17,0,2,15,0,0,9,0,1,8,0,0,8,0,1,7,0,0,3,0,1,2,0,0,9,8,3,17,0
LEAXX84P,25,0,2,23,0,0,2,0,1,1,0,0,23,0,1,22,0,0,3,0,0,3,0,0,2,23,3,25,0
TPSPIWS4,4,0,1,3,0,0,0,0,0,0,0,0,4,0,1,3,0,0,3,0,1,2,0,0,0,4,3,4,0
PQSF6YDP,14,0,2,12,0,0,5,0,2,3,0,0,9,0,0,9,0,0,1,0,0,1,0,0,5,9,1,14,0
ZUBVXJGJ,327,84,56,285,69,2,76,20,13,70,13,0,251,64,43,215,56,2,93,14,16,79,12,0,96,315,107,411,0
T1CJEFGZ,17,1,10,8,0,0,2,0,0,2,0,0,15,1,10,6,0,0,5,0,2,3,0,0,2,16,5,18,0
U69P6XJK,5,0,0,4,1,0,1,0,0,1,0,0,4,0,0,3,1,0,0,0,0,0,0,0,1,4,0,5,0
ACHWA9FR,35,2,2,26,8,1,4,1,1,4,0,0,31,1,1,22,8,1,7,0,1,5,1,0,5,32,7,37,0
QNOIIV7Q,43,3,9,28,5,4,14,3,3,13,1,0,29,0,6,15,4,4,3,0,1,2,0,0,17,29,3,46,0
MMX8BMKN,55,7,14,44,4,0,15,1,4,9,3,0,40,6,10,35,1,0,4,1,2,3,0,0,16,46,5,62,0
J9KLRDFK,8,2,1,8,1,0,6,2,0,7,1,0,2,0,1,1,0,0,0,0,0,0,0,0,8,2,0,10,0
E7LWWGNY,1,0,1,0,0,0,0,0,0,0,0,0,1,0,1,0,0,0,1,0,1,0,0,0,0,1,1,1,0
W8IM5DAO,36,4,8,27,5,0,22,2,5,16,3,0,14,2,3,11,2,0,1,0,1,0,0,0,24,16,1,40,0
LLVBVSIV,11,0,2,9,0,0,6,0,2,4,0,0,5,0,0,5,0,0,0,0,0,0,0,0,6,5,0,11,0
UZTBDB22,18,1,2,17,0,0,10,1,1,10,0,0,8,0,1,7,0,0,3,0,1,2,0,0,11,8,3,19,0
AYHCUJDW,60,4,20,42,2,1,12,1,1,12,0,0,48,3,19,30,2,1,36,2,16,20,2,0,13,51,38,64,0
5EDYDFPB,28,0,4,24,0,0,7,0,2,5,0,0,21,0,2,19,0,0,6,0,1,5,0,0,7,21,6,28,0
VBRVGVIV,57,1,18,38,2,0,21,1,3,18,1,0,36,0,15,20,1,0,1,0,0,1,0,0,22,36,1,58,0
VIDXYA2Q,6,0,0,6,0,0,3,0,0,3,0,0,3,0,0,3,0,0,1,0,0,1,0,0,3,3,1,6,0
5JGF4TM6,75,5,15,64,1,0,19,2,5,15,1,0,56,3,10,49,0,0,9,0,3,6,0,0,21,59,9,80,0
RVMEEOC1,49,6,7,35,12,1,16,0,1,8,6,1,33,6,6,27,6,0,10,0,2,8,0,0,16,39,10,55,0
YFTHV8VN,45,6,8,42,1,0,23,1,6,17,1,0,22,5,2,25,0,0,5,0,0,5,0,0,24,27,5,51,0
XDP3BUGL,5,7,3,9,0,0,0,0,0,0,0,0,5,7,3,9,0,0,1,5,1,5,0,0,0,12,6,12,0
ARDABVYC,9,0,1,8,0,0,6,0,1,5,0,0,3,0,0,3,0,0,0,0,0,0,0,0,6,3,0,9,0
GBLG8FZJ,58,1,11,45,3,0,14,1,2,13,0,0,44,0,9,32,3,0,4,0,1,3,0,0,15,44,4,59,0
W6E4TTC5,10,1,0,6,5,0,7,0,0,4,3,0,3,1,0,2,2,0,1,0,0,1,0,0,7,4,1,11,0
JOQLEQKL,50,5,4,44,7,0,13,2,0,14,1,0,37,3,4,30,6,0,6,0,2,4,0,0,15,40,6,55,0
8ZQUIRIW,45,1,2,38,6,0,16,1,2,12,3,0,29,0,0,26,3,0,2,0,0,2,0,0,17,29,2,46,0
VSAJVUXE,77,0,24,53,0,1,16,0,4,12,0,0,61,0,20,41,0,1,14,0,2,12,0,0,16,61,14,77,0
8L5HT89O,57,14,9,46,12,5,28,3,2,20,8,1,29,11,7,26,4,4,3,3,2,4,0,1,31,40,6,71,0
CONVRMLP,4,0,1,3,0,0,2,0,0,2,0,0,2,0,1,1,0,0,0,0,0,0,0,0,2,2,0,4,0
XQYYHR24,75,2,19,56,2,0,18,1,4,15,0,0,57,1,15,41,2,0,13,0,3,10,0,0,19,58,13,77,0
JSYG3PMC,139,7,48,85,9,7,58,4,17,38,3,4,81,3,31,47,6,3,13,1,8,6,0,0,62,84,14,146,0
RJL7HWGH,19,6,5,14,6,1,17,6,3,14,6,1,2,0,2,0,0,0,1,0,1,0,0,0,23,2,1,25,0
NBG89ST2,8,0,1,7,0,0,2,0,0,2,0,0,6,0,1,5,0,0,0,0,0,0,0,0,2,6,0,8,0
ATBCPZYL,14,0,2,12,0,0,0,0,0,0,0,0,14,0,2,12,0,0,1,0,0,1,0,0,0,14,1,14,0
UFFENLVL,61,7,1,64,3,0,19,1,1,18,1,0,42,6,0,46,2,0,8,0,0,8,0,0,20,48,8,68,0
V8LCPAPF,10,2,7,2,3,0,5,0,4,1,0,0,5,2,3,1,3,0,0,0,0,0,0,0,5,7,0,12,0
JCTMSLBP,1,0,0,1,0,0,1,0,0,1,0,0,0,0,0,0,0,0,0,0,0,0,0,0,1,0,0,1,0
UMPEP7HS,5,4,3,6,0,0,2,1,0,3,0,0,3,3,3,3,0,0,3,0,2,1,0,0,3,6,3,9,0
CE8CWSFZ,16,4,3,17,0,0,10,1,2,9,0,0,6,3,1,8,0,0,2,2,0,4,0,0,11,9,4,20,0
4XDRYIKP,18,5,8,15,0,0,6,2,3,5,0,0,12,3,5,10,0,0,7,0,3,4,0,0,8,15,7,23,0
8BXATJV6,15,0,6,8,1,0,5,0,2,3,0,0,10,0,4,5,1,0,0,0,0,0,0,0,5,10,0,15,0
MVBCTS7U,73,8,13,58,9,1,22,7,5,24,0,0,51,1,8,34,9,1,6,0,0,4,1,1,29,52,6,81,0
HDJBYIGG,26,2,1,22,5,0,21,2,1,17,5,0,5,0,0,5,0,0,0,0,0,0,0,0,23,5,0,28,0
OT3EJH7G,40,2,9,29,4,0,15,2,2,13,2,0,25,0,7,16,2,0,9,0,4,4,1,0,17,25,9,42,0
14YSEYMU,63,4,29,38,0,3,39,0,16,23,0,2,24,4,13,15,0,1,4,0,1,3,0,0,39,28,4,67,0
IC5NLJAT,10,3,0,11,2,0,4,2,0,4,2,0,6,1,0,7,0,0,3,1,0,4,0,0,6,7,4,13,0
L4FP3VJC,17,3,2,11,5,2,12,2,0,7,5,2,5,1,2,4,0,0,1,0,0,1,0,0,14,6,1,20,0
ZUEVNIFX,6,1,5,2,0,0,1,0,1,0,0,0,5,1,4,2,0,0,1,1,1,1,0,0,1,6,2,7,0
TKVJWAPF,133,36,34,107,24,7,61,18,20,42,13,7,72,18,14,65,11,0,8,0,2,5,1,0,79,90,8,169,0
SCFEB3UM,8,1,1,8,0,0,1,0,1,0,0,0,7,1,0,8,0,0,1,0,0,1,0,0,1,8,1,9,0
7C2NB4GJ,35,2,10,24,1,4,7,2,3,6,0,1,28,0,7,18,1,3,1,0,0,1,0,0,9,28,1,37,0
GS3MCNRV,43,0,16,25,2,0,8,0,4,4,0,0,35,0,12,21,2,0,5,0,3,2,0,0,8,35,5,43,0
OPCXVHED,2,0,1,1,0,0,1,0,0,1,0,0,1,0,1,0,0,0,1,0,1,0,0,0,1,1,1,2,0
OUQSIAPI,28,2,8,22,0,0,10,0,4,6,0,0,18,2,4,16,0,0,1,0,0,1,0,0,10,20,1,30,0
GEKFLYW7,22,1,1,21,1,0,10,1,1,10,0,0,12,0,0,11,1,0,3,0,0,3,0,0,11,12,3,23,0
HMRMO8DM,25,1,6,20,0,0,4,0,1,3,0,0,21,1,5,17,0,0,8,0,1,7,0,0,4,22,8,26,0
6YVRQYVG,47,1,8,40,0,0,13,1,3,11,0,0,34,0,5,29,0,0,7,0,1,6,0,0,14,34,7,48,0
4U8PHNWC,2,0,1,1,0,0,1,0,1,0,0,0,1,0,0,1,0,0,0,0,0,0,0,0,1,1,0,2,0
FOSNCLR3,65,22,14,54,15,5,16,7,6,8,6,4,49,15,8,46,9,1,10,0,0,10,0,0,23,64,10,87,0
MMRVILO2,30,4,8,21,5,0,20,4,5,14,5,0,10,0,3,7,0,0,3,0,0,3,0,0,24,10,3,34,0
SCPDFUGP,8,0,0,8,0,0,2,0,0,2,0,0,6,0,0,6,0,0,0,0,0,0,0,0,2,6,0,8,0
EZJG6HJN,7,0,3,4,0,0,1,0,0,1,0,0,6,0,3,3,0,0,2,0,1,1,0,0,1,6,2,7,0
D4CZE9Z6,39,6,3,39,3,0,23,5,3,24,1,0,16,1,0,15,2,0,2,0,0,1,1,0,28,17,2,45,0
UMSBC5ZA,38,0,7,31,0,0,6,0,3,3,0,0,32,0,4,28,0,0,11,0,0,11,0,0,6,32,11,38,0
CASKIX22,9,2,10,1,0,0,1,0,1,0,0,0,8,2,9,1,0,0,1,0,1,0,0,0,1,10,1,11,0
PBPY27XR,39,2,3,37,1,0,11,1,2,10,0,0,28,1,1,27,1,0,2,0,0,2,0,0,12,29,2,41,0
QPFCV8RX,12,0,2,8,2,0,3,0,0,3,0,0,9,0,2,5,2,0,0,0,0,0,0,0,3,9,0,12,0
VRO1XMXN,3,0,1,2,0,0,1,0,1,0,0,0,2,0,0,2,0,0,0,0,0,0,0,0,1,2,0,3,0
A4N9FBNL,69,12,9,54,16,2,40,11,3,34,13,1,29,1,6,20,3,1,1,0,0,1,0,0,51,30,1,81,0
JJOWBNSM,7,1,4,4,0,0,5,0,1,4,0,0,2,1,3,0,0,0,0,0,0,0,0,0,5,3,0,8,0
EQ9DTNAI,5,3,1,7,0,0,0,3,1,2,0,0,5,0,0,5,0,0,0,0,0,0,0,0,3,5,0,8,0
M8GHMCOE,10,0,3,7,0,0,4,0,1,3,0,0,6,0,2,4,0,0,0,0,0,0,0,0,4,6,0,10,0
IUB6N7XK,23,2,7,15,3,1,12,0,5,7,0,0,11,2,2,8,3,1,7,1,0,6,2,0,12,13,8,25,0
GZ5YSMU4,79,14,10,46,15,22,34,5,4,19,8,8,45,9,6,27,7,14,0,0,0,0,0,0,39,54,0,93,0
AKOWVGUA,37,0,13,24,0,0,7,0,2,5,0,0,30,0,11,19,0,0,4,0,2,2,0,0,7,30,4,37,0
E3TQHS9F,100,14,19,79,14,6,54,10,12,40,10,4,46,4,7,39,4,2,7,0,2,5,0,2,64,50,7,114,0
BQLJAY2F,65,4,19,43,7,0,26,3,5,19,5,0,39,1,14,24,2,0,7,0,2,4,1,0,29,40,7,69,0
ECACEOUD,39,2,12,29,0,0,16,2,8,10,0,0,23,0,4,19,0,0,10,0,1,9,0,0,18,23,10,41,0
39GDDMAX,5,0,1,4,0,0,4,0,1,3,0,0,1,0,0,1,0,0,0,0,0,0,0,0,4,1,0,5,0
5YO6OCXL,105,17,24,84,13,3,26,15,11,25,4,2,79,2,13,59,9,1,12,0,1,9,2,0,41,81,12,122,0
ZKECHNLP,46,6,1,32,13,6,22,0,0,13,5,4,24,6,1,19,8,2,3,1,0,3,1,0,22,30,4,52,0
PGJ5MVWC,4,2,1,2,1,2,4,2,1,2,1,2,0,0,0,0,0,0,0,0,0,0,0,0,6,0,0,6,1
8IGESZVX,19,0,5,14,0,0,2,0,1,1,0,0,17,0,4,13,0,0,5,0,0,5,0,0,2,17,5,19,0
RYS9P7KS,8,0,2,6,0,0,4,0,1,3,0,0,4,0,1,3,0,0,2,0,0,2,0,0,4,4,2,8,0
8HSUXUDQ,26,0,6,20,0,1,15,0,5,10,0,1,11,0,1,10,0,0,0,0,0,0,0,0,15,11,0,26,0
APWBEWLF,9,1,3,7,0,0,4,1,1,4,0,0,5,0,2,3,0,0,1,0,0,1,0,0,5,5,1,10,0
EBHYPVJT,65,0,22,42,1,0,23,0,9,14,0,0,42,0,13,28,1,0,14,0,5,9,0,0,23,42,14,65,0
Y6LRZZ3W,59,7,10,41,8,8,26,2,2,20,3,3,33,5,8,21,5,5,13,5,6,8,1,4,28,38,18,66,0
8SNQ8ENG,33,10,5,27,8,3,16,3,2,15,2,0,17,7,3,12,6,3,0,1,0,1,0,0,19,24,1,43,0
3AVD4BZI,105,6,21,87,3,0,31,0,5,24,2,0,74,6,16,63,1,0,7,0,0,7,0,0,31,80,7,111,0
XBTEJ1FO,7,1,1,7,0,0,1,0,0,1,0,0,6,1,1,6,0,0,1,0,0,1,0,0,1,7,1,8,0
U9PJJ2SF,7,0,1,5,1,0,2,0,0,1,1,0,5,0,1,4,0,0,2,0,1,1,0,0,2,5,2,7,0
VCGI4LFH,105,21,40,53,32,1,65,17,24,37,20,1,40,4,16,16,12,0,7,1,4,2,2,0,82,44,8,126,0
EPB2XKSE,5,5,2,8,0,0,1,0,0,1,0,0,4,5,2,7,0,0,0,0,0,0,0,0,1,9,0,10,0
ISJGEEE3,28,8,7,24,5,0,12,4,3,11,2,0,16,4,4,13,3,0,2,2,0,3,1,0,16,20,4,36,0
8UKVFJ5G,2,0,0,2,0,0,0,0,0,0,0,0,2,0,0,2,0,0,1,0,0,1,0,0,0,2,1,2,0
FGJLAFH1,7,3,1,9,0,0,3,1,0,4,0,0,4,2,1,5,0,0,3,0,0,3,0,0,4,6,3,10,0
TQJ1OUTI,45,6,2,23,7,20,2,0,0,2,0,0,43,6,2,21,7,20,37,3,1,19,6,15,2,49,40,51,1
WMODDBGD,254,70,26,158,76,66,110,33,11,70,29,35,144,37,15,88,47,31,22,7,4,18,5,2,143,181,29,324,0
S3PNHGRA,23,1,9,13,2,0,1,0,1,0,0,0,22,1,8,13,2,0,0,0,0,0,0,0,1,23,0,24,0
SMRLOITY,32,2,10,22,2,0,13,2,6,7,2,0,19,0,4,15,0,0,3,0,1,2,0,0,15,19,3,34,0
BDI4BMRL,24,0,11,13,0,0,7,0,2,5,0,0,17,0,9,8,0,0,4,0,2,2,0,0,7,17,4,24,1
GM6EC75I,32,4,8,25,3,0,11,0,2,9,0,0,21,4,6,16,3,0,0,1,1,0,0,0,11,25,1,36,0
EFCM9CXY,64,0,11,53,0,0,16,0,3,13,0,0,48,0,8,40,0,0,4,0,1,3,0,0,16,48,4,64,0
KR7ACG6B,8,1,1,8,0,0,3,1,1,3,0,0,5,0,0,5,0,0,0,0,0,0,0,0,4,5,0,9,0
ID7UTFQO,28,0,4,24,0,0,10,0,2,8,0,0,18,0,2,16,0,0,1,0,0,1,0,0,10,18,1,28,0
HREMJ171,130,10,4,117,17,2,36,6,0,39,3,0,94,4,4,78,14,2,4,0,0,4,0,0,42,98,4,140,0
QKCEBBSK,14,2,6,9,1,1,5,1,3,3,0,0,9,1,3,6,1,1,2,0,1,1,0,0,6,10,2,16,0
KC1CSYTQ,6,2,0,7,1,0,1,0,0,1,0,0,5,2,0,6,1,0,0,0,0,0,0,0,1,7,0,8,0
ODWCCZQH,1,0,0,1,0,0,1,0,0,1,0,0,0,0,0,0,0,0,0,0,0,0,0,0,1,0,0,1,0
QBBJIHI3,4,0,1,3,0,0,1,0,1,0,0,0,3,0,0,3,0,0,0,0,0,0,0,0,1,3,0,4,0
WRR6CKVE,25,0,4,20,1,0,2,0,1,1,0,0,23,0,3,19,1,0,5,0,0,5,0,0,2,23,5,25,0
CTEEVJYQ,58,15,4,38,28,3,46,11,4,29,21,3,12,4,0,9,7,0,1,0,0,1,0,0,57,16,1,73,0
T75QFGFW,35,5,6,34,0,0,11,4,1,14,0,0,24,1,5,20,0,0,2,0,0,2,0,0,15,25,2,40,0
YHEA69SS,11,0,2,9,0,0,3,0,1,2,0,0,8,0,1,7,0,0,1,0,0,1,0,0,3,8,1,11,0
ZKOJUI6M,11,1,4,8,0,0,6,1,2,5,0,0,5,0,2,3,0,0,1,0,0,1,0,0,7,5,1,12,0
4KXHHTLJ,10,0,6,4,0,0,3,0,2,1,0,0,7,0,4,3,0,0,2,0,1,1,0,0,3,7,2,10,0
A8TERK2T,64,16,11,54,15,1,27,12,3,28,8,0,37,4,8,26,7,1,0,0,0,0,0,0,39,41,0,80,0
3GHFTKHY,41,0,8,33,0,0,9,0,1,8,0,0,32,0,7,25,0,0,8,0,2,6,0,0,9,32,8,41,0
WLWVAQQE,90,16,4,46,44,12,17,3,0,13,7,0,73,13,4,33,37,12,11,1,4,3,5,0,20,86,12,106,0
TQXUYKNN,33,0,1,30,2,0,13,0,1,10,2,0,20,0,0,20,0,0,0,0,0,0,0,0,13,20,0,33,0
TCMRAPRD,169,36,26,150,27,3,99,25,15,92,15,3,70,11,11,58,12,0,18,0,5,10,3,0,124,81,18,205,0
XAYLMHT5,16,0,4,12,0,0,3,0,1,2,0,0,13,0,3,10,0,0,2,0,0,2,0,0,3,13,2,16,0
BS3QPQCL,16,0,3,13,0,0,7,0,2,5,0,0,9,0,1,8,0,0,0,0,0,0,0,0,7,9,0,16,0
RMGRELZR,52,3,7,45,3,0,20,2,0,19,3,0,32,1,7,26,0,0,15,0,7,8,0,0,22,33,15,55,0
YHZZKFPS,5,0,1,3,1,0,2,0,0,2,0,0,3,0,1,1,1,0,1,0,0,0,1,0,2,3,1,5,0
IZ69KNGD,55,0,9,46,0,0,20,0,2,18,0,0,35,0,7,28,0,0,11,0,0,11,0,0,20,35,11,55,0
W1TY6FLT,3,4,1,5,1,0,1,2,1,2,0,0,2,2,0,3,1,0,0,0,0,0,0,0,3,4,0,7,0
CJKGHSMO,66,22,24,57,7,0,34,12,12,29,5,0,32,10,12,28,2,0,5,0,1,3,1,0,46,42,5,88,0
1BXJZSZ4,107,61,35,57,24,54,53,38,22,31,8,31,54,23,13,26,16,23,16,9,1,12,10,2,91,77,25,168,0
YLNYN8PC,12,0,7,5,0,0,0,0,0,0,0,0,12,0,7,5,0,0,3,0,2,1,0,0,0,12,3,12,0
M7HEDG9E,64,3,25,41,0,2,25,3,9,19,0,0,39,0,16,22,0,2,5,0,0,5,0,0,28,39,5,67,0
JHP5VHSZ,10,0,3,7,0,0,10,0,3,7,0,0,0,0,0,0,0,0,0,0,0,0,0,0,10,0,0,10,0
WJ2M9HNM,28,0,7,21,0,0,9,0,4,5,0,0,19,0,3,16,0,0,4,0,2,2,0,0,9,19,4,28,0
NAORVZC1,79,3,29,38,15,0,39,3,12,18,12,0,40,0,17,20,3,0,4,0,1,3,0,0,42,40,4,82,0
MJEIFYID,4,0,1,2,1,0,1,0,0,0,1,0,3,0,1,2,0,0,0,0,0,0,0,0,1,3,0,4,0
9ENJLHU5,8,0,2,6,0,0,2,0,1,1,0,0,6,0,1,5,0,0,0,0,0,0,0,0,2,6,0,8,0
EINBGTYD,46,7,3,32,18,0,18,3,1,13,7,0,28,4,2,19,11,0,8,2,0,7,3,0,21,32,10,53,0
CHEFMXTO,16,0,3,11,2,0,6,0,2,4,0,0,10,0,1,7,2,0,4,0,1,3,0,0,6,10,4,16,0
WGMFHSYF,16,1,4,7,6,0,15,1,3,7,6,0,1,0,1,0,0,0,0,0,0,0,0,0,16,1,0,17,0
JMRV2PZI,10,0,2,8,0,0,1,0,0,1,0,0,9,0,2,7,0,0,1,0,0,1,0,0,1,9,1,10,0
RT5PYBDB,1,0,0,1,0,0,1,0,0,1,0,0,0,0,0,0,0,0,0,0,0,0,0,0,1,0,0,1,0
GBRMF4XX,83,9,12,63,16,1,40,7,7,28,11,1,43,2,5,35,5,0,6,0,1,5,0,0,47,45,6,92,0
TJDKGRSK,13,0,0,13,0,0,4,0,0,4,0,0,9,0,0,9,0,0,2,0,0,2,0,0,4,9,2,13,0
AHD4GRFU,13,2,2,10,2,1,5,0,1,3,1,0,8,2,1,7,1,1,0,0,0,0,0,0,5,10,0,15,0
RR1G3EWM,8,3,0,8,2,1,0,0,0,0,0,0,8,3,0,8,2,1,1,0,0,0,1,0,0,11,1,11,0
6DCDLMNN,2,1,1,1,1,0,1,0,1,0,0,0,1,1,0,1,1,0,0,0,0,0,0,0,1,2,0,3,0
TTCXFQI3,14,1,9,6,0,0,6,1,4,3,0,0,8,0,5,3,0,0,1,0,1,0,0,0,7,8,1,15,0
NCWDYTG5,3,1,1,3,0,0,1,1,0,2,0,0,2,0,1,1,0,0,0,0,0,0,0,0,2,2,0,4,0
5TLPA2I2,130,13,23,97,20,5,38,6,6,33,5,0,92,7,17,64,15,5,7,0,0,7,0,0,44,99,7,143,0
9WUKG9AU,70,0,28,39,3,0,19,0,6,13,0,0,51,0,22,26,3,0,5,0,3,2,0,0,19,51,5,70,0
FXSRPLK5,8,1,7,2,0,1,3,0,3,0,0,0,5,1,4,2,0,1,1,1,1,1,0,0,3,6,2,9,0
E6W3KP11,31,3,4,25,5,0,11,3,3,10,1,0,20,0,1,15,4,0,6,0,0,5,1,0,14,20,6,34,0
EKJX6QEI,13,0,2,9,2,0,2,0,1,1,0,0,11,0,1,8,2,0,0,0,0,0,0,0,2,11,0,13,0
VLK2ZPVF,1,0,0,1,0,0,1,0,0,1,0,0,0,0,0,0,0,0,0,0,0,0,0,0,1,0,0,1,0
QGHO4GDP,3,0,2,0,1,1,3,0,2,0,1,1,0,0,0,0,0,0,0,0,0,0,0,0,3,0,0,3,0
7E1QNNPF,25,11,11,19,6,0,17,9,7,15,4,0,8,2,4,4,2,0,4,0,4,0,0,0,26,10,4,36,0
WJ2G1TJQ,56,7,1,40,19,3,35,7,0,24,15,3,21,0,1,16,4,0,0,0,0,0,0,0,42,21,0,63,0
NEUN9JSF,10,5,7,6,2,0,5,5,5,3,2,0,5,0,2,3,0,0,2,0,0,2,0,0,10,5,2,15,0
KKAKUUK2,10,0,6,4,0,2,7,0,4,3,0,2,3,0,2,1,0,0,0,0,0,0,0,0,7,3,0,10,0
8ZAPSAEG,15,0,0,4,5,6,12,0,0,1,5,6,3,0,0,3,0,0,0,0,0,0,0,0,12,3,0,15,0
VQTB3ZTJ,48,1,3,38,5,4,19,1,2,14,1,4,29,0,1,24,4,0,2,0,0,2,0,0,20,29,2,49,0
P6M6R9MD,25,0,17,8,0,1,5,0,3,2,0,0,20,0,14,6,0,1,3,0,1,2,0,0,5,20,3,25,0
EIYUADD5,40,5,2,30,13,0,17,1,1,13,4,0,23,4,1,17,9,0,2,1,0,2,1,0,18,27,3,45,0
3NDNBXHI,22,1,1,22,0,0,7,1,0,8,0,0,15,0,1,14,0,0,3,0,1,2,0,0,8,15,3,23,0
MSNTFZ9J,46,5,16,35,0,0,11,1,4,8,0,0,35,4,12,27,0,0,5,0,3,2,0,0,12,39,5,51,0
ELHCDWUG,24,6,9,21,0,1,10,3,7,6,0,1,14,3,2,15,0,0,3,0,0,3,0,0,13,17,3,30,0
KDADTGKQ,12,1,5,8,0,0,3,0,1,2,0,0,9,1,4,6,0,0,1,1,0,2,0,0,3,10,2,13,0
EKOZGNGM,17,4,5,15,1,0,7,4,2,9,0,0,10,0,3,6,1,0,0,0,0,0,0,0,11,10,0,21,0
I7NDEOSS,80,14,11,65,14,4,27,10,4,23,6,4,53,4,7,42,8,0,0,0,0,0,0,0,37,57,0,94,0
7UCGRSDR,25,0,3,22,0,0,9,0,3,6,0,0,16,0,0,16,0,0,2,0,0,2,0,0,9,16,2,25,0
KIVJGLUE,9,0,0,5,2,2,7,0,0,4,1,2,2,0,0,1,1,0,1,0,0,0,1,0,7,2,1,9,0
KICYLLCB,2,2,2,2,0,1,2,1,2,1,0,1,0,1,0,1,0,0,0,0,0,0,0,0,3,1,0,4,0
DRETMDO8,1,6,4,3,0,0,1,3,2,2,0,0,0,3,2,1,0,0,0,2,1,1,0,0,4,3,2,7,0
TVVDZQTJ,14,3,1,13,3,0,9,2,1,9,1,0,5,1,0,4,2,0,4,0,0,4,0,0,11,6,4,17,0
GOYDHTYM,5,0,0,5,0,0,0,0,0,0,0,0,5,0,0,5,0,0,0,0,0,0,0,0,0,5,0,5,0
ZFVSNOSA,25,3,1,23,4,0,7,0,0,4,3,0,18,3,1,19,1,0,1,0,0,1,0,0,7,21,1,28,0
QSGQBOBV,60,25,29,41,15,1,44,24,25,34,9,1,16,1,4,7,6,0,6,0,3,3,0,0,68,17,6,85,0
RN4Q9JGQ,23,0,0,23,0,0,7,0,0,7,0,0,16,0,0,16,0,0,1,0,0,1,0,0,7,16,1,23,0
P3GQG7J6,8,1,3,6,0,1,2,1,1,2,0,1,6,0,2,4,0,0,1,0,0,1,0,0,3,6,1,9,0
6BYAIMRR,38,6,17,27,0,0,11,1,5,7,0,0,27,5,12,20,0,0,11,0,4,7,0,0,12,32,11,44,0
B91ALM9Q,9,0,3,6,0,0,5,0,2,3,0,0,4,0,1,3,0,0,0,0,0,0,0,0,5,4,0,9,0
EMSMHLET,40,1,18,23,0,0,7,1,6,2,0,0,33,0,12,21,0,0,6,0,2,4,0,0,8,33,6,41,0
JXOHBMC5,30,1,1,30,0,0,7,0,0,7,0,0,23,1,1,23,0,0,4,1,1,4,0,0,7,24,5,31,0
UOJVHFNT,26,0,6,19,1,0,5,0,3,2,0,0,21,0,3,17,1,0,1,0,0,1,0,0,5,21,1,26,0
TZD5VVSM,38,0,6,31,1,0,14,0,2,12,0,0,24,0,4,19,1,0,6,0,1,4,1,0,14,24,6,38,0
VTWVMZU1,8,3,4,6,0,1,3,0,1,2,0,0,5,3,3,4,0,1,3,0,0,3,0,0,3,8,3,11,0
6XYBZM1S,10,1,1,7,3,0,0,0,0,0,0,0,10,1,1,7,3,0,1,0,0,1,0,0,0,11,1,11,0
EOHLZCS9,20,0,4,16,0,0,6,0,1,5,0,0,14,0,3,11,0,0,4,0,3,1,0,0,6,14,4,20,0
CB4BORVU,12,4,3,12,1,0,8,1,2,6,1,0,4,3,1,6,0,0,1,0,0,1,0,0,9,7,1,16,0
R64WRLZY,56,18,9,57,8,0,22,10,1,25,6,0,34,8,8,32,2,0,3,0,0,3,0,0,32,42,3,74,0
9UC1J8GG,28,6,6,20,8,0,22,6,6,15,7,0,6,0,0,5,1,0,4,0,0,3,1,0,28,6,4,34,0
N8USQLPB,13,1,3,10,1,0,2,0,0,1,1,0,11,1,3,9,0,0,1,1,1,1,0,0,2,12,2,14,0
OQKTK8WS,4,0,1,3,0,0,0,0,0,0,0,0,4,0,1,3,0,0,2,0,1,1,0,0,0,4,2,4,0
YEBUNI9S,10,1,0,7,4,0,9,0,0,5,4,0,1,1,0,2,0,0,0,0,0,0,0,0,9,2,0,11,0
GTFJTLJ9,28,4,2,26,4,0,8,4,1,9,2,0,20,0,1,17,2,0,3,0,0,3,0,0,12,20,3,32,0
HEJTCMGW,10,2,0,8,4,0,3,2,0,4,1,0,7,0,0,4,3,0,0,0,0,0,0,0,5,7,0,12,0
VNCYZOKL,39,4,2,36,5,0,15,1,1,12,3,0,24,3,1,24,2,0,2,0,0,2,0,0,16,27,2,43,0
ACPPICXO,7,0,0,7,0,0,3,0,0,3,0,0,4,0,0,4,0,0,0,0,0,0,0,0,3,4,0,7,0
HOE7IS9U,40,14,8,30,4,12,13,11,1,7,4,12,27,3,7,23,0,0,1,0,0,1,0,0,24,30,1,54,0
9N3YJMQR,17,0,7,9,0,1,3,0,1,2,0,0,14,0,6,7,0,1,2,0,1,1,0,0,3,14,2,17,0
UIWUDUXI,22,0,4,17,1,0,3,0,0,3,0,0,19,0,4,14,1,0,5,0,1,3,1,0,3,19,5,22,0
NENO4BFZ,24,6,3,21,6,0,13,3,3,11,2,0,11,3,0,10,4,0,1,2,0,1,2,0,16,14,3,30,0
ARCBHZBM,21,1,10,11,1,0,6,1,4,3,0,0,15,0,6,8,1,0,4,0,0,3,1,0,7,15,4,22,0
RQD8LUJC,12,1,1,9,3,0,5,0,0,3,2,0,7,1,1,6,1,0,1,0,0,0,1,0,5,8,1,13,0
UEGKTXHK,22,1,0,23,0,0,9,1,0,10,0,0,13,0,0,13,0,0,3,0,0,3,0,0,10,13,3,23,0
98JTD4KW,9,2,6,5,0,0,3,1,2,2,0,0,6,1,4,3,0,0,0,0,0,0,0,0,4,7,0,11,0
B88IC3LW,3,6,4,5,0,0,0,1,0,1,0,0,3,5,4,4,0,0,0,1,0,1,0,0,1,8,1,9,0
VHJMQFTL,1,0,0,1,0,0,1,0,0,1,0,0,0,0,0,0,0,0,0,0,0,0,0,0,1,0,0,1,0
M3IDGUJU,59,0,11,48,0,0,16,0,5,11,0,0,43,0,6,37,0,0,2,0,0,2,0,0,16,43,2,59,0
UY1ALLCO,8,4,2,10,0,0,5,1,0,6,0,0,3,3,2,4,0,0,0,0,0,0,0,0,6,6,0,12,0
PLXL5KFF,26,0,6,20,0,0,14,0,4,10,0,0,12,0,2,10,0,0,0,0,0,0,0,0,14,12,0,26,0
N6MZCQGK,40,10,20,27,3,2,15,5,7,11,2,1,25,5,13,16,1,1,1,0,0,1,0,0,20,30,1,50,0
OR1922UG,46,1,10,37,0,0,12,0,0,12,0,0,34,1,10,25,0,0,9,0,2,7,0,0,12,35,9,47,0
MCYFGZ6D,40,2,5,33,4,0,16,1,4,11,2,0,24,1,1,22,2,0,3,1,0,4,0,0,17,25,4,42,0
WNUNLDQP,89,22,8,43,28,31,63,14,8,25,17,27,26,8,0,18,11,4,2,0,0,0,0,1,77,34,2,111,0
IOGPRTES,26,0,2,23,0,0,3,0,1,2,0,0,23,0,1,21,0,0,0,0,0,0,0,0,3,23,0,26,0
U6REVW3D,28,0,7,20,1,0,11,0,3,8,0,0,17,0,4,12,1,0,4,0,1,3,0,0,11,17,4,28,0
1G8ZAN8T,1,0,0,1,0,0,1,0,0,1,0,0,0,0,0,0,0,0,0,0,0,0,0,0,1,0,0,1,0
Y2HA1OLH,54,17,4,45,9,13,15,10,2,7,4,12,39,7,2,38,5,1,5,3,0,7,1,0,25,46,8,71,0
CJHXF6WB,27,4,1,23,7,0,25,4,0,22,7,0,2,0,1,1,0,0,1,0,0,1,0,0,29,2,1,31,0
BX6VXPGB,44,2,9,30,7,0,16,1,5,10,2,0,28,1,4,20,5,0,7,0,1,5,1,0,17,29,7,46,0
A7TGSEIK,133,10,27,91,23,2,47,10,4,39,13,1,86,0,23,52,10,1,20,0,2,14,3,1,57,86,20,143,0
2LVMORGE,6,6,4,8,0,0,4,3,2,5,0,0,2,3,2,3,0,0,0,1,1,0,0,0,7,5,1,12,0
2A6Z7HMQ,5,3,2,6,0,0,3,1,1,3,0,0,2,2,1,3,0,0,0,1,0,1,0,0,4,4,1,8,0
WS8JT5HO,4,0,1,3,0,0,2,0,0,2,0,0,2,0,1,1,0,0,1,0,1,0,0,0,2,2,1,4,0
LKBUSBGJ,7,1,3,3,1,1,6,1,3,2,1,1,1,0,0,1,0,0,1,0,0,1,0,0,7,1,1,8,0
SHUMQ7ZJ,19,32,8,42,1,0,4,15,3,16,0,0,15,17,5,26,1,0,6,2,1,7,0,0,19,32,8,51,0
LRIDUSZS,4,0,1,3,0,0,0,0,0,0,0,0,4,0,1,3,0,0,0,0,0,0,0,0,0,4,0,4,0
2PDQRHXE,11,0,3,8,0,0,5,0,0,5,0,0,6,0,3,3,0,0,0,0,0,0,0,0,5,6,0,11,0
W5VH6P5V,12,0,1,11,0,0,5,0,1,4,0,0,7,0,0,7,0,0,1,0,0,1,0,0,5,7,1,12,0
PPMQEKFN,9,2,0,8,3,0,0,0,0,0,0,0,9,2,0,8,3,0,1,1,0,2,0,0,0,11,2,11,0
RGCTGWRA,3,0,1,2,0,0,1,0,0,1,0,0,2,0,1,1,0,0,2,0,1,1,0,0,1,2,2,3,0
LZIECXOD,15,4,6,12,1,0,6,4,2,7,1,0,9,0,4,5,0,0,0,0,0,0,0,0,10,9,0,19,0
AIXAISZO,3,1,1,3,0,0,1,1,1,1,0,0,2,0,0,2,0,0,1,0,0,1,0,0,2,2,1,4,0
5VXHOXXI,3,0,3,0,0,0,0,0,0,0,0,0,3,0,3,0,0,0,2,0,2,0,0,0,0,3,2,3,0
VVYSDYLJ,8,2,0,10,0,0,3,2,0,5,0,0,5,0,0,5,0,0,1,0,0,1,0,0,5,5,1,10,0
W2TI5OB2,43,0,18,25,0,0,12,0,2,10,0,0,31,0,16,15,0,0,7,0,3,4,0,0,12,31,7,43,0
ZLCCVKRW,10,3,1,12,0,0,6,0,0,6,0,0,4,3,1,6,0,0,1,0,0,1,0,0,6,7,1,13,0
TJ2A49D9,6,2,2,6,0,0,3,1,0,4,0,0,3,1,2,2,0,0,1,0,1,0,0,0,4,4,1,8,0
WNXDV6ZB,43,2,17,28,0,0,13,2,4,11,0,0,30,0,13,17,0,0,6,0,3,3,0,0,15,30,6,45,0
NMVNGZOL,10,1,0,9,1,1,6,1,0,6,0,1,4,0,0,3,1,0,1,0,0,0,1,0,7,4,1,11,0
LQCCLI2C,43,0,2,38,2,0,7,0,0,6,1,0,36,0,2,32,1,0,11,0,1,9,0,0,7,36,11,43,0
GN3I4DFG,3,1,3,1,0,0,3,1,3,1,0,0,0,0,0,0,0,0,0,0,0,0,0,0,4,0,0,4,0
GU6AXB9X,44,3,13,34,0,0,18,3,5,16,0,0,26,0,8,18,0,0,4,0,0,4,0,0,21,26,4,47,0
4ICGBRBJ,3,0,1,2,0,0,3,0,1,2,0,0,0,0,0,0,0,0,0,0,0,0,0,0,3,0,0,3,0
LHDQFIRB,3,0,0,3,0,0,1,0,0,1,0,0,2,0,0,2,0,0,0,0,0,0,0,0,1,2,0,3,0
S1WWZXT7,4,2,3,2,1,0,3,2,3,1,1,0,1,0,0,1,0,0,1,0,0,1,0,0,5,1,1,6,0
V7IC2LKY,15,0,3,12,0,0,5,0,1,4,0,0,10,0,2,8,0,0,1,0,0,1,0,0,5,10,1,15,0
5WGSYPHL,3,0,0,3,0,0,1,0,0,1,0,0,2,0,0,2,0,0,0,0,0,0,0,0,1,2,0,3,0
WIIF5YJG,34,3,7,26,4,0,19,3,4,14,4,0,15,0,3,12,0,0,3,0,0,3,0,0,22,15,3,37,0
MYS7RLHJ,32,6,11,23,4,1,16,6,9,11,2,1,16,0,2,12,2,0,4,0,1,2,1,0,22,16,4,38,0
9ASC2FMO,3,0,0,3,0,0,0,0,0,0,0,0,3,0,0,3,0,0,1,0,0,1,0,0,0,3,1,3,0
ZXDR5QW5,24,4,1,24,2,1,10,1,0,8,2,1,14,3,1,16,0,0,1,0,0,1,0,0,11,17,1,28,0
HNEKCUMX,11,6,2,9,6,0,2,1,0,2,1,0,9,5,2,7,5,0,4,3,0,4,3,0,3,14,7,17,0
ICBFJE1N,35,0,5,30,0,0,7,0,1,6,0,0,28,0,4,24,0,0,3,0,1,2,0,0,7,28,3,35,0
FCCQPFUG,27,2,9,17,2,1,5,0,1,3,1,0,22,2,8,14,1,1,5,0,2,3,0,0,5,24,5,29,0
U9I1UBCJ,21,0,1,18,2,0,2,0,0,2,0,0,19,0,1,16,2,0,0,0,0,0,0,0,2,19,0,21,0
QW9LPALM,63,8,11,52,8,1,37,7,8,29,7,1,26,1,3,23,1,0,3,0,0,3,0,0,44,27,3,71,0
Z14MOFXO,1,0,0,1,0,0,0,0,0,0,0,0,1,0,0,1,0,0,1,0,0,1,0,0,0,1,1,1,0
GY1E8AJ5,8,6,4,8,2,0,3,6,4,4,1,0,5,0,0,4,1,0,2,0,0,1,1,0,9,5,2,14,0
9LRDSIC7,7,1,2,5,1,0,2,0,1,1,0,0,5,1,1,4,1,0,3,0,0,2,1,0,2,6,3,8,0
XZDJXLFZ,3,0,0,3,0,0,0,0,0,0,0,0,3,0,0,3,0,0,2,0,0,2,0,0,0,3,2,3,0
4XZHP5KJ,24,9,7,22,4,0,9,7,5,8,3,0,15,2,2,14,1,0,5,1,0,6,0,0,16,17,6,33,0
LACSGYEA,31,7,0,26,12,0,11,3,0,6,8,0,20,4,0,20,4,0,5,0,0,5,0,0,14,24,5,38,0
YZVTJHRJ,16,0,3,13,0,0,2,0,0,2,0,0,14,0,3,11,0,0,1,0,0,1,0,0,2,14,1,16,0
61ID6T9T,5,5,2,5,0,3,1,5,2,1,0,3,4,0,0,4,0,0,0,0,0,0,0,0,6,4,0,10,0
LZTFTGLQ,7,0,2,3,0,2,2,0,0,2,0,0,5,0,2,1,0,2,1,0,1,0,0,0,2,5,1,7,0
DPQNFHH5,7,0,1,6,0,0,7,0,1,6,0,0,0,0,0,0,0,0,0,0,0,0,0,0,7,0,0,7,0
LO82W3ZY,1,0,0,1,0,0,0,0,0,0,0,0,1,0,0,1,0,0,0,0,0,0,0,0,0,1,0,1,0
OOTWFZ7H,37,0,12,23,2,1,9,0,2,5,2,0,28,0,10,18,0,1,4,0,2,2,0,0,9,28,4,37,0
8YZWYTZM,4,1,0,4,1,0,0,0,0,0,0,0,4,1,0,4,1,0,0,0,0,0,0,0,0,5,0,5,0
KPEODG5I,4,1,0,5,0,0,4,1,0,5,0,0,0,0,0,0,0,0,0,0,0,0,0,0,5,0,0,5,0
LVBCI9PS,10,0,1,9,0,0,4,0,0,4,0,0,6,0,1,5,0,0,0,0,0,0,0,0,4,6,0,10,0
FHJSVXGH,2,0,0,2,0,0,2,0,0,2,0,0,0,0,0,0,0,0,0,0,0,0,0,0,2,0,0,2,0
8MEL3UJU,5,0,1,3,0,1,3,0,0,2,0,1,2,0,1,1,0,0,0,0,0,0,0,0,3,2,0,5,0
NCPTDGPB,1,0,0,1,0,0,1,0,0,1,0,0,0,0,0,0,0,0,0,0,0,0,0,0,1,0,0,1,0
XICZ82VV,17,9,7,17,2,0,16,5,7,14,0,0,1,4,0,3,2,0,1,0,0,1,0,0,21,5,1,26,0
3DLO9HGO,9,3,0,12,0,0,1,3,0,4,0,0,8,0,0,8,0,0,1,0,0,1,0,0,4,8,1,12,0
QYCHBS5M,5,0,2,3,0,0,2,0,0,2,0,0,3,0,2,1,0,0,0,0,0,0,0,0,2,3,0,5,0
BJVT33TY,9,0,2,7,0,0,1,0,0,1,0,0,8,0,2,6,0,0,4,0,0,4,0,0,1,8,4,9,0
FGTK4CXJ,10,0,0,9,0,1,2,0,0,2,0,0,8,0,0,7,0,1,0,0,0,0,0,0,2,8,0,10,0
GEPLLPKX,9,8,3,14,0,0,4,0,0,4,0,0,5,8,3,10,0,0,0,1,0,1,0,0,4,13,1,17,0
ENJDZ2ZZ,28,11,3,32,4,0,7,7,1,10,3,0,21,4,2,22,1,0,0,0,0,0,0,0,14,25,0,39,0
2ISE6PZJ,18,0,3,15,0,0,3,0,0,3,0,0,15,0,3,12,0,0,2,0,0,2,0,0,3,15,2,18,0
UAWCUKQN,8,0,1,7,0,0,5,0,0,5,0,0,3,0,1,2,0,0,1,0,0,1,0,0,5,3,1,8,0
W8KDW7RU,52,13,13,43,9,0,27,9,3,28,5,0,25,4,10,15,4,0,3,0,1,2,0,0,36,29,3,65,0
7LZRYHC3,7,2,2,7,0,0,1,2,0,3,0,0,6,0,2,4,0,0,1,0,0,1,0,0,3,6,1,9,0
RDVRE6KN,7,6,0,10,3,0,5,3,0,6,2,0,2,3,0,4,1,0,1,0,0,1,0,0,8,5,1,13,0
2DX73Q4D,1,1,0,2,0,0,0,1,0,1,0,0,1,0,0,1,0,0,0,0,0,0,0,0,1,1,0,2,0
RXICOW3J,15,2,0,16,1,0,8,2,0,9,1,0,7,0,0,7,0,0,4,0,0,4,0,0,10,7,4,17,0
GWQRXINU,44,2,8,30,8,0,29,2,6,17,8,0,15,0,2,13,0,0,1,0,0,1,0,0,31,15,1,46,0
OEIBOV1S,1,0,0,1,0,0,1,0,0,1,0,0,0,0,0,0,0,0,0,0,0,0,0,0,1,0,0,1,0
OUMDS4JQ,2,1,2,1,0,0,2,0,2,0,0,0,0,1,0,1,0,0,0,1,0,1,0,0,2,1,1,3,0
4K5WDSRD,1,0,0,1,0,0,1,0,0,1,0,0,0,0,0,0,0,0,0,0,0,0,0,0,1,0,0,1,0
TOIKSCOK,4,1,1,3,1,0,2,1,1,1,1,0,2,0,0,2,0,0,0,0,0,0,0,0,3,2,0,5,0
MQUKM8LY,3,0,0,2,1,0,3,0,0,2,1,0,0,0,0,0,0,0,0,0,0,0,0,0,3,0,0,3,0
MTZHUH1E,22,3,2,22,1,0,12,1,1,12,0,0,10,2,1,10,1,0,3,1,0,4,0,0,13,12,4,25,0
YNX92TSM,110,15,13,102,9,1,42,10,7,43,2,0,68,5,6,59,7,1,14,0,1,13,0,0,52,73,14,125,0
O3TIJPCC,21,1,6,16,0,0,5,0,2,3,0,0,16,1,4,13,0,0,4,0,2,2,0,0,5,17,4,22,0
M9ETLCID,11,0,8,3,0,0,3,0,0,3,0,0,8,0,8,0,0,0,3,0,3,0,0,0,3,8,3,11,0
HA8MVYYF,197,49,12,126,74,34,83,30,4,53,34,21,114,19,8,73,40,13,23,0,1,15,6,1,113,133,23,246,0
YKAWIFTW,60,12,16,56,0,0,14,6,3,17,0,0,46,6,13,39,0,0,6,0,2,4,0,0,20,52,6,72,0
SD5CRF8W,79,6,19,57,3,6,33,6,7,25,2,5,46,0,12,32,1,1,18,0,1,16,1,0,39,46,18,85,0
YCSURQFT,24,2,4,14,8,0,8,2,1,5,4,0,16,0,3,9,4,0,1,0,1,0,0,0,10,16,1,26,0
7IR31O2F,100,7,21,79,7,0,31,3,5,26,3,0,69,4,16,53,4,0,8,0,0,8,0,0,34,73,8,107,0
8D6VYSCA,47,7,28,25,1,2,29,2,24,7,0,2,18,5,4,18,1,0,3,1,1,3,0,0,31,23,4,54,0
YVH9DJ9Y,100,7,15,76,16,0,42,5,2,38,7,0,58,2,13,38,9,0,9,0,4,4,1,0,47,60,9,107,0
IKISIZPC,24,1,9,13,3,0,11,0,2,9,0,0,13,1,7,4,3,0,3,0,1,1,1,0,11,14,3,25,0
TGCIZ3BB,12,0,3,9,0,0,5,0,0,5,0,0,7,0,3,4,0,0,5,0,1,4,0,0,5,7,5,12,0
LMZMCUAE,24,0,3,20,1,0,8,0,1,6,1,0,16,0,2,14,0,0,4,0,0,4,0,0,8,16,4,24,0
EUNFGWJI,195,44,1,40,71,127,77,20,0,15,32,50,118,24,1,25,39,77,19,0,1,6,6,6,97,142,19,239,0
3CLK79C2,8,2,5,5,0,0,2,2,1,3,0,0,6,0,4,2,0,0,1,0,0,1,0,0,4,6,1,10,0
GRJD5GHQ,4,0,2,2,0,0,1,0,0,1,0,0,3,0,2,1,0,0,1,0,1,0,0,0,1,3,1,4,0
J9OOKQPQ,2,0,0,2,0,0,0,0,0,0,0,0,2,0,0,2,0,0,1,0,0,1,0,0,0,2,1,2,0
VETPJKOH,32,1,4,29,0,0,6,0,3,3,0,0,26,1,1,26,0,0,5,0,1,4,0,0,6,27,5,33,0
LJVOHZII,3,0,0,1,2,0,3,0,0,1,2,0,0,0,0,0,0,0,0,0,0,0,0,0,3,0,0,3,0
UUHFTQMI,1,0,0,1,0,0,1,0,0,1,0,0,0,0,0,0,0,0,0,0,0,0,0,0,1,0,0,1,0
AJVA5BTN,75,4,16,60,3,1,30,3,10,23,0,1,45,1,6,37,3,0,6,0,1,5,0,0,33,46,6,79,0
PLHKAQFJ,25,4,9,17,2,1,6,2,4,4,0,0,19,2,5,13,2,1,0,1,0,1,0,0,8,21,1,29,0
L9FSVQ6I,1,0,0,1,0,0,0,0,0,0,0,0,1,0,0,1,0,0,0,0,0,0,0,0,0,1,0,1,0
LPWXORGO,4,9,4,2,2,5,2,6,3,0,2,3,2,3,1,2,0,2,0,0,0,0,0,0,8,5,0,13,0
9P1SYF3D,5,0,4,1,0,0,1,0,0,1,0,0,4,0,4,0,0,0,0,0,0,0,0,0,1,4,0,5,0
49YBRXMH,142,23,12,96,50,7,64,12,5,45,23,3,78,11,7,51,27,4,0,0,0,0,0,0,76,89,0,165,0
7GQVTD8J,59,12,8,31,8,21,32,3,3,21,0,9,27,9,5,10,8,12,3,0,0,2,1,0,35,36,3,71,0
Q2ZBHWJG,91,7,28,32,30,10,15,2,6,4,6,1,76,5,22,28,24,9,8,0,1,6,1,0,17,81,8,98,0
XTNXKEQW,3,0,0,3,0,0,2,0,0,2,0,0,1,0,0,1,0,0,0,0,0,0,0,0,2,1,0,3,0
ZGUCGT3B,8,1,0,6,1,1,1,0,0,0,0,1,7,1,0,6,1,0,2,1,0,2,0,0,1,8,3,9,0
H2NRBTVE,9,0,1,6,0,2,2,0,0,2,0,0,7,0,1,4,0,2,0,0,0,0,0,0,2,7,0,9,0
PESTPLEH,4,0,4,0,0,0,0,0,0,0,0,0,4,0,4,0,0,0,0,0,0,0,0,0,0,4,0,4,0
GPTP28E1,115,19,42,84,8,2,18,7,4,18,3,0,97,12,38,66,5,2,23,5,10,17,1,0,25,109,28,134,0
1EJ8QKNI,72,5,15,61,1,0,11,3,3,11,0,0,61,2,12,50,1,0,8,0,2,6,0,0,14,63,8,77,0
ZSEF16KZ,7,1,1,7,0,1,2,0,0,2,0,0,5,1,1,5,0,1,1,0,0,1,0,0,2,6,1,8,0
NNXIBUGT,70,14,17,51,13,7,18,2,8,10,2,2,52,12,9,41,11,5,6,0,0,6,0,0,20,64,6,84,0
QVI6MWJP,21,2,4,16,3,0,4,2,0,6,0,0,17,0,4,10,3,0,3,0,1,2,0,0,6,17,3,23,0
1YRFCFNJ,70,9,29,39,9,12,64,9,27,35,9,12,6,0,2,4,0,0,3,0,1,2,0,0,73,6,3,79,0
EPQ6KFAN,39,2,12,29,0,0,3,0,0,3,0,0,36,2,12,26,0,0,8,0,3,5,0,0,3,38,8,41,0
AZE6MXAZ,99,21,2,90,21,7,38,12,1,32,11,6,61,9,1,58,10,1,0,0,0,0,0,0,50,70,0,120,0
EVXXM3WL,10,1,1,10,0,0,1,1,1,1,0,0,9,0,0,9,0,0,0,0,0,0,0,0,2,9,0,11,0
AOVAYS6B,54,1,12,36,7,0,20,0,1,14,5,0,34,1,11,22,2,0,2,0,1,1,0,0,20,35,2,55,0
BZB4UZCO,4,0,1,3,0,0,2,0,0,2,0,0,2,0,1,1,0,0,1,0,0,1,0,0,2,2,1,4,0
CPBBF2SH,30,2,10,22,0,0,4,2,1,5,0,0,26,0,9,17,0,0,2,0,1,1,0,0,6,26,2,32,0
UED3KXYH,17,0,5,11,1,0,0,0,0,0,0,0,17,0,5,11,1,0,7,0,2,5,0,0,0,17,7,17,0
AGGYNHME,24,5,2,11,6,10,19,5,0,9,5,10,5,0,2,2,1,0,3,0,1,1,1,0,24,5,3,29,0
IOTGKAXZ,8,4,3,8,1,0,2,2,0,4,0,0,6,2,3,4,1,0,3,0,3,0,0,0,4,8,3,12,0
9LF5XHWW,3,0,0,3,0,0,3,0,0,3,0,0,0,0,0,0,0,0,0,0,0,0,0,0,3,0,0,3,0
5HJVGAOK,8,0,1,6,1,0,0,0,0,0,0,0,8,0,1,6,1,0,3,0,0,2,1,0,0,8,3,8,0
SYB9ZKMV,16,1,2,12,2,1,3,1,0,2,1,1,13,0,2,10,1,0,5,0,0,5,0,0,4,13,5,17,0
LIXIPXYQ,20,0,2,18,0,0,12,0,1,11,0,0,8,0,1,7,0,0,0,0,0,0,0,0,12,8,0,20,0
MLCENPBT,6,0,0,2,1,3,1,0,0,0,1,0,5,0,0,2,0,3,4,0,0,1,0,3,1,5,4,6,0
CQDV1FGJ,201,43,14,87,54,86,112,31,9,42,32,60,89,12,5,45,22,26,7,1,2,6,0,0,143,101,8,244,0
P5SJWQON,37,9,2,31,4,9,15,4,1,17,1,0,22,5,1,14,3,9,2,0,0,2,0,0,19,27,2,46,0
ZYCLQUFL,5,2,1,4,2,0,0,0,0,0,0,0,5,2,1,4,2,0,1,2,1,1,1,0,0,7,3,7,0
BKW8QLH7,64,14,13,60,5,0,17,8,3,19,3,0,47,6,10,41,2,0,9,1,1,8,1,0,25,53,10,78,0
QAOBEJUB,3,0,0,3,0,0,2,0,0,2,0,0,1,0,0,1,0,0,0,0,0,0,0,0,2,1,0,3,0
O9CRVM4D,56,11,3,47,17,0,24,8,0,24,8,0,32,3,3,23,9,0,4,0,0,3,1,0,32,35,4,67,0
WVVMMBM4,21,6,9,16,2,0,17,5,8,12,2,0,4,1,1,4,0,0,1,0,0,1,0,0,22,5,1,27,0
WO8R2BAI,25,2,4,20,3,0,9,1,0,7,3,0,16,1,4,13,0,0,3,0,1,2,0,0,10,17,3,27,0
IWOZBRLO,1,0,0,0,1,0,0,0,0,0,0,0,1,0,0,0,1,0,1,0,0,0,1,0,0,1,1,1,0
W6MWC5E5,2,1,0,3,0,0,1,1,0,2,0,0,1,0,0,1,0,0,0,0,0,0,0,0,2,1,0,3,0
Z7JHOJDJ,1,0,0,1,0,0,0,0,0,0,0,0,1,0,0,1,0,0,1,0,0,1,0,0,0,1,1,1,0
YRMMTU8Q,1,1,0,1,1,0,0,0,0,0,0,0,1,1,0,1,1,0,1,0,0,1,0,0,0,2,1,2,0
MDJJ2R7U,14,10,10,11,1,2,5,4,5,4,0,0,9,6,5,7,1,2,4,3,0,5,0,2,9,15,7,24,0
O2CQQSO6,4,0,0,4,0,0,1,0,0,1,0,0,3,0,0,3,0,0,2,0,0,2,0,0,1,3,2,4,0
FL3G3DQD,24,0,1,21,2,0,5,0,0,4,1,0,19,0,1,17,1,0,3,0,0,3,0,0,5,19,3,24,0
9AVOHJ67,17,0,3,14,0,0,8,0,2,6,0,0,9,0,1,8,0,0,2,0,0,2,0,0,8,9,2,17,0
1M7KYDJH,15,9,3,19,0,2,8,6,3,9,0,2,7,3,0,10,0,0,4,0,0,4,0,0,14,10,4,24,0
NQEDOJOW,1,0,0,1,0,0,1,0,0,1,0,0,0,0,0,0,0,0,0,0,0,0,0,0,1,0,0,1,0
NNKXYZOL,23,6,5,20,3,0,6,2,0,4,3,0,17,4,5,16,0,0,7,1,3,5,0,0,8,21,8,29,0
QGJPRCFC,3,0,0,3,0,0,0,0,0,0,0,0,3,0,0,3,0,0,0,0,0,0,0,0,0,3,0,3,0
W6TNJPV7,12,4,0,14,2,0,5,2,0,6,1,0,7,2,0,8,1,0,0,1,0,1,0,0,7,9,1,16,0
I3PY2I2P,7,0,0,6,1,0,6,0,0,5,1,0,1,0,0,1,0,0,0,0,0,0,0,0,6,1,0,7,0
1D4JENRU,31,0,25,6,0,2,10,0,9,1,0,1,21,0,16,5,0,1,4,0,2,2,0,0,10,21,4,31,0
XHFERTM3,13,4,2,14,1,0,4,4,1,6,1,0,9,0,1,8,0,0,0,0,0,0,0,0,8,9,0,17,0
MXFLEHLA,7,0,1,6,0,0,2,0,0,2,0,0,5,0,1,4,0,0,0,0,0,0,0,0,2,5,0,7,0
VRFMSHOC,37,0,2,32,3,0,12,0,1,9,2,0,25,0,1,23,1,0,3,0,0,3,0,0,12,25,3,37,0
LENTHRQB,114,9,32,84,5,7,42,3,10,29,4,2,72,6,22,55,1,5,15,3,4,14,0,0,45,78,18,123,0
2NGOJP9Y,11,1,0,11,1,0,2,1,0,2,1,0,9,0,0,9,0,0,5,0,0,5,0,0,3,9,5,12,0
ISSWCS5O,13,0,5,8,0,0,4,0,1,3,0,0,9,0,4,5,0,0,2,0,0,2,0,0,4,9,2,13,0
CQDDGADZ,67,6,21,47,4,1,29,6,11,20,3,1,38,0,10,27,1,0,3,0,0,3,0,0,35,38,3,73,0
AWHOPXCO,5,1,1,5,0,0,3,1,0,4,0,0,2,0,1,1,0,0,0,0,0,0,0,0,4,2,0,6,0
LVCKDISA,59,7,32,33,1,0,22,6,10,18,0,0,37,1,22,15,1,0,10,1,6,4,1,0,28,38,11,66,0
JIZPXJRI,16,5,0,14,7,0,0,3,0,2,1,0,16,2,0,12,6,0,1,0,0,1,0,0,3,18,1,21,0
1ELLDXGU,11,2,4,7,1,2,9,2,4,5,1,2,2,0,0,2,0,0,0,0,0,0,0,0,11,2,0,13,0
BVOXMRIW,10,1,0,5,5,1,0,0,0,0,0,0,10,1,0,5,5,1,3,1,0,2,1,1,0,11,4,11,0
KLJOLQ2U,5,0,0,5,0,0,3,0,0,3,0,0,2,0,0,2,0,0,0,0,0,0,0,0,3,2,0,5,0
SC7J7EE1,59,3,22,31,5,5,14,1,7,7,1,1,45,2,15,24,4,4,3,0,2,1,0,0,15,47,3,62,0
LHBWTGOS,48,5,5,38,7,3,9,3,0,9,3,0,39,2,5,29,4,3,11,0,2,9,0,0,12,41,11,53,0
I6IGEQNC,6,1,0,7,0,0,3,0,0,3,0,0,3,1,0,4,0,0,2,1,0,3,0,0,3,4,3,7,0
8V28NMLU,114,5,20,90,9,2,27,2,6,21,2,2,87,3,14,69,7,0,10,0,4,5,1,0,29,90,10,119,0
WHYQB2UI,12,9,1,11,7,2,5,7,1,5,4,2,7,2,0,6,3,0,2,0,0,2,0,0,12,9,2,21,0
PKW3FKHU,73,20,15,59,19,0,49,12,9,39,13,0,24,8,6,20,6,0,2,0,0,2,0,0,61,32,2,93,0
EULX4UDH,6,2,1,5,2,0,2,1,0,3,0,0,4,1,1,2,2,0,0,0,0,0,0,0,3,5,0,8,0
INPGCXQW,23,3,1,23,2,0,4,0,0,4,0,0,19,3,1,19,2,0,1,0,0,1,0,0,4,22,1,26,0
FF1FO8CV,34,11,5,35,4,1,12,3,1,13,1,0,22,8,4,22,3,1,6,0,0,6,0,0,15,30,6,45,0
FVEIQAS2,8,0,0,8,0,0,6,0,0,6,0,0,2,0,0,2,0,0,0,0,0,0,0,0,6,2,0,8,0
E3U8MGPA,6,0,1,4,1,0,3,0,1,2,0,0,3,0,0,2,1,0,1,0,0,1,0,0,3,3,1,6,0
OQTC9BTB,93,28,23,79,15,7,44,18,13,41,8,2,49,10,10,38,7,5,13,2,2,7,3,3,62,59,15,121,0
HNGLEITS,7,1,2,6,0,0,3,0,0,3,0,0,4,1,2,3,0,0,0,1,0,1,0,0,3,5,1,8,0
FFZ4WQPO,6,0,3,2,1,0,6,0,3,2,1,0,0,0,0,0,0,0,0,0,0,0,0,0,6,0,0,6,0
NRWVVW45,1,2,0,1,2,0,0,1,0,1,0,0,1,1,0,0,2,0,0,0,0,0,0,0,1,2,0,3,0
C37GZTAU,3,0,1,2,0,0,0,0,0,0,0,0,3,0,1,2,0,0,0,0,0,0,0,0,0,3,0,3,0
AYY35Y4Z,9,1,0,8,1,1,6,1,0,5,1,1,3,0,0,3,0,0,1,0,0,1,0,0,7,3,1,10,0
DYGA36KY,18,3,2,14,5,0,6,3,1,7,1,0,12,0,1,7,4,0,0,0,0,0,0,0,9,12,0,21,0
OJCEUDH3,0,1,0,0,0,1,0,0,0,0,0,0,0,1,0,0,0,1,0,0,0,0,0,0,0,1,0,1,0
Y8VLQDOR,55,3,11,46,1,0,11,2,5,8,0,0,44,1,6,38,1,0,9,0,1,8,0,0,13,45,9,58,0
6S66CBVL,4,7,0,11,0,0,1,7,0,8,0,0,3,0,0,3,0,0,0,0,0,0,0,0,8,3,0,11,0
2OF69ZM6,27,5,6,23,3,0,19,5,6,16,2,0,8,0,0,7,1,0,1,0,0,1,0,0,24,8,1,32,0
FK1JSLJU,45,8,5,43,5,0,23,4,1,23,3,0,22,4,4,20,2,0,5,0,1,4,0,0,27,26,5,53,0
AHE8HQAW,20,5,5,19,1,0,12,0,2,9,1,0,8,5,3,10,0,0,2,1,1,2,0,0,12,13,3,25,0
TYTNSUR6,13,0,1,12,0,0,2,0,0,2,0,0,11,0,1,10,0,0,3,0,1,2,0,0,2,11,3,13,0
6ARVXUYQ,21,3,8,16,0,0,12,1,5,8,0,0,9,2,3,8,0,0,5,0,2,3,0,0,13,11,5,24,0
Z8OGD9W9,11,0,1,8,2,0,11,0,1,8,2,0,0,0,0,0,0,0,0,0,0,0,0,0,11,0,0,11,0
8Z2LPT7C,9,3,0,12,0,0,5,3,0,8,0,0,4,0,0,4,0,0,1,0,0,1,0,0,8,4,1,12,0
HXFENAUX,15,0,3,11,1,0,0,0,0,0,0,0,15,0,3,11,1,0,6,0,0,5,1,0,0,15,6,15,0
WZL26W72,16,1,3,13,1,0,6,0,2,4,0,0,10,1,1,9,1,0,2,0,1,1,0,0,6,11,2,17,0
3BM2HCKE,4,1,2,3,0,0,2,0,1,1,0,0,2,1,1,2,0,0,0,0,0,0,0,0,2,3,0,5,0
DDQRRWQP,7,0,0,6,1,0,5,0,0,5,0,0,2,0,0,1,1,0,1,0,0,0,1,0,5,2,1,7,0
EXCCUSOF,10,0,0,7,3,0,5,0,0,4,1,0,5,0,0,3,2,0,0,0,0,0,0,0,5,5,0,10,0
K8MV985T,3,1,3,1,0,0,1,1,2,0,0,0,2,0,1,1,0,0,2,0,1,1,0,0,2,2,2,4,0
SADEIE1X,7,1,0,8,0,0,2,0,0,2,0,0,5,1,0,6,0,0,1,0,0,1,0,0,2,6,1,8,0
ESKKCVF2,2,2,1,3,0,0,1,0,0,1,0,0,1,2,1,2,0,0,0,0,0,0,0,0,1,3,0,4,0
UBLMKOPX,30,14,9,35,0,0,6,4,4,6,0,0,24,10,5,29,0,0,4,2,1,5,0,0,10,34,6,44,0
BZZMPG84,3,0,1,1,1,0,0,0,0,0,0,0,3,0,1,1,1,0,3,0,1,1,1,0,0,3,3,3,0
FBZONIGQ,24,2,3,19,4,0,11,2,2,8,3,0,13,0,1,11,1,0,2,0,0,1,1,0,13,13,2,26,0
DO2LMCHM,53,0,14,38,1,0,15,0,5,10,0,0,38,0,9,28,1,0,9,0,3,6,0,0,15,38,9,53,0
FXEOBB3P,3,4,0,5,2,0,2,3,0,3,2,0,1,1,0,2,0,0,0,1,0,1,0,0,5,2,1,7,0
YPDTHDY3,11,0,0,9,2,0,4,0,0,3,1,0,7,0,0,6,1,0,1,0,0,1,0,0,4,7,1,11,0
IT56OEUB,116,10,22,61,34,9,43,3,11,24,11,0,73,7,11,37,23,9,15,1,5,9,2,0,46,80,16,126,0
YJV3WEL6,72,4,7,47,22,0,32,1,4,25,4,0,40,3,3,22,18,0,5,1,0,4,2,0,33,43,6,76,0
HASGUCIA,3,2,1,4,0,0,0,0,0,0,0,0,3,2,1,4,0,0,3,2,1,4,0,0,0,5,5,5,0
CDHTEEQR,11,5,4,9,3,0,3,1,3,1,0,0,8,4,1,8,3,0,4,0,1,3,0,0,4,12,4,16,0
KUKKKHAX,8,1,2,7,0,0,4,0,2,2,0,0,4,1,0,5,0,0,2,0,0,2,0,0,4,5,2,9,0
RRBCLTLB,5,7,5,7,0,0,3,5,3,5,0,0,2,2,2,2,0,0,0,0,0,0,0,0,8,4,0,12,0
MNVMAI8K,1,0,0,1,0,0,0,0,0,0,0,0,1,0,0,1,0,0,1,0,0,1,0,0,0,1,1,1,0
X9X9GHFT,10,2,1,11,0,0,2,0,0,2,0,0,8,2,1,9,0,0,4,0,0,4,0,0,2,10,4,12,0
FPF5NIX5,19,1,1,19,0,0,2,0,0,2,0,0,17,1,1,17,0,0,8,1,0,9,0,0,2,18,9,20,0
NQOSUBJD,15,6,4,14,3,0,7,1,3,4,1,0,8,5,1,10,2,0,2,1,0,2,1,0,8,13,3,21,0
BYRS4TC9,24,6,4,23,3,0,8,2,1,9,0,0,16,4,3,14,3,0,1,1,0,2,0,0,10,20,2,30,0
R5AB2P3M,74,30,13,53,16,22,58,21,11,34,12,22,16,9,2,19,4,0,2,0,0,2,0,0,79,25,2,104,0
AATKJJ9J,2,0,0,2,0,0,1,0,0,1,0,0,1,0,0,1,0,0,0,0,0,0,0,0,1,1,0,2,0
WUPMC4HQ,2,0,0,2,0,0,2,0,0,2,0,0,0,0,0,0,0,0,0,0,0,0,0,0,2,0,0,2,0
F1LMKA5F,24,5,2,25,2,0,10,2,2,9,1,0,14,3,0,16,1,0,0,0,0,0,0,0,12,17,0,29,0
AFQSBJHA,2,0,1,1,0,0,0,0,0,0,0,0,2,0,1,1,0,0,0,0,0,0,0,0,0,2,0,2,0
RYDE6NDG,19,0,6,13,0,0,4,0,2,2,0,0,15,0,4,11,0,0,0,0,0,0,0,0,4,15,0,19,0
FKBGQR7V,14,0,2,12,0,0,4,0,2,2,0,0,10,0,0,10,0,0,2,0,0,2,0,0,4,10,2,14,0
ZCLNDDFQ,4,0,1,3,0,0,1,0,1,0,0,0,3,0,0,3,0,0,0,0,0,0,0,0,1,3,0,4,0
9AO4IG69,1,0,0,1,0,0,0,0,0,0,0,0,1,0,0,1,0,0,0,0,0,0,0,0,0,1,0,1,0
9OH1NSUQ,132,46,39,90,49,6,80,29,27,49,33,5,52,17,12,41,16,1,2,0,0,2,0,0,109,69,2,178,0
IIAMH5CC,8,0,2,6,0,0,6,0,2,4,0,0,2,0,0,2,0,0,0,0,0,0,0,0,6,2,0,8,0
JSLMHJQE,36,1,5,29,3,0,10,1,0,9,2,0,26,0,5,20,1,0,4,0,1,3,0,0,11,26,4,37,0
DXF47MIA,16,1,1,13,3,0,12,1,1,11,1,0,4,0,0,2,2,0,0,0,0,0,0,0,13,4,0,17,0
NFLOVGMN,8,0,0,8,0,0,1,0,0,1,0,0,7,0,0,7,0,0,3,0,0,3,0,0,1,7,3,8,0
IR1QJS47,61,18,22,55,2,0,30,9,13,25,1,0,31,9,9,30,1,0,5,5,1,9,0,0,39,40,10,79,0
I5ABWV82,5,2,2,3,1,2,1,0,1,0,0,0,4,2,1,3,1,2,3,0,1,1,0,2,1,6,3,7,0
XF9EGAJS,11,7,1,16,1,0,5,4,0,9,0,0,6,3,1,7,1,0,3,0,1,2,0,0,9,9,3,18,0
GMRGLTNT,25,4,9,20,0,0,7,0,3,4,0,0,18,4,6,16,0,0,6,1,1,6,0,0,7,22,7,29,0
5XEO7DSX,4,1,0,5,0,0,0,0,0,0,0,0,4,1,0,5,0,0,3,1,0,4,0,0,0,5,4,5,0
LELWLLMT,1,0,0,1,0,0,1,0,0,1,0,0,0,0,0,0,0,0,0,0,0,0,0,0,1,0,0,1,0
YNZGPN1M,2,1,1,2,0,0,2,1,1,2,0,0,0,0,0,0,0,0,0,0,0,0,0,0,3,0,0,3,0
FKVCHSRM,7,0,2,5,0,0,5,0,2,3,0,0,2,0,0,2,0,0,1,0,0,1,0,0,5,2,1,7,0
QWDXZPRY,0,1,0,1,0,0,0,1,0,1,0,0,0,0,0,0,0,0,0,0,0,0,0,0,1,0,0,1,0
CPPGLTJK,7,9,2,12,2,0,5,2,0,5,2,0,2,7,2,7,0,0,0,1,0,1,0,0,7,9,1,16,0
EPYQECSV,2,0,0,2,0,0,0,0,0,0,0,0,2,0,0,2,0,0,2,0,0,2,0,0,0,2,2,2,0
FREOUEBN,39,7,8,34,4,0,24,7,4,24,3,0,15,0,4,10,1,0,1,0,0,1,0,0,31,15,1,46,0
T4HRSHIG,48,2,26,24,0,5,12,2,3,11,0,1,36,0,23,13,0,4,6,0,6,0,0,0,14,36,6,50,0
AVR4ZR3Q,8,1,3,6,0,0,5,0,0,5,0,0,3,1,3,1,0,0,1,0,1,0,0,0,5,4,1,9,0
I7QXROFK,10,1,2,7,1,1,3,1,0,3,0,1,7,0,2,4,1,0,3,0,2,0,1,0,4,7,3,11,0
SKQIFOU4,16,2,4,11,2,1,4,2,1,3,1,1,12,0,3,8,1,0,3,0,0,3,0,0,6,12,3,18,0
5USDYGLI,28,3,2,27,2,0,14,3,1,15,1,0,14,0,1,12,1,0,0,0,0,0,0,0,17,14,0,31,0
BZKHDYDZ,5,0,1,4,0,0,4,0,1,3,0,0,1,0,0,1,0,0,0,0,0,0,0,0,4,1,0,5,0
K64XUTBM,31,1,5,16,7,4,15,1,2,4,6,4,16,0,3,12,1,0,3,0,0,3,0,0,16,16,3,32,0
UBC6OS6T,78,18,26,56,9,5,12,3,5,9,1,0,66,15,21,47,8,5,22,10,7,16,5,4,15,81,32,96,0
WPIKYAZI,19,3,3,18,1,0,3,0,0,3,0,0,16,3,3,15,1,0,5,2,2,5,0,0,3,19,7,22,1
FCDGJ7HL,27,0,8,12,7,0,2,0,0,2,0,0,25,0,8,10,7,0,2,0,0,2,0,0,2,25,2,27,0
MOAQHZN6,43,3,9,34,3,0,18,2,4,15,1,0,25,1,5,19,2,0,2,0,0,2,0,0,20,26,2,46,0
RDW5JEWS,82,8,15,68,7,2,31,7,1,33,4,0,51,1,14,35,3,2,10,0,2,7,1,0,38,52,10,90,0
DGCOCEAD,123,11,16,92,26,1,34,3,6,25,6,1,89,8,10,67,20,0,10,0,0,10,0,0,37,97,10,134,0
WZQLNTIM,45,1,7,35,3,0,7,0,1,5,1,0,38,1,6,30,2,0,6,0,2,4,0,0,7,39,6,46,0
FDLECGOG,8,0,0,8,0,0,1,0,0,1,0,0,7,0,0,7,0,0,0,0,0,0,0,0,1,7,0,8,0
FIJ6AZZY,38,11,2,36,11,0,16,11,1,18,8,0,22,0,1,18,3,0,0,0,0,0,0,0,27,22,0,49,0
Z5GLZDXY,14,2,0,9,5,2,2,1,0,1,1,1,12,1,0,8,4,1,2,0,0,1,1,0,3,13,2,16,0
PUANEIVG,21,3,7,15,2,0,9,3,2,8,2,0,12,0,5,7,0,0,0,0,0,0,0,0,12,12,0,24,0
HM7D8YQA,9,4,0,10,2,1,6,3,0,8,1,0,3,1,0,2,1,1,1,0,0,0,1,0,9,4,1,13,0
EBCJRGKI,31,2,3,27,3,0,10,2,0,11,1,0,21,0,3,16,2,0,6,0,0,6,0,0,12,21,6,33,0
HYSEZ3MW,37,6,6,29,7,1,9,1,1,8,0,1,28,5,5,21,7,0,4,1,0,3,2,0,10,33,5,43,0
JDN3FCER,7,4,3,6,2,0,1,2,1,1,1,0,6,2,2,5,1,0,0,0,0,0,0,0,3,8,0,11,0
OVYUHZO2,9,0,6,3,0,0,1,0,0,1,0,0,8,0,6,2,0,0,1,0,1,0,0,0,1,8,1,9,0
SGCI8VNR,41,0,11,30,0,0,9,0,2,7,0,0,32,0,9,23,0,0,4,0,1,3,0,0,9,32,4,41,0
RJJQFBL9,40,1,12,29,0,0,11,1,3,9,0,0,29,0,9,20,0,0,4,0,2,2,0,0,12,29,4,41,0
VKKRQJ6V,11,0,3,7,1,0,2,0,1,1,0,0,9,0,2,6,1,0,2,0,1,0,1,0,2,9,2,11,0
3H8EPOCC,11,0,4,7,0,0,0,0,0,0,0,0,11,0,4,7,0,0,2,0,1,1,0,0,0,11,2,11,0
JHNUNDWQ,36,0,17,19,0,0,8,0,3,5,0,0,28,0,14,14,0,0,4,0,1,3,0,0,8,28,4,36,0
BOUKKG86,232,79,27,213,71,0,63,37,8,67,25,0,169,42,19,146,46,0,22,0,4,17,1,0,100,211,22,311,0
4OHSMIVO,3,0,0,3,0,0,3,0,0,3,0,0,0,0,0,0,0,0,0,0,0,0,0,0,3,0,0,3,0
NL86ZVXP,36,10,6,23,7,11,2,3,0,2,0,3,34,7,6,21,7,8,27,3,6,10,7,8,5,41,30,46,0
FGCWU27Z,119,6,26,91,7,2,26,3,6,21,2,0,93,3,20,70,5,2,16,0,5,8,2,2,29,96,16,125,0
C1NMGEOM,53,10,14,39,1,9,14,9,3,10,1,9,39,1,11,29,0,0,0,0,0,0,0,0,23,40,0,63,0
YO5WS4NF,9,0,0,8,1,0,4,0,0,4,0,0,5,0,0,4,1,0,0,0,0,0,0,0,4,5,0,9,0
NOJGTJTG,22,0,9,13,0,1,5,0,2,3,0,1,17,0,7,10,0,0,2,0,1,1,0,0,5,17,2,22,0
7FHCLSDK,38,0,5,33,0,0,20,0,2,18,0,0,18,0,3,15,0,0,3,0,0,3,0,0,20,18,3,38,0
EZNULKUD,4,0,0,4,0,0,2,0,0,2,0,0,2,0,0,2,0,0,0,0,0,0,0,0,2,2,0,4,0
EKF7C9PG,119,20,35,87,17,1,49,9,14,31,13,1,70,11,21,56,4,0,16,0,4,12,0,0,58,81,16,139,0
JCNRPDSN,55,1,18,38,0,0,22,1,8,15,0,0,33,0,10,23,0,0,6,0,0,6,0,0,23,33,6,56,0
WHJUAQE2,12,0,1,11,0,0,4,0,0,4,0,0,8,0,1,7,0,0,2,0,0,2,0,0,4,8,2,12,0
HUUCB9JG,39,1,6,32,2,0,9,1,2,7,1,0,30,0,4,25,1,0,7,0,1,6,0,0,10,30,7,40,0
2QCNPK27,17,0,7,10,0,0,6,0,2,4,0,0,11,0,5,6,0,0,3,0,3,0,0,0,6,11,3,17,0
JWHXFLRB,25,0,6,19,0,1,5,0,1,4,0,0,20,0,5,15,0,1,1,0,0,1,0,0,5,20,1,25,0
HNNFKDH4,61,0,7,50,4,3,24,0,4,17,3,1,37,0,3,33,1,2,3,0,0,3,0,0,24,37,3,61,0
NEGD5T3W,20,0,9,11,0,1,6,0,4,2,0,1,14,0,5,9,0,0,3,0,1,2,0,0,6,14,3,20,0
UQOHXU4G,32,1,7,23,3,0,11,0,1,9,1,0,21,1,6,14,2,0,0,0,0,0,0,0,11,22,0,33,0
FZ62BYK5,73,4,22,51,2,2,26,1,7,18,1,1,47,3,15,33,1,1,15,0,5,10,0,0,27,50,15,77,0
EWJJALEJ,0,1,0,0,0,1,0,0,0,0,0,0,0,1,0,0,0,1,0,1,0,0,0,1,0,1,1,1,0
ZL6N1AAV,5,0,0,5,0,0,3,0,0,3,0,0,2,0,0,2,0,0,2,0,0,2,0,0,3,2,2,5,0
ZVQ7K5HS,3,2,0,4,1,0,0,0,0,0,0,0,3,2,0,4,1,0,0,0,0,0,0,0,0,5,0,5,0
ER4B2QSL,119,24,20,81,28,18,55,17,11,35,16,13,64,7,9,46,12,5,5,0,1,4,0,0,72,71,5,143,0
CWVTKGZH,53,0,13,40,0,0,15,0,4,11,0,0,38,0,9,29,0,0,5,0,0,5,0,0,15,38,5,53,0
ICK9IEWQ,22,0,11,11,0,0,7,0,2,5,0,0,15,0,9,6,0,0,2,0,1,1,0,0,7,15,2,22,0
MIGJXNQH,29,6,3,24,8,0,4,2,0,6,0,0,25,4,3,18,8,0,7,0,2,5,0,0,6,29,7,35,0
NTLSDEOS,20,7,7,19,1,0,9,7,5,10,1,0,11,0,2,9,0,0,4,0,1,3,0,0,16,11,4,27,0
S2QDH9CU,8,3,3,7,1,0,5,2,3,3,1,0,3,1,0,4,0,0,1,0,0,1,0,0,7,4,1,11,0
TXJHX9LY,5,9,1,12,1,0,2,4,0,5,1,0,3,5,1,7,0,0,0,1,0,1,0,0,6,8,1,14,0
SCC3K1LV,8,5,2,10,1,0,1,0,0,1,0,0,7,5,2,9,1,0,1,0,0,0,1,0,1,12,1,13,0
ZMYFGNOP,10,3,3,9,1,0,4,0,1,2,1,0,6,3,2,7,0,0,2,0,0,2,0,0,4,9,2,13,0
QIE5CNUH,52,0,15,37,0,0,13,0,3,10,0,0,39,0,12,27,0,0,3,0,1,2,0,0,13,39,3,52,0
UID53V9A,54,4,14,36,3,5,13,0,7,6,0,0,41,4,7,30,3,5,10,0,2,8,0,0,13,45,10,58,0
MRAKY1WQ,15,2,3,8,1,4,11,2,2,6,0,4,4,0,1,2,1,0,0,0,0,0,0,0,13,4,0,17,0
EKOOSHUP,37,1,9,29,0,0,11,1,6,6,0,0,26,0,3,23,0,0,3,0,0,3,0,0,12,26,3,38,0
HHSZBVTD,72,6,10,63,4,2,31,3,1,33,0,0,41,3,9,30,4,2,9,0,1,7,0,2,34,44,9,78,0
LGOHRDBN,2,0,2,0,0,0,0,0,0,0,0,0,2,0,2,0,0,0,0,0,0,0,0,0,0,2,0,2,0
XKXMVLVL,4,1,2,2,1,0,2,0,2,0,0,0,2,1,0,2,1,0,2,1,0,2,1,0,2,3,3,5,0
YJHMARQW,18,1,9,10,0,0,3,0,3,0,0,0,15,1,6,10,0,0,2,0,1,1,0,0,3,16,2,19,0
HGA7LRRE,18,1,3,16,0,0,5,1,2,4,0,0,13,0,1,12,0,0,5,0,0,5,0,0,6,13,5,19,0
UWEOSQHG,42,3,6,33,5,1,9,0,1,8,0,0,33,3,5,25,5,1,1,0,0,1,0,0,9,36,1,45,0
6HRFEJKN,47,1,9,33,5,1,23,1,3,16,4,1,24,0,6,17,1,0,6,0,3,3,0,0,24,24,6,48,0
VHVPYUDR,32,1,6,26,1,0,10,1,3,7,1,0,22,0,3,19,0,0,7,0,1,6,0,0,11,22,7,33,0
HUCVABYG,13,0,0,13,0,0,2,0,0,2,0,0,11,0,0,11,0,0,1,0,0,1,0,0,2,11,1,13,0
6PQQ3QFM,12,2,3,11,0,0,5,1,1,5,0,0,7,1,2,6,0,0,1,0,0,1,0,0,6,8,1,14,0
MEV5L4CR,72,21,16,59,18,0,42,7,8,30,11,0,30,14,8,29,7,0,0,0,0,0,0,0,49,44,0,93,0
I2EKIRZV,18,5,1,21,1,0,16,3,1,17,1,0,2,2,0,4,0,0,0,0,0,0,0,0,19,4,0,23,0
A6DC7BIT,71,2,16,47,2,10,10,2,3,9,0,0,61,0,13,38,2,10,12,0,2,10,0,1,12,61,12,73,0
HKCBIINL,10,1,2,9,0,0,4,0,0,4,0,0,6,1,2,5,0,0,1,0,0,1,0,0,4,7,1,11,0
ZCFA8ZQG,21,21,6,27,8,2,15,15,5,18,7,1,6,6,1,9,1,1,1,0,0,0,0,1,30,12,1,42,0
SGUGIWID,32,2,8,26,0,0,9,1,2,8,0,0,23,1,6,18,0,0,5,0,2,3,0,0,10,24,5,34,0
TMKSOB3O,18,1,7,10,0,0,5,1,4,2,0,0,13,0,3,8,0,0,3,0,0,3,0,0,6,13,3,19,0
QHCL2ZFI,35,0,3,29,3,0,6,0,1,5,0,0,29,0,2,24,3,0,3,0,0,2,1,0,6,29,3,35,0
E328AE4B,8,2,0,8,2,0,1,2,0,2,1,0,7,0,0,6,1,0,1,0,0,1,0,0,3,7,1,10,0
EP5J11DO,136,15,42,90,19,4,23,1,9,12,3,0,113,14,33,78,16,4,10,0,3,7,0,0,24,127,10,151,0
6DRGXWNN,6,1,0,7,0,0,2,1,0,3,0,0,4,0,0,4,0,0,0,0,0,0,0,0,3,4,0,7,0
TJE9VEOL,20,0,2,18,0,0,6,0,0,6,0,0,14,0,2,12,0,0,3,0,0,3,0,0,6,14,3,20,0
9HIJ4E2I,21,3,2,14,6,2,7,0,1,3,2,1,14,3,1,11,4,1,3,0,0,3,0,0,7,17,3,24,0
LI4FXXCE,21,1,3,19,0,0,4,1,0,5,0,0,17,0,3,14,0,0,6,0,1,5,0,0,5,17,6,22,0
GTE4UEYG,55,8,11,37,15,0,29,8,9,19,9,0,26,0,2,18,6,0,1,0,1,0,0,0,37,26,1,63,0
ZX1YDPYD,40,8,19,26,3,0,17,1,6,10,2,0,23,7,13,16,1,0,0,0,0,0,0,0,18,30,0,48,0
VHISFCTT,66,7,11,58,4,0,14,1,5,8,2,0,52,6,6,50,2,0,0,0,0,0,0,0,15,58,0,73,0
1VARSC9B,55,17,5,66,1,0,14,6,2,18,0,0,41,11,3,48,1,0,8,0,0,8,0,0,20,52,8,72,0
JKC2DQC2,11,1,1,11,0,0,3,0,1,2,0,0,8,1,0,9,0,0,4,0,0,4,0,0,3,9,4,12,0
QGULGV23,54,15,14,49,6,0,26,12,8,24,6,0,28,3,6,25,0,0,0,0,0,0,0,0,38,31,0,69,0
WPSODQQ6,57,3,23,33,4,1,29,2,9,18,4,1,28,1,14,15,0,0,0,0,0,0,0,0,31,29,0,60,0
KREOGE8M,15,16,2,16,13,0,5,7,1,6,5,0,10,9,1,10,8,0,0,0,0,0,0,0,12,19,0,31,0
SBNH1XVY,5,0,0,5,0,0,1,0,0,1,0,0,4,0,0,4,0,0,1,0,0,1,0,0,1,4,1,5,0
B6R5YLSN,7,1,1,6,1,0,1,1,1,1,0,0,6,0,0,5,1,0,1,0,0,1,0,0,2,6,1,8,0
FSPOPPCP,48,11,4,37,14,4,17,5,1,12,6,3,31,6,3,25,8,1,7,0,0,6,1,0,22,37,7,59,0
DCYMVHCI,13,0,1,9,3,0,5,0,0,2,3,0,8,0,1,7,0,0,0,0,0,0,0,0,5,8,0,13,0
YQUFM6Z2,2,1,1,2,0,0,1,1,1,1,0,0,1,0,0,1,0,0,0,0,0,0,0,0,2,1,0,3,0
A9BEQWNH,5,0,2,3,0,0,2,0,2,0,0,0,3,0,0,3,0,0,3,0,0,3,0,0,2,3,3,5,0
SJSFDOTS,19,0,2,16,1,0,5,0,2,3,0,0,14,0,0,13,1,0,2,0,0,2,0,0,5,14,2,19,0
DKHMQIBC,6,5,3,7,1,0,1,0,1,0,0,0,5,5,2,7,1,0,5,2,2,4,1,0,1,10,7,11,0
WD7KAW58,9,6,2,13,0,0,5,0,1,4,0,0,4,6,1,9,0,0,0,0,0,0,0,0,5,10,0,15,0
QJSVEDDA,218,34,11,178,54,9,78,9,0,66,19,2,140,25,11,112,35,7,10,0,2,6,2,0,87,165,10,252,0
NYTPQBZ4,109,9,15,92,11,0,37,5,7,31,4,0,72,4,8,61,7,0,16,4,2,17,1,0,42,76,20,118,0
KRNPTPVD,12,4,0,13,3,0,5,2,0,6,1,0,7,2,0,7,2,0,0,1,0,1,0,0,7,9,1,16,0
YKL48WEQ,40,1,12,29,0,0,12,0,4,8,0,0,28,1,8,21,0,0,2,0,1,1,0,0,12,29,2,41,0
PAX5UG66,11,4,3,11,1,0,5,1,1,5,0,0,6,3,2,6,1,0,4,1,1,3,1,0,6,9,5,15,0
OJ7ILKEC,14,1,7,8,0,0,2,1,2,1,0,0,12,0,5,7,0,0,2,0,0,2,0,0,3,12,2,15,0
1W3ZUCYL,31,13,0,27,16,1,1,0,0,0,1,0,30,13,0,27,15,1,0,0,0,0,0,0,1,43,0,44,0
DIQ3CRUN,16,0,4,12,0,0,2,0,1,1,0,0,14,0,3,11,0,0,2,0,0,2,0,0,2,14,2,16,0
VLEL1PLJ,111,24,28,93,13,1,68,13,19,50,11,1,43,11,9,43,2,0,9,1,0,9,1,0,81,54,10,135,0
L11781Y9,15,2,1,16,0,0,8,1,0,9,0,0,7,1,1,7,0,0,1,0,0,1,0,0,9,8,1,17,0
YBAYUOLV,206,23,60,146,23,1,72,14,25,52,9,1,134,9,35,94,14,0,20,2,5,15,2,0,86,143,22,229,0
1U6RYZWD,19,1,0,15,5,0,11,0,0,9,2,0,8,1,0,6,3,0,1,0,0,1,0,0,11,9,1,20,0
UVNNB59Z,2,0,0,2,0,0,0,0,0,0,0,0,2,0,0,2,0,0,2,0,0,2,0,0,0,2,2,2,0
XNUJXH4J,33,0,9,24,0,0,15,0,5,10,0,0,18,0,4,14,0,0,1,0,0,1,0,0,15,18,1,33,0
YZXHZZKE,23,6,4,16,9,0,10,4,1,7,6,0,13,2,3,9,3,0,5,0,0,2,3,0,14,15,5,29,0
HRHIAB3Z,68,5,16,55,2,0,10,2,4,7,1,0,58,3,12,48,1,0,19,0,3,16,0,0,12,61,19,73,0
QKJHA6NZ,84,10,15,75,4,0,31,6,5,29,3,0,53,4,10,46,1,0,6,0,1,5,0,0,37,57,6,94,0
UKQJFBUL,39,0,6,33,0,0,12,0,2,10,0,0,27,0,4,23,0,0,3,0,2,1,0,0,12,27,3,39,0
DIUHNHQ2,11,1,3,9,0,0,4,1,1,4,0,0,7,0,2,5,0,0,0,0,0,0,0,0,5,7,0,12,0
PFRQUPTA,16,0,5,10,1,0,6,0,2,4,0,0,10,0,3,6,1,0,1,0,0,1,0,0,6,10,1,16,0
A1HQBOES,32,2,2,26,6,0,27,1,1,21,6,0,5,1,1,5,0,0,2,0,0,2,0,0,28,6,2,34,0
9YML5S1C,36,3,1,14,15,9,16,3,0,6,9,4,20,0,1,8,6,5,0,0,0,0,0,0,19,20,0,39,0
6RRCZILH,72,5,18,54,4,3,28,3,8,22,1,1,44,2,10,32,3,2,2,0,0,2,0,0,31,46,2,77,0
OKNCCJJI,17,2,2,12,5,0,9,1,2,5,3,0,8,1,0,7,2,0,0,0,0,0,0,0,10,9,0,19,0
ANFLNSBV,7,0,3,4,0,0,2,0,2,0,0,0,5,0,1,4,0,0,1,0,0,1,0,0,2,5,1,7,0
SZDJFNCC,5,0,1,4,0,0,5,0,1,4,0,0,0,0,0,0,0,0,0,0,0,0,0,0,5,0,0,5,0
BMLLNDIJ,2,0,0,2,0,0,2,0,0,2,0,0,0,0,0,0,0,0,0,0,0,0,0,0,2,0,0,2,0
6HZUKIBT,179,33,36,136,34,9,102,26,25,72,27,8,77,7,11,64,7,1,6,0,1,5,0,0,128,84,6,212,0
BLXVH4QV,8,0,2,6,0,0,5,0,1,4,0,0,3,0,1,2,0,0,2,0,1,1,0,0,5,3,2,8,0
JGC6ZRFO,9,4,2,10,0,0,4,1,0,4,0,0,5,3,2,6,0,0,0,0,0,0,0,0,5,8,0,13,0
BIICO6UA,8,3,0,10,1,0,3,2,0,4,1,0,5,1,0,6,0,0,2,0,0,2,0,0,5,6,2,11,0
NBHIAPPX,3,2,2,3,0,0,3,1,1,3,0,0,0,1,1,0,0,0,0,0,0,0,0,0,4,1,0,5,0
ILDO8B3X,3,1,4,0,0,0,1,0,1,0,0,0,2,1,3,0,0,0,0,0,0,0,0,0,1,3,0,4,0
EKLGI9AT,26,3,3,24,2,0,7,0,0,7,0,0,19,3,3,17,2,0,5,0,0,4,1,0,7,22,5,29,0
OBVULVSJ,3,1,0,3,1,0,0,1,0,1,0,0,3,0,0,2,1,0,1,0,0,1,0,0,1,3,1,4,0
ZJTDY46R,7,2,0,3,6,0,6,2,0,3,5,0,1,0,0,0,1,0,0,0,0,0,0,0,8,1,0,9,0
GXKRKLER,37,2,10,24,5,0,8,2,2,8,0,0,29,0,8,16,5,0,5,0,2,2,1,0,10,29,5,39,0
NBIMHHCF,68,0,19,44,4,1,32,0,12,19,1,0,36,0,7,25,3,1,6,0,0,5,0,0,32,36,6,68,0
LATMP6QW,6,0,0,5,1,0,2,0,0,1,1,0,4,0,0,4,0,0,1,0,0,1,0,0,2,4,1,6,0
LRHT5A9L,77,9,38,32,15,0,22,4,13,7,6,0,55,5,25,25,9,0,8,0,0,8,0,0,26,60,8,86,0
DHYMIMCP,18,1,5,14,0,0,9,1,3,7,0,0,9,0,2,7,0,0,1,0,0,1,0,0,10,9,1,19,0
RJTZPXJ3,1,0,0,1,0,0,0,0,0,0,0,0,1,0,0,1,0,0,1,0,0,1,0,0,0,1,1,1,0
267EEMCT,113,45,60,82,16,1,81,35,47,53,16,0,32,10,13,29,0,1,7,1,2,6,0,0,116,42,8,158,0
X9IDGAKT,30,1,5,16,8,2,15,0,4,6,5,0,15,1,1,10,3,2,3,0,1,2,0,0,15,16,3,31,0
AD4TQFBT,14,12,0,5,8,13,3,4,0,0,4,3,11,8,0,5,4,10,9,8,0,5,4,8,7,19,17,26,0
RCRASOJB,36,1,7,27,3,0,15,0,4,9,2,0,21,1,3,18,1,0,2,0,0,2,0,0,15,22,2,37,0
6WB6GPWE,26,9,7,26,2,0,15,8,4,18,1,0,11,1,3,8,1,0,0,0,0,0,0,0,23,12,0,35,0
HRU8TEII,39,2,12,29,0,0,12,1,5,8,0,0,27,1,7,21,0,0,5,1,1,5,0,0,13,28,6,41,0
KA5IYFMS,29,3,4,25,3,1,8,1,0,8,1,0,21,2,4,17,2,1,2,1,0,3,0,0,9,23,3,32,0
CQJOTPNQ,11,0,2,8,1,0,4,0,1,3,0,0,7,0,1,5,1,0,3,0,0,2,1,0,4,7,3,11,0
YENTBDXF,61,6,15,38,11,3,27,2,5,15,6,3,34,4,10,23,5,0,5,0,3,2,0,0,29,38,5,67,0
YYBNKQT2,42,6,11,33,4,0,18,3,2,19,0,0,24,3,9,14,4,0,4,0,2,2,0,0,21,27,4,48,0
LGKMBQ8U,29,3,6,17,8,1,14,3,4,9,4,0,15,0,2,8,4,1,1,0,1,0,0,0,17,15,1,32,0
RXWIOL9Z,13,8,2,19,0,0,4,6,2,8,0,0,9,2,0,11,0,0,0,0,0,0,0,0,10,11,0,21,0
WTXDUZWS,46,2,8,40,0,0,16,0,1,15,0,0,30,2,7,25,0,0,3,2,0,5,0,0,16,32,5,48,0
QTSAX144,32,14,0,18,13,15,12,9,0,6,6,9,20,5,0,12,7,6,0,0,0,0,0,0,21,25,0,46,0
GKXKBHWR,66,33,19,43,21,17,33,25,12,22,14,10,33,8,7,21,7,7,5,0,0,3,0,2,58,41,5,99,0
25JJJOM7,25,1,12,13,0,0,3,1,2,2,0,0,22,0,10,11,0,0,0,0,0,0,0,0,4,22,0,26,0
1FFABKMG,3,0,2,1,0,0,0,0,0,0,0,0,3,0,2,1,0,0,0,0,0,0,0,0,0,3,0,3,0
ZZOLJQN2,16,2,4,13,1,0,5,1,1,5,0,0,11,1,3,8,1,0,0,0,0,0,0,0,6,12,0,18,0
PT4UJKYG,51,2,20,29,4,0,12,1,4,8,1,0,39,1,16,21,3,0,2,0,2,0,0,0,13,40,2,53,0
UVVR9B5L,1,0,1,0,0,0,0,0,0,0,0,0,1,0,1,0,0,0,0,0,0,0,0,0,0,1,0,1,0
JO3SZREL,5,1,0,5,1,0,1,0,0,1,0,0,4,1,0,4,1,0,0,0,0,0,0,0,1,5,0,6,0
EEFPEB1U,52,3,3,8,5,39,48,3,2,5,5,39,4,0,1,3,0,0,1,0,0,1,0,0,51,4,1,55,0
2JRTNCLU,102,2,9,94,1,0,34,2,3,32,1,0,68,0,6,62,0,0,16,0,0,16,0,0,36,68,16,104,0
39FE6SGF,5,0,0,5,0,0,1,0,0,1,0,0,4,0,0,4,0,0,0,0,0,0,0,0,1,4,0,5,0
2VH3PU79,8,3,2,8,0,1,4,0,2,2,0,0,4,3,0,6,0,1,1,0,0,1,0,0,4,7,1,11,0
IASHMKOI,2,0,0,2,0,0,0,0,0,0,0,0,2,0,0,2,0,0,0,0,0,0,0,0,0,2,0,2,0
9ZLEYVBG,57,3,14,45,1,0,17,3,4,15,1,0,40,0,10,30,0,0,5,0,0,5,0,0,20,40,5,60,0
OKPLXXLV,7,8,0,10,5,0,0,2,0,2,0,0,7,6,0,8,5,0,4,0,0,1,3,0,2,13,4,15,0
XBPQUBAC,55,12,12,49,6,0,41,10,9,39,3,0,14,2,3,10,3,0,0,0,0,0,0,0,51,16,0,67,0
RUDMPSDU,142,12,38,103,8,6,54,7,19,36,4,2,88,5,19,67,4,4,16,0,3,13,0,0,61,93,16,154,0
BYVL7SHZ,64,13,1,40,21,15,36,7,0,18,14,11,28,6,1,22,7,4,3,0,1,2,0,0,43,34,3,77,0
QZ5ETBTT,17,0,7,10,0,0,3,0,2,1,0,0,14,0,5,9,0,0,3,0,1,2,0,0,3,14,3,17,0
HOPFPC5O,15,2,1,16,0,0,3,0,0,3,0,0,12,2,1,13,0,0,3,0,0,3,0,0,3,14,3,17,0
JK7ZFEPQ,84,11,12,47,22,14,52,10,7,24,19,12,32,1,5,23,3,2,13,0,1,7,3,2,62,33,13,95,0
UIELMIOJ,2,0,0,2,0,0,2,0,0,2,0,0,0,0,0,0,0,0,0,0,0,0,0,0,2,0,0,2,0
R9LPVY8M,9,1,0,10,0,0,3,1,0,4,0,0,6,0,0,6,0,0,0,0,0,0,0,0,4,6,0,10,0
UIKJHPVB,18,0,4,13,1,0,7,0,3,4,0,0,11,0,1,9,1,0,1,0,0,1,0,0,7,11,1,18,0
X8BEZUS7,80,11,8,39,8,35,11,1,4,5,0,3,69,10,4,34,8,32,46,9,2,23,7,22,12,79,55,91,0
AQQC9UWR,40,2,0,34,8,0,28,1,0,21,8,0,12,1,0,13,0,0,0,0,0,0,0,0,29,13,0,42,0
VI7VR1QG,7,0,0,6,1,0,5,0,0,4,1,0,2,0,0,2,0,0,0,0,0,0,0,0,5,2,0,7,0
ZVA2DHZ6,48,1,13,36,0,0,10,1,2,9,0,0,38,0,11,27,0,0,8,0,3,5,0,0,11,38,8,49,0
YH3MTQ4E,10,0,0,10,0,0,0,0,0,0,0,0,10,0,0,10,0,0,1,0,0,1,0,0,0,10,1,10,0
GVXG25DT,5,1,1,5,0,0,2,0,0,2,0,0,3,1,1,3,0,0,0,0,0,0,0,0,2,4,0,6,0
RFT1BXBP,24,0,6,18,0,0,8,0,1,7,0,0,16,0,5,11,0,0,4,0,2,2,0,0,8,16,4,24,0
ICCLSOXV,6,0,3,3,0,0,0,0,0,0,0,0,6,0,3,3,0,0,1,0,1,0,0,0,0,6,1,6,0
NAYCUZO5,11,1,0,11,1,0,3,1,0,3,1,0,8,0,0,8,0,0,1,0,0,1,0,0,4,8,1,12,0
VOLOFXWE,67,4,12,54,5,0,34,4,7,28,3,0,33,0,5,26,2,0,2,0,0,2,0,0,38,33,2,71,0
QIHIJCI5,15,1,1,15,0,0,7,0,1,6,0,0,8,1,0,9,0,0,1,0,0,1,0,0,7,9,1,16,0
84PYEWAK,52,4,11,33,12,0,19,2,4,12,5,0,33,2,7,21,7,0,2,0,0,2,0,0,21,35,2,56,0
HAIQQC82,44,1,1,40,4,0,13,0,0,10,3,0,31,1,1,30,1,0,8,0,1,7,0,0,13,32,8,45,0
ZL1HVWOP,28,0,12,16,0,0,3,0,0,3,0,0,25,0,12,13,0,0,6,0,3,3,0,0,3,25,6,28,0
LSXFXVZX,43,7,8,38,4,0,12,2,2,11,1,0,31,5,6,27,3,0,2,0,0,2,0,0,14,36,2,50,0
GRQMRJ9T,2,0,0,2,0,0,1,0,0,1,0,0,1,0,0,1,0,0,0,0,0,0,0,0,1,1,0,2,0
W5XZX3FI,27,1,2,15,4,7,18,1,1,7,4,7,9,0,1,8,0,0,0,0,0,0,0,0,19,9,0,28,0
FBWPW3JT,45,4,17,29,2,3,12,3,6,7,1,1,33,1,11,22,1,2,8,0,5,3,0,0,15,34,8,49,0
ROVA5SHO,80,11,11,73,7,0,45,11,5,46,5,0,35,0,6,27,2,0,5,0,0,5,0,0,56,35,5,91,0
XS6ILKIP,15,2,4,13,0,0,3,0,1,2,0,0,12,2,3,11,0,0,7,0,3,4,0,0,3,14,7,17,0
QFCUBS2M,38,6,1,40,2,1,16,6,1,21,0,0,22,0,0,19,2,1,2,0,0,1,0,1,22,22,2,44,0
C65OLMHC,55,1,10,37,9,0,11,1,5,6,1,0,44,0,5,31,8,0,12,0,2,8,2,0,12,44,12,56,0
JSJDBJ3L,32,4,8,22,6,0,13,1,3,11,0,0,19,3,5,11,6,0,0,0,0,0,0,0,14,22,0,36,0
GOEHTX6Y,7,0,1,6,0,0,3,0,1,2,0,0,4,0,0,4,0,0,0,0,0,0,0,0,3,4,0,7,0
OIYAES9I,14,2,3,13,0,0,6,1,2,5,0,0,8,1,1,8,0,0,0,0,0,0,0,0,7,9,0,16,0
OKJ91CX3,1,0,0,1,0,0,0,0,0,0,0,0,1,0,0,1,0,0,1,0,0,1,0,0,0,1,1,1,0
Z2ZY3PTZ,48,9,13,33,4,7,19,1,4,13,2,1,29,8,9,20,2,6,7,2,5,3,1,0,20,37,9,57,0
X9WFZPLQ,99,21,21,72,24,3,49,11,13,32,12,3,50,10,8,40,12,0,5,0,0,4,1,0,60,60,5,120,0
M35XYDOT,25,2,17,10,0,2,13,2,10,5,0,1,12,0,7,5,0,1,7,0,4,3,0,1,15,12,7,27,0
5LWIGBR3,22,2,3,15,4,2,14,2,3,12,1,0,8,0,0,3,3,2,1,0,0,0,1,0,16,8,1,24,0
HMN7M95H,17,0,7,8,2,3,4,0,1,3,0,1,13,0,6,5,2,2,3,0,2,1,0,0,4,13,3,17,0
TLXJD9ZO,8,0,1,5,1,1,3,0,1,2,0,0,5,0,0,3,1,1,2,0,0,2,0,0,3,5,2,8,0
EYNCWAKP,127,13,27,87,14,12,29,1,5,24,1,0,98,12,22,63,13,12,53,7,11,25,12,12,30,110,60,140,0
UASKOZBG,19,2,2,18,1,0,10,1,1,10,0,0,9,1,1,8,1,0,0,0,0,0,0,0,11,10,0,21,0
8SUMUNRS,52,0,11,41,0,0,12,0,3,9,0,0,40,0,8,32,0,0,2,0,1,1,0,0,12,40,2,52,0
D4NRI5PY,4,1,0,3,2,0,2,0,0,1,1,0,2,1,0,2,1,0,1,1,0,2,0,0,2,3,2,5,0
PDOVKNGT,82,2,15,69,0,0,43,0,5,38,0,0,39,2,10,31,0,0,6,0,0,6,0,0,43,41,6,84,0
BRBWXDH7,7,1,3,5,0,0,3,1,0,4,0,0,4,0,3,1,0,0,0,0,0,0,0,0,4,4,0,8,0
HIVE6AKQ,57,1,7,48,3,0,10,1,1,9,1,0,47,0,6,39,2,0,6,0,2,4,0,0,11,47,6,58,0
ZM1FWENV,7,1,7,1,0,0,3,1,4,0,0,0,4,0,3,1,0,0,0,0,0,0,0,0,4,4,0,8,0
3HQYGLMW,8,0,4,4,0,0,1,0,0,1,0,0,7,0,4,3,0,0,1,0,1,0,0,0,1,7,1,8,0
EDIEPBTI,32,13,10,31,0,5,10,11,5,15,0,1,22,2,5,16,0,4,3,2,1,2,0,2,21,24,5,45,0
CZ5HKQ2A,9,0,2,6,0,1,4,0,0,4,0,0,5,0,2,2,0,1,1,0,0,1,0,0,4,5,1,9,0
KBBGVXXK,42,0,9,33,0,0,19,0,3,16,0,0,23,0,6,17,0,0,3,0,2,1,0,0,19,23,3,42,0
SLCRZWIM,41,3,6,38,0,0,13,2,1,14,0,0,28,1,5,24,0,0,5,0,0,5,0,0,15,29,5,44,0
IGBC6JZ5,1,0,0,1,0,0,0,0,0,0,0,0,1,0,0,1,0,0,1,0,0,1,0,0,0,1,1,1,0
HR1QDXOE,2,1,0,2,1,0,2,1,0,2,1,0,0,0,0,0,0,0,0,0,0,0,0,0,3,0,0,3,0
V6BEZFRB,31,2,4,23,4,2,8,0,0,8,0,0,23,2,4,15,4,2,5,0,1,3,1,0,8,25,5,33,0
BWRVXVQY,5,0,1,3,1,1,5,0,1,3,1,1,0,0,0,0,0,0,0,0,0,0,0,0,5,0,0,5,0
WHFG3G85,5,0,5,0,0,0,2,0,2,0,0,0,3,0,3,0,0,0,1,0,1,0,0,0,2,3,1,5,0
MJ3SZ88X,18,3,2,15,1,3,0,0,0,0,0,0,18,3,2,15,1,3,7,0,1,6,0,0,0,21,7,21,0
YVDVHCJ1,16,3,6,8,5,0,6,1,3,3,1,0,10,2,3,5,4,0,1,1,0,1,1,0,7,12,2,19,0
XPOWIFIA,9,0,1,7,1,0,0,0,0,0,0,0,9,0,1,7,1,0,8,0,1,6,1,0,0,9,8,9,0
QEPMWUGU,47,0,9,35,0,2,11,0,2,9,0,0,36,0,7,26,0,2,7,0,2,5,0,0,11,36,7,47,0
OL9HL5ET,75,11,6,65,14,2,38,8,2,39,5,0,37,3,4,26,9,2,12,0,0,9,3,0,46,40,12,86,0
AJMHZS5E,70,7,1,64,12,0,6,4,0,7,3,0,64,3,1,57,9,0,19,3,1,19,2,0,10,67,22,77,0
R5DBYIFH,84,14,1,78,19,0,31,5,0,31,5,0,53,9,1,47,14,0,9,1,0,7,3,0,36,62,10,98,0
T1LKDATT,32,1,14,15,2,6,11,1,3,5,2,2,21,0,11,10,0,4,4,0,1,3,0,1,12,21,4,33,0
NG6IIAWT,21,0,0,20,1,0,6,0,0,5,1,0,15,0,0,15,0,0,2,0,0,2,0,0,6,15,2,21,0
OL12DJPV,41,1,5,32,5,0,12,0,1,9,2,0,29,1,4,23,3,0,10,0,1,9,0,0,12,30,10,42,0
D2PV2AYR,26,5,9,20,2,0,11,5,3,11,2,0,15,0,6,9,0,0,5,0,0,5,0,0,16,15,5,31,0
PYIUZ7D3,73,16,41,44,4,2,23,8,17,13,1,1,50,8,24,31,3,1,2,0,0,2,0,0,31,58,2,89,0
8C829H1N,29,2,7,21,2,2,11,1,5,7,0,1,18,1,2,14,2,1,3,0,1,1,1,0,12,19,3,31,0
VH3TDXGB,39,1,5,35,0,0,11,1,3,9,0,0,28,0,2,26,0,0,5,0,0,5,0,0,12,28,5,40,0
SYPSFY2L,61,2,10,51,2,0,19,2,3,18,0,0,42,0,7,33,2,0,8,0,2,6,0,0,21,42,8,63,0
D6CADKGW,11,1,2,10,0,0,6,0,1,5,0,0,5,1,1,5,0,0,4,0,1,3,0,0,6,6,4,12,0
SUVVSK7Z,112,15,32,92,3,0,24,4,7,21,0,0,88,11,25,71,3,0,10,0,0,9,1,0,28,99,10,127,0
2RYKWWKB,16,8,4,14,2,2,9,3,3,7,1,1,7,5,1,7,1,1,0,1,0,1,0,0,12,12,1,24,0
PCQYD6CV,10,0,1,9,0,0,6,0,0,6,0,0,4,0,1,3,0,0,0,0,0,0,0,0,6,4,0,10,0
XMLCFEYA,42,2,15,27,2,0,9,1,4,6,0,0,33,1,11,21,2,0,5,0,0,4,1,0,10,34,5,44,0
YRLKAR3T,88,20,9,78,18,4,47,14,6,39,13,3,41,6,3,39,5,1,6,0,0,6,0,0,61,47,6,108,0
3ZOWGEKP,73,2,24,50,1,0,16,1,5,11,1,0,57,1,19,39,0,0,6,1,2,5,0,0,17,58,7,75,0
AXGFACJL,106,8,63,46,3,13,35,3,17,19,1,2,71,5,46,27,2,11,11,0,7,4,0,1,38,76,11,114,0
LEW3W6ER,63,2,25,40,0,1,6,2,5,3,0,0,57,0,20,37,0,1,10,0,3,7,0,0,8,57,10,65,0
NPAOJJGW,2,0,0,2,0,0,1,0,0,1,0,0,1,0,0,1,0,0,0,0,0,0,0,0,1,1,0,2,0
VWFOCT2I,83,22,29,59,13,4,48,15,21,33,8,1,35,7,8,26,5,3,5,0,3,1,1,0,63,42,5,105,0
IJKYDCYR,24,6,3,23,3,2,12,6,1,15,2,0,12,0,2,8,1,2,2,0,0,2,0,0,18,12,2,30,0
LA1IZBMM,15,2,1,8,8,0,6,2,0,4,4,0,9,0,1,4,4,0,0,0,0,0,0,0,8,9,0,17,0
BNKRDF78,30,8,3,26,5,4,4,3,0,3,0,4,26,5,3,23,5,0,6,0,0,5,1,0,7,31,6,38,0
4UKGOIOD,25,3,8,20,0,1,18,3,6,15,0,1,7,0,2,5,0,0,0,0,0,0,0,0,21,7,0,28,0
DC7QDZCV,29,0,8,21,0,0,6,0,1,5,0,0,23,0,7,16,0,0,8,0,2,6,0,0,6,23,8,29,0
LUFYTUCF,47,3,14,34,2,0,19,0,4,15,0,0,28,3,10,19,2,0,4,0,1,3,0,0,19,31,4,50,0
QUSSJESH,26,1,2,22,2,1,2,1,0,3,0,0,24,0,2,19,2,1,8,0,1,7,0,0,3,24,8,27,0
THYHBY7C,91,6,34,56,6,1,30,4,12,20,2,0,61,2,22,36,4,1,8,0,3,4,1,0,34,63,8,97,0
KLSTZMDT,82,6,7,59,19,3,49,2,3,31,14,3,33,4,4,28,5,0,2,1,0,1,2,0,51,37,3,88,0
IMEYXHHH,30,0,5,18,7,0,13,0,2,6,5,0,17,0,3,12,2,0,2,0,0,2,0,0,13,17,2,30,0
ZQHRJD7Z,55,11,21,43,2,0,21,4,9,14,2,0,34,7,12,29,0,0,4,0,1,3,0,0,25,41,4,66,0
6RL1DB32,39,0,5,32,2,0,17,0,2,13,2,0,22,0,3,19,0,0,5,0,2,3,0,0,17,22,5,39,0
3IABXYML,5,0,1,4,0,0,2,0,1,1,0,0,3,0,0,3,0,0,0,0,0,0,0,0,2,3,0,5,0
FSK8ONQF,184,43,12,146,69,0,64,24,4,53,31,0,120,19,8,93,38,0,23,5,0,22,6,0,88,139,28,227,0
ASJXQAQS,11,1,11,1,0,0,4,1,4,1,0,0,7,0,7,0,0,0,0,0,0,0,0,0,5,7,0,12,0
CIIRUYCJ,1,0,0,1,0,0,0,0,0,0,0,0,1,0,0,1,0,0,0,0,0,0,0,0,0,1,0,1,0
JHZICYDB,24,8,6,23,2,1,6,2,2,5,1,0,18,6,4,18,1,1,7,0,2,4,1,0,8,24,7,32,0
MBMTHFLH,89,5,21,62,11,0,24,1,8,17,0,0,65,4,13,45,11,0,6,1,2,5,0,0,25,69,7,94,0
MEO1AQKT,55,19,6,59,9,0,28,11,5,27,7,0,27,8,1,32,2,0,0,0,0,0,0,0,39,35,0,74,0
KYWNM8RS,10,0,1,9,0,0,2,0,0,2,0,0,8,0,1,7,0,0,2,0,0,2,0,0,2,8,2,10,0
D4KRPLI2,11,0,1,9,1,0,6,0,0,5,1,0,5,0,1,4,0,0,0,0,0,0,0,0,6,5,0,11,0
SMMLACBN,2,0,0,2,0,0,0,0,0,0,0,0,2,0,0,2,0,0,0,0,0,0,0,0,0,2,0,2,0
AGCIN8HF,4,1,1,4,0,0,0,0,0,0,0,0,4,1,1,4,0,0,0,0,0,0,0,0,0,5,0,5,0
KWWM8C1W,22,3,2,21,2,0,5,2,0,6,1,0,17,1,2,15,1,0,5,1,1,5,0,0,7,18,6,25,0
KC2XWRY9,1,0,1,0,0,0,0,0,0,0,0,0,1,0,1,0,0,0,0,0,0,0,0,0,0,1,0,1,0
M5UKWPNE,6,2,2,5,1,0,0,0,0,0,0,0,6,2,2,5,1,0,2,1,0,3,0,0,0,8,3,8,0
2BWXZCVD,11,1,2,10,0,0,3,0,1,2,0,0,8,1,1,8,0,0,0,0,0,0,0,0,3,9,0,12,0
E7UTZKZS,12,4,4,10,2,0,4,3,1,5,1,0,8,1,3,5,1,0,0,0,0,0,0,0,7,9,0,16,0
I4VE8FCP,140,18,38,99,20,1,52,13,13,42,10,0,88,5,25,57,10,1,12,0,6,5,1,0,65,93,12,158,0
9CVTLYED,106,8,11,83,17,3,39,7,4,27,13,2,67,1,7,56,4,1,13,0,3,10,0,0,46,68,13,114,0
W5UOESVF,2,0,0,2,0,0,1,0,0,1,0,0,1,0,0,1,0,0,0,0,0,0,0,0,1,1,0,2,0
66YZUSKU,17,0,3,13,1,0,3,0,0,3,0,0,14,0,3,10,1,0,2,0,0,2,0,0,3,14,2,17,0
SSLEMLRG,181,15,52,130,11,4,73,5,19,51,5,3,108,10,33,79,6,1,17,0,5,10,2,0,78,118,17,196,0
JMEH5X2Y,7,8,0,15,0,0,4,2,0,6,0,0,3,6,0,9,0,0,3,0,0,3,0,0,6,9,3,15,0
NZWUAGDU,26,7,9,23,1,0,9,4,2,11,0,0,17,3,7,12,1,0,2,0,1,1,0,0,13,20,2,33,0
WQG3H6IE,39,0,25,14,0,0,4,0,2,2,0,0,35,0,23,12,0,0,11,0,6,5,0,0,4,35,11,39,0
CMVXNJNS,16,3,2,15,2,0,5,0,0,5,0,0,11,3,2,10,2,0,0,0,0,0,0,0,5,14,0,19,0
6ZDADHVC,95,12,19,62,22,4,29,5,3,14,13,4,66,7,16,48,9,0,14,0,0,13,1,0,34,73,14,107,0
7SERIUYP,6,0,1,5,0,0,2,0,0,2,0,0,4,0,1,3,0,0,1,0,0,1,0,0,2,4,1,6,0
XV1SBCUB,13,3,3,10,2,1,2,1,1,2,0,0,11,2,2,8,2,1,4,0,1,3,0,0,3,13,4,16,0
ZY7ZEXLB,7,12,2,6,1,9,4,6,1,4,0,4,3,6,1,2,1,5,1,0,0,1,0,0,10,9,1,19,0
JQUPIWTA,32,1,8,25,0,0,21,1,7,15,0,0,11,0,1,10,0,0,0,0,0,0,0,0,22,11,0,33,0
MQHBTTPL,4,0,0,4,0,0,3,0,0,3,0,0,1,0,0,1,0,0,1,0,0,1,0,0,3,1,1,4,0
73DY6XUH,13,0,4,5,4,0,8,0,2,2,4,0,5,0,2,3,0,0,3,0,0,3,0,0,8,5,3,13,0
UIWAQMKB,131,15,17,101,24,5,45,7,4,37,7,4,86,8,13,64,17,1,0,0,0,0,0,0,52,94,0,146,0
VVNC52PW,87,17,24,63,13,4,45,14,15,32,8,4,42,3,9,31,5,0,3,0,1,2,0,0,59,45,3,104,0
DZTNB6ZT,131,10,42,82,17,2,31,5,7,23,6,1,100,5,35,59,11,1,23,2,8,15,2,0,36,105,25,141,0
JJFRLGTM,5,0,0,5,0,0,0,0,0,0,0,0,5,0,0,5,0,0,0,0,0,0,0,0,0,5,0,5,0
K8QK5IXT,6,1,3,3,0,0,2,0,2,0,0,0,4,1,1,3,0,0,0,0,0,0,0,0,2,5,0,7,0
YGSXS5II,46,4,22,23,0,6,10,3,5,5,0,3,36,1,17,18,0,3,6,1,1,6,0,0,13,37,7,50,0
KBNP1NUZ,9,1,6,4,0,0,2,0,0,2,0,0,7,1,6,2,0,0,3,0,2,1,0,0,2,8,3,10,0
JMDZDOTZ,26,2,3,25,0,0,5,2,0,7,0,0,21,0,3,18,0,0,6,0,1,5,0,0,7,21,6,28,0
HMQWBG5U,42,4,5,35,6,0,18,1,4,11,4,0,24,3,1,24,2,0,0,0,0,0,0,0,19,27,0,46,0
UKYDIYIX,17,1,3,15,0,0,8,1,1,8,0,0,9,0,2,7,0,0,3,0,1,2,0,0,9,9,3,18,0
9CKKIFBV,26,1,1,23,3,0,18,1,0,16,3,0,8,0,1,7,0,0,5,0,0,5,0,0,19,8,5,27,0
JKB8HLS5,53,10,8,42,13,0,20,3,3,14,6,0,33,7,5,28,7,0,2,0,0,2,0,0,23,40,2,63,0
OA34ZB6F,19,0,5,14,0,0,5,0,1,4,0,0,14,0,4,10,0,0,2,0,0,2,0,0,5,14,2,19,0
UPJSJTWU,9,0,4,5,0,0,4,0,2,2,0,0,5,0,2,3,0,0,0,0,0,0,0,0,4,5,0,9,1
8UCHB3ZT,27,1,5,21,2,0,4,1,0,5,0,0,23,0,5,16,2,0,7,0,1,4,2,0,5,23,7,28,0
BCV5PYFH,67,8,24,48,3,0,18,5,8,13,2,0,49,3,16,35,1,0,12,0,3,9,0,0,23,52,12,75,0
7OBBECEO,18,1,8,11,0,0,6,0,3,3,0,0,12,1,5,8,0,0,3,1,1,3,0,0,6,13,4,19,0
WGDTWNKU,19,1,6,13,1,0,13,1,5,8,1,0,6,0,1,5,0,0,0,0,0,0,0,0,14,6,0,20,0
2HLERBXL,41,4,11,32,2,0,16,1,7,9,1,0,25,3,4,23,1,0,1,0,0,1,0,0,17,28,1,45,0
CVXBKHWH,118,3,11,73,31,6,26,0,0,17,8,1,92,3,11,56,23,5,8,0,2,6,0,0,26,95,8,121,0
ED1BLLUC,39,2,7,31,3,0,10,0,4,6,0,0,29,2,3,25,3,0,10,0,0,7,3,0,10,31,10,41,1
RELADIJH,4,0,0,4,0,0,0,0,0,0,0,0,4,0,0,4,0,0,4,0,0,4,0,0,0,4,4,4,0
TTCUFJE2,11,1,1,10,1,0,8,1,1,7,1,0,3,0,0,3,0,0,0,0,0,0,0,0,9,3,0,12,0
G6XIFLDM,3,0,0,0,2,1,0,0,0,0,0,0,3,0,0,0,2,1,0,0,0,0,0,0,0,3,0,3,0
UUPU5DQB,39,2,14,27,0,0,13,2,5,10,0,0,26,0,9,17,0,0,3,0,2,1,0,0,15,26,3,41,0
AKLLN2G3,13,0,4,9,0,1,6,0,2,4,0,1,7,0,2,5,0,0,0,0,0,0,0,0,6,7,0,13,0
UGKUVAJI,27,7,2,29,3,0,5,5,0,8,2,0,22,2,2,21,1,0,3,0,0,3,0,0,10,24,3,34,0
QJKLUXUQ,4,0,0,2,2,0,2,0,0,0,2,0,2,0,0,2,0,0,0,0,0,0,0,0,2,2,0,4,0
KBRFHJGG,154,40,14,155,21,4,71,24,2,77,12,4,83,16,12,78,9,0,21,2,2,21,0,0,95,99,23,194,0
CVICUDZM,31,1,2,29,1,0,10,1,0,11,0,0,21,0,2,18,1,0,4,0,0,4,0,0,11,21,4,32,0
GA4HCSET,20,0,0,19,1,0,7,0,0,6,1,0,13,0,0,13,0,0,2,0,0,2,0,0,7,13,2,20,0
KR6EHKZF,46,4,9,38,3,0,17,4,8,10,3,0,29,0,1,28,0,0,2,0,0,2,0,0,21,29,2,50,0
DXV7RALB,67,9,10,59,7,0,25,8,4,23,6,0,42,1,6,36,1,0,7,0,3,4,0,0,33,43,7,76,0
YTVMFVI6,2,1,1,2,0,0,0,0,0,0,0,0,2,1,1,2,0,0,0,0,0,0,0,0,0,3,0,3,0
ONFBGZNO,17,3,1,19,0,0,11,2,1,12,0,0,6,1,0,7,0,0,0,0,0,0,0,0,13,7,0,20,0
IRJRDP3K,53,3,17,35,4,2,32,0,11,21,0,1,21,3,6,14,4,1,1,0,1,0,0,0,32,24,1,56,0
ZSIHQ5CC,3,2,1,4,0,0,1,2,1,2,0,0,2,0,0,2,0,0,1,0,0,1,0,0,3,2,1,5,0
3X7NBGTO,17,0,2,15,0,0,8,0,2,6,0,0,9,0,0,9,0,0,0,0,0,0,0,0,8,9,0,17,0
DV6UPMX1,2,0,0,2,0,0,1,0,0,1,0,0,1,0,0,1,0,0,1,0,0,1,0,0,1,1,1,2,0
J88BSMNG,29,9,2,11,15,10,18,0,0,1,8,9,11,9,2,10,7,1,1,9,2,6,2,0,18,20,10,38,0
AUNPEQI6,17,1,5,13,0,0,3,0,1,2,0,0,14,1,4,11,0,0,3,0,3,0,0,0,3,15,3,18,0
KYFVNWHF,5,1,2,3,1,0,1,0,1,0,0,0,4,1,1,3,1,0,0,0,0,0,0,0,1,5,0,6,0
BPS7TQKL,5,0,2,3,0,0,3,0,1,2,0,0,2,0,1,1,0,0,0,0,0,0,0,0,3,2,0,5,0
UL6GHFQ9,7,1,3,3,2,0,4,0,0,3,1,0,3,1,3,0,1,0,0,0,0,0,0,0,4,4,0,8,0
CQK4ZMHC,69,4,9,61,3,0,28,1,1,28,0,0,41,3,8,33,3,0,3,0,1,2,0,0,29,44,3,73,0
FNNAPEEO,2,3,2,3,0,0,2,0,2,0,0,0,0,3,0,3,0,0,0,1,0,1,0,0,2,3,1,5,0
MV3N6CBC,5,5,3,4,3,0,5,4,3,3,3,0,0,1,0,1,0,0,0,0,0,0,0,0,9,1,0,10,0
S9YMMGIA,16,2,5,13,0,2,6,0,1,5,0,0,10,2,4,8,0,2,3,0,0,3,0,0,6,12,3,18,0
EDVEWQT8,19,0,3,16,0,0,13,0,2,11,0,0,6,0,1,5,0,0,2,0,0,2,0,0,13,6,2,19,0
K6KDKJLV,21,1,8,12,2,0,0,0,0,0,0,0,21,1,8,12,2,0,21,0,7,12,2,0,0,22,21,22,0
RVTGOL81,8,2,1,9,0,0,5,1,1,5,0,0,3,1,0,4,0,0,2,0,0,2,0,0,6,4,2,10,0
ZBZBEHL1,3,2,0,5,0,0,2,2,0,4,0,0,1,0,0,1,0,0,0,0,0,0,0,0,4,1,0,5,0
VJVAQWHT,5,5,1,7,2,0,3,5,1,5,2,0,2,0,0,2,0,0,0,0,0,0,0,0,8,2,0,10,0
PLQCP79I,24,0,8,15,1,0,8,0,1,6,1,0,16,0,7,9,0,0,5,0,2,3,0,0,8,16,5,24,0
IOGT7ARV,18,0,9,8,1,0,3,0,1,2,0,0,15,0,8,6,1,0,1,0,0,0,1,0,3,15,1,18,0
XOWF5KBZ,8,2,0,10,0,0,2,0,0,2,0,0,6,2,0,8,0,0,1,2,0,3,0,0,2,8,3,10,0
FFMPHO9O,27,9,8,26,0,4,14,0,3,9,0,2,13,9,5,17,0,2,0,0,0,0,0,0,14,22,0,36,0
CXMOC3BC,84,1,9,53,9,14,28,1,2,14,5,8,56,0,7,39,4,6,4,0,3,1,0,0,29,56,4,85,0
45NEDZWE,11,0,1,8,2,0,3,0,0,1,2,0,8,0,1,7,0,0,3,0,0,3,0,0,3,8,3,11,0
WO5TUK2B,9,1,1,8,1,0,7,1,1,6,1,0,2,0,0,2,0,0,0,0,0,0,0,0,8,2,0,10,0
ZYEWWLEC,47,0,8,39,0,0,11,0,0,11,0,0,36,0,8,28,0,0,10,0,3,7,0,0,11,36,10,47,0
RC6NEDT3,54,3,16,41,0,0,9,1,2,8,0,0,45,2,14,33,0,0,6,0,3,3,0,0,10,47,6,57,0
HXGT3DOF,19,0,4,15,0,0,7,0,1,6,0,0,12,0,3,9,0,0,3,0,1,2,0,0,7,12,3,19,0
4K9HTVXI,18,2,4,12,1,2,4,1,1,2,1,1,14,1,3,10,0,1,3,0,1,2,0,0,5,15,3,20,0
8VMZGPJJ,4,0,0,3,0,0,3,0,0,3,0,0,1,0,0,0,0,0,1,0,0,0,0,0,3,1,1,4,0
RJETWBB3,13,0,8,5,0,0,5,0,5,0,0,0,8,0,3,5,0,0,3,0,1,2,0,0,5,8,3,13,0
DVV9VJQG,11,1,4,8,0,0,2,0,1,1,0,0,9,1,3,7,0,0,2,0,1,1,0,0,2,10,2,12,0
Y6SPGHJR,15,0,3,12,0,0,7,0,3,4,0,0,8,0,0,8,0,0,0,0,0,0,0,0,7,8,0,15,0
BVCHHG3V,2,0,0,2,0,0,0,0,0,0,0,0,2,0,0,2,0,0,2,0,0,2,0,0,0,2,2,2,0
XYROZH2L,49,4,2,47,4,0,11,1,1,10,1,0,38,3,1,37,3,0,3,0,0,3,0,0,12,41,3,53,0
BJGNLLCD,20,0,2,18,0,0,13,0,2,11,0,0,7,0,0,7,0,0,0,0,0,0,0,0,13,7,0,20,0
WMKMXCAK,9,1,4,6,0,0,3,0,2,1,0,0,6,1,2,5,0,0,0,0,0,0,0,0,3,7,0,10,0
ZVHDYB2C,113,15,31,88,8,3,37,7,18,25,1,2,76,8,13,63,7,1,9,0,3,6,0,0,44,84,9,128,0
CFXBI4L3,43,8,13,29,9,0,30,3,12,19,2,0,13,5,1,10,7,0,5,0,0,2,3,0,33,18,5,51,0
IPDZFEKJ,2,0,2,0,0,1,0,0,0,0,0,0,2,0,2,0,0,1,2,0,2,0,0,1,0,2,2,2,0
BLRNENDJ,77,7,30,54,0,1,24,4,9,19,0,0,53,3,21,35,0,1,15,2,7,10,0,1,28,56,17,84,0
NO9L5IUL,27,1,5,20,3,1,8,1,1,7,1,0,19,0,4,13,2,1,4,0,2,1,1,1,9,19,4,28,0
JFDVP7RA,9,0,1,8,0,0,5,0,1,4,0,0,4,0,0,4,0,0,1,0,0,1,0,0,5,4,1,9,0
UCNI6I3L,2,0,0,2,0,0,1,0,0,1,0,0,1,0,0,1,0,0,0,0,0,0,0,0,1,1,0,2,0
HZF8TTGU,29,0,7,22,0,0,6,0,0,6,0,0,23,0,7,16,0,0,6,0,2,4,0,0,6,23,6,29,0
MQFIQZRM,48,10,9,41,8,0,16,3,2,12,5,0,32,7,7,29,3,0,12,1,5,8,0,0,19,39,13,58,0
3DEOYQGC,11,0,1,10,0,0,1,0,0,1,0,0,10,0,1,9,0,0,0,0,0,0,0,0,1,10,0,11,0
G3VVXCFZ,138,11,42,93,12,4,48,2,13,29,6,2,90,9,29,64,6,2,11,0,2,8,1,0,50,99,11,149,0
EZROICK6,28,0,5,23,0,0,4,0,1,3,0,0,24,0,4,20,0,0,3,0,1,2,0,0,4,24,3,28,0
5HF2TIS1,21,0,2,19,0,0,12,0,1,11,0,0,9,0,1,8,0,0,2,0,0,2,0,0,12,9,2,21,0
JQDCYQ5F,22,0,9,13,0,0,4,0,1,3,0,0,18,0,8,10,0,0,2,0,2,0,0,0,4,18,2,22,0
HPEF7NAS,55,2,10,41,3,3,13,1,1,11,0,2,42,1,9,30,3,1,4,0,0,4,0,0,14,43,4,57,0
LI5OCVUS,182,11,26,150,17,0,66,8,15,53,6,0,116,3,11,97,11,0,30,1,0,27,4,0,74,119,31,193,0
TDRT9GCZ,28,3,10,21,0,0,6,2,4,4,0,0,22,1,6,17,0,0,3,0,2,1,0,0,8,23,3,31,0
QYKMEPR8,35,0,8,27,0,0,10,0,1,9,0,0,25,0,7,18,0,0,1,0,0,1,0,0,10,25,1,35,0
GUMDCRBN,48,4,17,32,3,1,11,1,4,7,1,0,37,3,13,25,2,1,30,3,11,20,2,1,12,40,33,52,0
ZJEWAYUL,10,0,0,10,0,0,0,0,0,0,0,0,10,0,0,10,0,0,1,0,0,1,0,0,0,10,1,10,0
FLNE7CVG,64,7,14,55,2,0,8,2,2,8,0,0,56,5,12,47,2,0,5,0,1,4,0,0,10,61,5,71,0
CLGKOFHT,64,7,25,42,4,0,14,0,10,3,1,0,50,7,15,39,3,0,14,2,6,9,1,0,14,57,16,71,0
Z1KGESMH,26,9,6,25,4,0,4,5,0,9,0,0,22,4,6,16,4,0,0,0,0,0,0,0,9,26,0,35,0
2YJEW3GC,65,5,12,46,12,1,25,0,3,20,2,0,40,5,9,26,10,1,6,1,4,3,0,0,25,45,7,70,0
7CPDWNRX,13,9,3,11,8,0,1,0,0,1,0,0,12,9,3,10,8,0,2,3,1,2,2,0,1,21,5,22,0
T44PWIMZ,88,21,45,52,12,1,21,8,11,15,3,0,67,13,34,37,9,1,10,1,6,4,1,0,29,80,11,109,0
Y2KKGM7J,55,2,4,53,0,0,10,2,1,11,0,0,45,0,3,42,0,0,0,0,0,0,0,0,12,45,0,57,0
CEMKJJNX,68,11,25,44,10,1,26,7,11,17,5,1,42,4,14,27,5,0,1,0,1,0,0,0,33,46,1,79,0
XUP1NBUY,33,4,6,22,6,3,18,2,4,10,4,2,15,2,2,12,2,1,0,0,0,0,0,0,20,17,0,37,0
OKQ9JFTR,64,3,14,53,0,0,25,2,7,20,0,0,39,1,7,33,0,0,7,0,0,7,0,0,27,40,7,67,0
4DXMWER6,126,24,33,83,32,2,55,10,15,31,17,2,71,14,18,52,15,0,12,3,1,11,3,0,65,85,15,150,0
XOEHHXKM,71,16,17,65,5,0,15,3,4,13,1,0,56,13,13,52,4,0,10,1,2,9,0,0,18,69,11,87,0
NUEFLZPH,36,0,8,28,0,1,6,0,1,5,0,0,30,0,7,23,0,1,4,0,0,4,0,0,6,30,4,36,0
DQW3KB8O,16,4,5,15,0,0,8,4,4,8,0,0,8,0,1,7,0,0,0,0,0,0,0,0,12,8,0,20,0
N5CHZJZJ,11,4,1,11,3,0,3,2,1,2,2,0,8,2,0,9,1,0,2,0,0,2,0,0,5,10,2,15,0
CNXJ63HO,54,12,15,41,10,0,38,12,10,30,10,0,16,0,5,11,0,0,5,0,0,5,0,0,50,16,5,66,0
LSXDJCBB,67,13,9,64,7,0,20,9,4,25,0,0,47,4,5,39,7,0,8,3,1,8,2,0,29,51,11,80,0
URBR4SRH,30,4,3,29,2,0,5,2,0,6,1,0,25,2,3,23,1,0,6,0,1,5,0,0,7,27,6,34,0
QYEH7YR8,17,0,9,8,0,1,6,0,2,4,0,1,11,0,7,4,0,0,0,0,0,0,0,0,6,11,0,17,0
IMRIUEW4,107,10,33,79,5,3,37,10,13,30,4,3,70,0,20,49,1,0,5,0,1,4,0,0,47,70,5,117,0
KDWXSBND,26,11,3,24,10,0,18,8,3,15,8,0,8,3,0,9,2,0,3,1,0,3,1,0,26,11,4,37,0
YDD2FBYW,28,1,10,19,0,0,10,0,3,7,0,0,18,1,7,12,0,0,4,0,2,2,0,0,10,19,4,29,0
P3BMVFGC,6,0,2,3,1,0,5,0,2,2,1,0,1,0,0,1,0,0,0,0,0,0,0,0,5,1,0,6,0
ZOHQKCH6,22,1,3,19,1,0,4,0,0,4,0,0,18,1,3,15,1,0,1,0,0,1,0,0,4,19,1,23,0
PG4THESE,22,0,9,13,0,0,6,0,1,5,0,0,16,0,8,8,0,0,2,0,0,2,0,0,6,16,2,22,0
PHHO9SCG,21,0,7,14,0,0,2,0,2,0,0,0,19,0,5,14,0,0,4,0,1,3,0,0,2,19,4,21,0
LVXDPHL6,39,0,12,27,0,0,8,0,3,5,0,0,31,0,9,22,0,0,6,0,1,5,0,0,8,31,6,39,0
VK3MOWSJ,52,2,11,43,0,0,12,0,5,7,0,0,40,2,6,36,0,0,7,0,2,5,0,0,12,42,7,54,0
BGJMF2YW,62,8,15,48,6,1,33,4,7,26,4,0,29,4,8,22,2,1,0,0,0,0,0,0,37,33,0,70,0
V5BS9RBT,102,16,13,81,23,1,28,7,2,26,7,0,74,9,11,55,16,1,19,2,4,15,1,1,35,83,21,118,0
3SXHR9N1,167,36,36,120,44,3,62,21,11,43,26,3,105,15,25,77,18,0,18,1,6,12,1,0,83,120,19,203,0
E6BAVUAL,81,1,20,59,3,0,28,1,9,19,1,0,53,0,11,40,2,0,6,0,0,6,0,0,29,53,6,82,0
UEJQEPWL,40,4,3,37,2,2,12,4,1,11,2,2,28,0,2,26,0,0,0,0,0,0,0,0,16,28,0,44,0
CIYCARYH,31,5,5,28,3,0,13,3,2,11,3,0,18,2,3,17,0,0,3,0,0,3,0,0,16,20,3,36,0
HVHO9KQK,11,0,3,7,1,0,3,0,1,2,0,0,8,0,2,5,1,0,0,0,0,0,0,0,3,8,0,11,0
FYJEOCC9,14,0,5,9,0,0,2,0,0,2,0,0,12,0,5,7,0,0,2,0,0,2,0,0,2,12,2,14,0
8MJBAA1T,147,20,31,108,21,7,44,10,17,30,7,0,103,10,14,78,14,7,20,1,1,13,4,3,54,113,21,167,0
B4PGOXNP,19,1,6,14,0,0,6,0,2,4,0,0,13,1,4,10,0,0,0,0,0,0,0,0,6,14,0,20,0
XAKK3V8S,57,9,13,48,2,3,18,1,5,11,2,1,39,8,8,37,0,2,7,4,2,9,0,0,19,47,11,66,0
RIK7PEQW,35,0,10,19,4,2,21,0,5,10,4,2,14,0,5,9,0,0,0,0,0,0,0,0,21,14,0,35,0
CIQOJEAM,71,3,23,50,1,1,19,3,8,14,0,1,52,0,15,36,1,0,10,0,1,9,0,0,22,52,10,74,0
JHXU2S6Q,43,1,7,37,0,2,9,1,2,8,0,0,34,0,5,29,0,2,0,0,0,0,0,0,10,34,0,44,0
CTFD7ANG,27,6,3,3,11,16,10,0,1,2,4,3,17,6,2,1,7,13,12,2,2,1,5,6,10,23,14,33,0
PR2TYCIR,91,3,16,68,10,0,19,2,6,15,0,0,72,1,10,53,10,0,15,0,0,15,0,0,21,73,15,94,1
K9EF9U58,78,13,27,61,2,2,28,7,13,20,1,2,50,6,14,41,1,0,7,0,2,5,0,0,35,56,7,91,0
NTTJAINL,19,0,0,19,0,0,1,0,0,1,0,0,18,0,0,18,0,0,5,0,0,5,0,0,1,18,5,19,0
MFM94BPY,23,0,6,14,1,0,2,0,0,0,1,0,21,0,6,14,0,0,3,0,2,1,0,0,2,21,3,23,0
NU5FAC6V,99,12,2,94,3,12,30,4,0,28,1,5,69,8,2,66,2,7,18,7,1,22,2,0,34,77,25,111,0
ARB6QT9N,75,6,17,47,16,1,15,1,2,9,5,0,60,5,15,38,11,1,12,0,5,6,1,0,16,65,12,81,0
9OTB4KP5,25,4,7,18,4,0,3,4,1,5,1,0,22,0,6,13,3,0,2,0,1,1,0,0,7,22,2,29,0
OQM27GHJ,10,1,5,6,0,0,4,1,3,2,0,0,6,0,2,4,0,0,0,0,0,0,0,0,5,6,0,11,0
6FRTBB4A,68,7,21,45,9,1,30,4,5,24,5,0,38,3,16,21,4,1,3,0,1,2,0,0,34,41,3,75,0
FGFALNMX,2,1,0,3,0,0,0,1,0,1,0,0,2,0,0,2,0,0,0,0,0,0,0,0,1,2,0,3,0
JUEG5IZC,106,10,24,83,9,2,29,0,4,23,2,2,77,10,20,60,7,0,16,0,3,12,1,0,29,87,16,116,0
WA13LG5Y,37,4,14,27,0,0,9,0,4,5,0,0,28,4,10,22,0,0,4,0,0,4,0,0,9,32,4,41,0
2QIZOFFM,4,0,0,4,0,0,4,0,0,4,0,0,0,0,0,0,0,0,0,0,0,0,0,0,4,0,0,4,0
NJL6EYTT,4,0,1,3,0,0,1,0,1,0,0,0,3,0,0,3,0,0,0,0,0,0,0,0,1,3,0,4,0
UHM7NTMR,10,3,2,10,1,0,5,1,2,4,0,0,5,2,0,6,1,0,1,0,0,0,1,0,6,7,1,13,0
Z7S7FDF7,10,5,6,9,0,0,4,3,4,3,0,0,6,2,2,6,0,0,4,0,1,3,0,0,7,8,4,15,0
2KSYELVO,8,2,0,9,1,0,3,2,0,4,1,0,5,0,0,5,0,0,1,0,0,1,0,0,5,5,1,10,0
EYMCC8JY,52,0,6,39,4,2,12,0,3,7,0,1,40,0,3,32,4,1,6,0,0,6,0,0,12,40,6,52,0
ADMHYCTM,12,1,2,11,0,0,7,0,2,5,0,0,5,1,0,6,0,0,1,0,0,1,0,0,7,6,1,13,0
SN7U3IG8,43,5,9,34,1,4,14,1,2,9,0,4,29,4,7,25,1,0,12,0,3,9,0,0,15,33,12,48,0
REPFIJYR,23,1,9,14,1,0,10,0,4,6,0,0,13,1,5,8,1,0,2,0,1,1,0,0,10,14,2,24,0
WP9LEOWZ,63,3,11,54,1,2,15,1,5,10,1,0,48,2,6,44,0,2,11,2,3,10,0,2,16,50,13,66,0
E2HWGNFT,41,0,5,32,4,0,12,0,3,9,0,0,29,0,2,23,4,0,7,0,0,6,1,0,12,29,7,41,0
JJNAFDOQ,1,2,2,1,0,0,0,1,0,1,0,0,1,1,2,0,0,0,0,0,0,0,0,0,1,2,0,3,0
VFMKBD9G,11,4,2,13,0,0,9,0,2,7,0,0,2,4,0,6,0,0,1,0,0,1,0,0,9,6,1,15,0
M6T9V8MU,14,4,1,16,0,1,6,0,0,6,0,0,8,4,1,10,0,1,3,0,0,3,0,0,6,12,3,18,0
YIHMW3TY,61,0,7,50,4,0,15,0,3,12,0,0,46,0,4,38,4,0,16,0,0,14,2,0,15,46,16,61,0
YINNINFO,151,17,20,105,40,4,47,7,11,31,12,0,104,10,9,74,28,4,15,0,3,10,2,0,54,114,15,168,0
ITBOZXUY,17,6,4,16,3,0,6,0,0,6,0,0,11,6,4,10,3,0,0,0,0,0,0,0,6,17,0,23,0
7U594QTQ,46,7,4,44,5,0,11,2,2,11,0,0,35,5,2,33,5,0,6,0,1,4,1,0,13,40,6,53,0
HH4ANQLE,14,8,2,16,4,0,6,3,1,7,1,0,8,5,1,9,3,0,4,2,1,5,0,0,9,13,6,22,0
XNGZZMLH,90,18,12,43,18,36,33,6,4,17,6,12,57,12,8,26,12,24,15,0,4,7,1,3,39,69,15,108,0
ABOV7GL4,101,25,29,74,20,3,27,3,6,13,8,3,74,22,23,61,12,0,15,7,4,17,1,0,30,96,22,126,0
KFCRM8FX,14,0,4,10,0,0,6,0,0,6,0,0,8,0,4,4,0,0,1,0,0,1,0,0,6,8,1,14,0
ZPEX2JPO,54,2,4,52,0,0,24,2,3,23,0,0,30,0,1,29,0,0,10,0,0,10,0,0,26,30,10,56,1
LNCTKW2M,1,2,0,3,0,0,0,1,0,1,0,0,1,1,0,2,0,0,0,0,0,0,0,0,1,2,0,3,0
DN4JGH92,53,5,7,47,4,0,8,2,1,9,0,0,45,3,6,38,4,0,5,0,0,5,0,0,10,48,5,58,0
ZU8IGYOM,54,1,25,30,0,0,14,1,4,11,0,0,40,0,21,19,0,0,5,0,4,1,0,0,15,40,5,55,0
XBXKHEGU,5,0,3,2,0,0,3,0,2,1,0,0,2,0,1,1,0,0,0,0,0,0,0,0,3,2,0,5,0
MDKTV7KQ,8,0,5,3,0,0,2,0,2,0,0,0,6,0,3,3,0,0,2,0,0,2,0,0,2,6,2,8,0
PG8BMMDE,65,0,20,45,0,1,16,0,2,14,0,0,49,0,18,31,0,1,9,0,5,4,0,0,16,49,9,65,0
I3OJ6DI7,23,7,3,24,3,0,15,1,0,13,3,0,8,6,3,11,0,0,2,1,1,2,0,0,16,14,3,30,0
WPKLZI4N,9,3,3,9,0,0,4,1,1,4,0,0,5,2,2,5,0,0,3,0,0,3,0,0,5,7,3,12,0
TBQLVBMA,9,9,1,15,2,0,1,1,1,1,0,0,8,8,0,14,2,0,6,4,0,8,2,0,2,16,10,18,0
JKJKCWIW,5,1,0,6,0,0,3,1,0,4,0,0,2,0,0,2,0,0,2,0,0,2,0,0,4,2,2,6,0
JOHZIM3U,21,14,10,24,1,0,9,2,5,6,0,0,12,12,5,18,1,0,4,1,0,4,1,0,11,24,5,35,0
TMZ3QLGR,21,2,0,21,2,0,5,2,0,6,1,0,16,0,0,15,1,0,2,0,0,2,0,0,7,16,2,23,0
37ID8VQU,27,0,1,22,4,0,13,0,0,12,1,0,14,0,1,10,3,0,0,0,0,0,0,0,13,14,0,27,0
XKNWDDDK,17,6,2,16,5,0,7,1,1,6,1,0,10,5,1,10,4,0,0,3,0,3,0,0,8,15,3,23,0
FBNI3ZJ2,124,21,25,102,18,0,72,20,17,61,14,0,52,1,8,41,4,0,7,0,1,6,0,0,92,53,7,145,0
O7RRNCGK,27,0,14,13,0,1,5,0,2,3,0,1,22,0,12,10,0,0,5,0,4,1,0,0,5,22,5,27,0
RMF1CO2T,19,6,6,16,1,2,3,1,1,3,0,0,16,5,5,13,1,2,8,5,2,8,1,2,4,21,13,25,0
BAYUQP4L,70,3,18,55,0,1,29,2,8,23,0,0,41,1,10,32,0,1,5,0,2,3,0,0,31,42,5,73,0
S9Y6YMN9,3,0,2,0,0,1,0,0,0,0,0,0,3,0,2,0,0,1,2,0,2,0,0,1,0,3,2,3,0
RHMWINYZ,5,7,2,10,0,0,2,5,0,7,0,0,3,2,2,3,0,0,1,0,0,1,0,0,7,5,1,12,0
CFGZQUTH,12,10,4,1,1,17,4,0,0,0,0,4,8,10,4,1,1,13,7,10,4,0,1,13,4,18,17,22,0
COS4ASZT,11,0,3,8,0,0,3,0,0,3,0,0,8,0,3,5,0,0,1,0,0,1,0,0,3,8,1,11,0
DVEBJKQ1,1,0,1,0,0,0,0,0,0,0,0,0,1,0,1,0,0,0,1,0,1,0,0,0,0,1,1,1,0
TZLVJ4WP,6,2,1,7,0,0,2,0,0,2,0,0,4,2,1,5,0,0,1,0,0,1,0,0,2,6,1,8,0
NSOKQZGW,27,1,7,20,1,0,3,0,2,0,1,0,24,1,5,20,0,0,5,0,1,4,0,0,3,25,5,28,0
5AADCALE,33,1,14,20,0,1,18,0,11,7,0,1,15,1,3,13,0,0,0,0,0,0,0,0,18,16,0,34,0
VHLJVULN,6,3,3,5,1,0,2,1,2,0,1,0,4,2,1,5,0,0,0,0,0,0,0,0,3,6,0,9,0
D3ZWVGID,164,42,23,87,69,28,49,6,5,16,19,15,115,36,18,71,50,13,23,6,1,16,7,5,55,151,29,206,0
H4S6MJFM,62,2,25,30,8,1,28,2,8,13,8,1,34,0,17,17,0,0,3,0,0,3,0,0,30,34,3,64,0
NVX6UI7M,15,1,6,7,3,0,11,1,5,4,3,0,4,0,1,3,0,0,1,0,0,1,0,0,12,4,1,16,0
61MGCLWN,46,6,17,32,3,0,38,6,17,24,3,0,8,0,0,8,0,0,7,0,0,7,0,0,44,8,7,52,0
NPIKGML8,12,2,0,10,3,1,6,1,0,7,0,0,6,1,0,3,3,1,3,0,0,0,3,0,7,7,3,14,0
XV7AWKAS,32,5,9,14,8,6,14,4,6,8,2,2,18,1,3,6,6,4,2,0,0,1,1,0,18,19,2,37,0
G19JPMRA,8,1,1,8,0,0,5,1,1,5,0,0,3,0,0,3,0,0,0,0,0,0,0,0,6,3,0,9,0
FOQSVUZC,34,3,1,28,4,4,17,3,0,15,1,4,17,0,1,13,3,0,5,0,1,3,1,0,20,17,5,37,0
TNUD8EP7,1,0,0,1,0,0,1,0,0,1,0,0,0,0,0,0,0,0,0,0,0,0,0,0,1,0,0,1,1
KEEX6NXL,33,7,3,37,0,0,19,6,2,23,0,0,14,1,1,14,0,0,2,0,0,2,0,0,25,15,2,40,0
TT2K6LOB,105,14,34,82,3,0,50,9,16,41,2,0,55,5,18,41,1,0,7,0,3,4,0,0,59,60,7,119,0
74T8HIYM,123,16,24,78,35,2,53,16,9,36,22,2,70,0,15,42,13,0,7,0,0,4,3,0,69,70,7,139,0
FOXDHY3F,4,0,1,3,0,0,1,0,1,0,0,0,3,0,0,3,0,0,1,0,0,1,0,0,1,3,1,4,0
GQWMLO5J,49,21,12,42,12,4,30,9,5,21,9,4,19,12,7,21,3,0,2,0,0,2,0,0,39,31,2,70,0
LCI5WWR7,23,1,7,17,0,0,5,1,2,4,0,0,18,0,5,13,0,0,3,0,1,2,0,0,6,18,3,24,0
YQZRRQDC,32,4,0,28,5,3,12,4,0,10,3,3,20,0,0,18,2,0,2,0,0,2,0,0,16,20,2,36,0
GHGBZDIZ,129,43,22,85,32,33,59,11,5,35,15,15,70,32,17,50,17,18,29,15,10,16,8,10,70,102,44,172,0
76ZCGCA3,112,22,28,85,17,5,41,10,14,30,5,3,71,12,14,55,12,2,8,0,1,7,0,0,51,83,8,134,0
96HPPLNZ,38,0,10,28,0,0,6,0,0,6,0,0,32,0,10,22,0,0,1,0,0,1,0,0,6,32,1,38,0
EJZNP8NT,83,1,42,38,2,5,21,1,11,8,1,2,62,0,31,30,1,3,7,0,2,5,0,0,22,62,7,84,0
2S6QHEEI,19,2,1,20,0,0,4,0,0,4,0,0,15,2,1,16,0,0,1,0,0,1,0,0,4,17,1,21,0
I3LJVAT2,91,2,24,68,1,0,16,0,4,12,0,0,75,2,20,56,1,0,13,0,3,10,0,0,16,77,13,93,0
ZHIJKMVC,29,3,3,28,1,0,7,2,2,7,0,0,22,1,1,21,1,0,1,0,1,0,0,0,9,23,1,32,0
2JHYB3C4,13,0,5,7,1,0,7,0,3,4,0,0,6,0,2,3,1,0,0,0,0,0,0,0,7,6,0,13,0
BGWDBVUI,8,1,5,4,0,0,3,0,3,0,0,0,5,1,2,4,0,0,3,0,1,2,0,0,3,6,3,9,0
UADE3MBV,23,0,0,19,1,3,11,0,0,7,1,3,12,0,0,12,0,0,1,0,0,1,0,0,11,12,1,23,0
FXPRILOV,1,0,0,1,0,0,0,0,0,0,0,0,1,0,0,1,0,0,1,0,0,1,0,0,0,1,1,1,0
RPO1BQLK,40,0,6,31,3,0,8,0,1,7,0,0,32,0,5,24,3,0,5,0,2,3,0,0,8,32,5,40,1
MUDSZBUF,47,4,2,34,11,4,14,4,1,8,5,4,33,0,1,26,6,0,1,0,0,1,0,0,18,33,1,51,0
VHQ24AO7,43,3,13,32,1,0,13,3,5,11,0,0,30,0,8,21,1,0,2,0,1,0,1,0,16,30,2,46,0
ZQDLBYG4,64,12,17,47,4,8,22,2,6,14,4,0,42,10,11,33,0,8,5,0,1,4,0,0,24,52,5,76,0
YQSSZJLP,50,6,7,39,3,7,4,0,1,2,0,1,46,6,6,37,3,6,24,4,4,18,1,5,4,52,28,56,0
CBELLZQL,4,1,0,4,1,0,2,1,0,3,0,0,2,0,0,1,1,0,0,0,0,0,0,0,3,2,0,5,0
SKIKWH1Q,26,30,14,36,6,0,12,14,6,18,2,0,14,16,8,18,4,0,2,3,1,3,1,0,26,30,5,56,0
RR6APV85,6,1,2,5,0,0,3,1,1,3,0,0,3,0,1,2,0,0,2,0,1,1,0,0,4,3,2,7,0
FLTBGLKW,16,19,11,21,2,2,11,16,11,14,2,1,5,3,0,7,0,1,2,1,0,2,0,1,27,8,3,35,0
WWDAX1CC,9,0,0,6,3,0,1,0,0,1,0,0,8,0,0,5,3,0,2,0,0,1,1,0,1,8,2,9,0
BRJKEKX1,1,0,0,0,1,0,0,0,0,0,0,0,1,0,0,0,1,0,0,0,0,0,0,0,0,1,0,1,0
H8UQD8NJ,3,0,1,1,1,0,1,0,0,1,0,0,2,0,1,0,1,0,1,0,1,0,0,0,1,2,1,3,0
LP6RKBYK,38,1,2,35,2,0,12,1,1,11,1,0,26,0,1,24,1,0,6,0,0,6,0,0,13,26,6,39,0
RZ6FND3S,18,5,1,13,8,1,3,5,1,4,2,1,15,0,0,9,6,0,0,0,0,0,0,0,8,15,0,23,0
C6JKUDC8,1,3,2,1,1,0,1,3,2,1,1,0,0,0,0,0,0,0,0,0,0,0,0,0,4,0,0,4,0
NETDAD3E,26,18,2,35,7,0,9,10,1,13,5,0,17,8,1,22,2,0,5,2,1,6,0,0,19,25,7,44,0
1NY12YVX,2,0,0,2,0,0,0,0,0,0,0,0,2,0,0,2,0,0,2,0,0,2,0,0,0,2,2,2,0
LMCTRXS8,47,2,5,40,4,0,17,0,2,14,1,0,30,2,3,26,3,0,4,0,0,4,0,0,17,32,4,49,0
DNTIJ3MH,90,6,29,58,7,2,39,4,15,24,2,2,51,2,14,34,5,0,5,0,1,4,0,0,43,53,5,96,0
JHKXZX1D,2,1,0,3,0,0,0,0,0,0,0,0,2,1,0,3,0,0,2,0,0,2,0,0,0,3,2,3,0
5ASVIGNC,10,2,0,9,3,0,7,2,0,6,3,0,3,0,0,3,0,0,1,0,0,1,0,0,9,3,1,12,0
MX1WBLSI,1,0,0,1,0,0,0,0,0,0,0,0,1,0,0,1,0,0,0,0,0,0,0,0,0,1,0,1,0
C4LYORIA,0,5,0,4,1,0,0,5,0,4,1,0,0,0,0,0,0,0,0,0,0,0,0,0,5,0,0,5,0
BX28RODP,2,0,0,1,1,0,0,0,0,0,0,0,2,0,0,1,1,0,0,0,0,0,0,0,0,2,0,2,0
32SO8NQT,10,3,1,8,4,0,2,1,0,1,2,0,8,2,1,7,2,0,0,0,0,0,0,0,3,10,0,13,0
O5MXAMBL,6,1,1,4,1,1,1,0,0,1,0,0,5,1,1,3,1,1,0,0,0,0,0,0,1,6,0,7,0
NSHKV5SV,7,0,2,5,0,0,3,0,1,2,0,0,4,0,1,3,0,0,0,0,0,0,0,0,3,4,0,7,0
JXJWXEGI,80,11,17,57,17,0,19,8,4,18,5,0,61,3,13,39,12,0,3,0,2,1,0,0,27,64,3,91,0
T4RXIVGL,12,0,3,9,0,0,3,0,3,0,0,0,9,0,0,9,0,0,0,0,0,0,0,0,3,9,0,12,0
X6V5VRPF,46,18,6,42,13,3,20,15,3,25,7,0,26,3,3,17,6,3,0,0,0,0,0,0,35,29,0,64,0
5BK422G1,3,0,0,3,0,0,1,0,0,1,0,0,2,0,0,2,0,0,1,0,0,1,0,0,1,2,1,3,0
TW6FUHSR,10,2,0,7,3,2,7,2,0,4,3,2,3,0,0,3,0,0,0,0,0,0,0,0,9,3,0,12,0
YXOAA3LH,171,29,60,113,25,6,60,10,24,34,12,1,111,19,36,79,13,5,28,0,8,20,0,1,70,130,28,200,0
GIX7QUWJ,1,0,0,1,0,0,1,0,0,1,0,0,0,0,0,0,0,0,0,0,0,0,0,0,1,0,0,1,0
VUL4OSVA,37,1,4,30,4,0,9,0,2,7,0,0,28,1,2,23,4,0,4,0,0,4,0,0,9,29,4,38,0
XFGKDTOI,14,2,5,8,1,3,8,0,2,6,0,0,6,2,3,2,1,3,2,0,0,2,0,0,8,8,2,16,0
WMW6PJEJ,13,0,4,9,0,0,3,0,2,1,0,0,10,0,2,8,0,0,1,0,0,1,0,0,3,10,1,13,0
JQSAFVMH,92,7,22,62,12,4,54,6,12,35,11,3,38,1,10,27,1,1,3,0,1,2,0,0,60,39,3,99,0
F1MWYM3Q,13,1,4,10,0,0,7,1,2,6,0,0,6,0,2,4,0,0,1,0,0,1,0,0,8,6,1,14,0
XWYAI8Q3,23,4,1,25,1,0,11,2,1,11,1,0,12,2,0,14,0,0,1,0,0,1,0,0,13,14,1,27,0
KLL5FZNT,3,5,1,6,1,0,1,5,1,4,1,0,2,0,0,2,0,0,0,0,0,0,0,0,6,2,0,8,0
2RY8HNTI,25,0,3,16,3,3,16,0,3,9,3,1,9,0,0,7,0,2,0,0,0,0,0,0,16,9,0,25,0
HLJYM4M1,12,5,6,10,1,0,9,5,5,8,1,0,3,0,1,2,0,0,0,0,0,0,0,0,14,3,0,17,0
JWNLLRA2,41,0,9,32,0,0,9,0,2,7,0,0,32,0,7,25,0,0,4,0,0,4,0,0,9,32,4,41,0
LYTRCZHG,18,0,2,16,0,0,4,0,2,2,0,0,14,0,0,14,0,0,5,0,0,5,0,0,4,14,5,18,0
9REL1FQB,6,0,1,5,0,0,3,0,1,2,0,0,3,0,0,3,0,0,2,0,0,2,0,0,3,3,2,6,0
Z1JLZ5GG,35,2,9,23,3,2,16,0,6,7,3,0,19,2,3,16,0,2,3,0,1,2,0,0,16,21,3,37,0
ILDHOJZN,31,5,3,29,4,0,6,1,1,4,2,0,25,4,2,25,2,0,5,0,0,5,0,0,7,29,5,36,0
KTV5UODH,0,1,0,1,0,0,0,0,0,0,0,0,0,1,0,1,0,0,0,0,0,0,0,0,0,1,0,1,0
FXO6HYNG,31,9,12,22,6,0,20,9,8,15,6,0,11,0,4,7,0,0,1,0,0,1,0,0,29,11,1,40,0
1NZ14PXX,1,0,1,0,0,0,0,0,0,0,0,0,1,0,1,0,0,0,0,0,0,0,0,0,0,1,0,1,0
XZGRWAX7,73,9,35,40,2,7,21,4,9,12,1,3,52,5,26,28,1,4,3,0,2,0,0,1,25,57,3,82,0
IAHVT333,14,0,6,7,1,0,4,0,1,3,0,0,10,0,5,4,1,0,0,0,0,0,0,0,4,10,0,14,0
NFOCEIAL,2,0,0,2,0,0,1,0,0,1,0,0,1,0,0,1,0,0,0,0,0,0,0,0,1,1,0,2,0
WDLOVJ9V,7,0,2,5,0,0,0,0,0,0,0,0,7,0,2,5,0,0,7,0,2,5,0,0,0,7,7,7,0
UDR6BIHO,1,0,0,1,0,0,0,0,0,0,0,0,1,0,0,1,0,0,0,0,0,0,0,0,0,1,0,1,0
I1NQZCBK,11,0,4,5,1,1,5,0,1,3,1,0,6,0,3,2,0,1,1,0,0,0,0,1,5,6,1,11,0
SDAIME3V,15,1,5,11,0,0,9,1,4,6,0,0,6,0,1,5,0,0,5,0,1,4,0,0,10,6,5,16,0
WTJVIPHV,4,1,2,3,0,0,1,1,1,1,0,0,3,0,1,2,0,0,0,0,0,0,0,0,2,3,0,5,0
PYFTGOJZ,66,4,4,57,9,0,24,3,1,20,6,0,42,1,3,37,3,0,6,0,1,5,0,0,27,43,6,70,0
FQN89CQI,10,0,4,6,0,1,10,0,4,6,0,1,0,0,0,0,0,0,0,0,0,0,0,0,10,0,0,10,0
UNSYZNMW,5,0,1,4,0,0,1,0,0,1,0,0,4,0,1,3,0,0,1,0,1,0,0,0,1,4,1,5,0
5MFK9IZJ,61,2,17,42,3,1,14,0,2,9,2,0,47,2,15,33,1,1,10,0,2,8,0,0,14,49,10,63,0
C2A3PADV,13,1,3,10,1,0,2,0,1,1,0,0,11,1,2,9,1,0,1,1,0,2,0,0,2,12,2,14,0
A3COOKGN,49,0,12,31,5,3,18,0,1,12,4,1,31,0,11,19,1,2,4,0,2,2,0,0,18,31,4,49,0
COD6HLHH,2,0,2,0,0,0,1,0,1,0,0,0,1,0,1,0,0,0,1,0,1,0,0,0,1,1,1,2,0
QZQMDKCR,108,15,13,51,44,15,59,9,5,28,26,9,49,6,8,23,18,6,4,1,1,3,1,0,68,55,5,123,0
2DZD4ORM,20,0,7,12,1,0,13,0,3,9,1,0,7,0,4,3,0,0,0,0,0,0,0,0,13,7,0,20,0
96TIFM4I,17,0,5,11,1,1,3,0,1,2,0,0,14,0,4,9,1,1,2,0,1,1,0,0,3,14,2,17,0
TS6NTDFL,24,1,4,21,0,0,8,1,0,9,0,0,16,0,4,12,0,0,0,0,0,0,0,0,9,16,0,25,0
6JMOZUV4,39,1,4,34,2,1,18,1,1,16,2,0,21,0,3,18,0,1,4,0,1,3,0,1,19,21,4,40,0
RQ9ERG37,25,3,1,25,2,0,6,1,0,7,0,0,19,2,1,18,2,0,2,0,1,1,0,0,7,21,2,28,0
SDSZCEFO,90,17,15,82,10,0,52,8,8,44,8,0,38,9,7,38,2,0,6,2,1,7,0,0,60,47,8,107,0
BH91MGVD,22,1,3,15,4,1,7,1,0,5,2,1,15,0,3,10,2,0,5,0,0,4,1,0,8,15,5,23,0
XTECDC8I,48,0,10,38,0,1,15,0,5,10,0,0,33,0,5,28,0,1,5,0,2,3,0,0,15,33,5,48,0
YTMDDG93,11,0,0,10,1,0,5,0,0,4,1,0,6,0,0,6,0,0,3,0,0,3,0,0,5,6,3,11,0
HYEHQX9T,12,1,2,10,1,0,3,1,0,3,1,0,9,0,2,7,0,0,1,0,1,0,0,0,4,9,1,13,0
4BTQZ3AE,33,0,2,30,1,0,3,0,1,1,1,0,30,0,1,29,0,0,2,0,0,2,0,0,3,30,2,33,0
CVLI2XFY,143,27,53,84,23,10,57,14,29,32,8,2,86,13,24,52,15,8,7,0,2,5,0,0,71,99,7,170,0
WTTOZR8O,105,11,22,88,6,3,27,10,6,26,5,1,78,1,16,62,1,2,24,0,5,19,0,0,37,79,24,116,0
YH1VXUNV,7,2,1,6,0,2,2,0,0,2,0,0,5,2,1,4,0,2,3,0,0,3,0,0,2,7,3,9,0
HCCTCOXM,87,13,7,84,9,0,34,6,3,32,5,0,53,7,4,52,4,0,7,0,0,7,0,0,40,60,7,100,0
OCQIDPYR,66,10,14,53,9,0,38,3,11,25,5,0,28,7,3,28,4,0,0,0,0,0,0,0,41,35,0,76,0
5HYPFIXU,27,6,2,14,6,11,10,4,1,3,2,8,17,2,1,11,4,3,9,1,0,6,3,1,14,19,10,33,0
1D1VMMQU,88,1,22,64,3,0,30,1,12,18,1,0,58,0,10,46,2,0,15,0,3,10,2,0,31,58,15,89,0
ZE9SMZHM,67,10,16,47,7,9,17,3,7,11,1,1,50,7,9,36,6,8,16,0,1,9,2,4,20,57,16,77,0
CMMBGKZB,26,34,15,44,1,0,14,11,9,16,0,0,12,23,6,28,1,0,3,3,1,5,0,0,25,35,6,60,0
16VNV8WX,29,2,8,20,3,1,4,0,1,3,0,0,25,2,7,17,3,1,8,0,1,7,0,0,4,27,8,31,0
KPV8EQFW,61,1,19,33,10,0,32,1,9,17,7,0,29,0,10,16,3,0,4,0,2,2,0,0,33,29,4,62,0
J6ETAYGZ,95,10,29,69,7,0,47,8,19,32,4,0,48,2,10,37,3,0,11,0,3,8,0,0,55,50,11,105,0
C78KXXOB,66,29,8,51,20,16,56,28,7,44,19,14,10,1,1,7,1,2,0,0,0,0,0,0,84,11,0,95,0
SZFATJFZ,84,5,29,55,5,4,20,4,8,13,3,3,64,1,21,42,2,1,5,0,4,1,0,0,24,65,5,89,0
JGMUIWE7,35,0,9,24,2,0,9,0,0,8,1,0,26,0,9,16,1,0,6,0,2,4,0,0,9,26,6,35,0
OZDKNFPA,5,0,1,4,0,0,3,0,1,2,0,0,2,0,0,2,0,0,0,0,0,0,0,0,3,2,0,5,0
Q5YKSGL5,8,0,0,3,5,0,1,0,0,1,0,0,7,0,0,2,5,0,0,0,0,0,0,0,1,7,0,8,0
BLHJXWKA,44,1,11,34,0,0,12,1,6,7,0,0,32,0,5,27,0,0,6,0,0,6,0,0,13,32,6,45,0
YREA7IIR,4,0,0,4,0,0,0,0,0,0,0,0,4,0,0,4,0,0,1,0,0,1,0,0,0,4,1,4,0
TLCO4VLP,8,1,0,6,2,1,5,1,0,3,2,1,3,0,0,3,0,0,0,0,0,0,0,0,6,3,0,9,0
IPRFLRMH,8,2,0,10,0,0,3,1,0,4,0,0,5,1,0,6,0,0,1,0,0,1,0,0,4,6,1,10,0
7K1LJRMQ,90,10,10,83,7,0,26,8,7,24,3,0,64,2,3,59,4,0,11,2,1,10,2,0,34,66,13,100,0
73GEVJVL,26,2,3,19,4,2,6,2,0,3,3,2,20,0,3,16,1,0,6,0,1,5,0,0,8,20,6,28,0
SKBOLKUH,13,5,1,17,0,0,8,3,0,11,0,0,5,2,1,6,0,0,1,1,0,2,0,0,11,7,2,18,0
QXKO1N8U,6,0,2,3,1,0,4,0,2,2,0,0,2,0,0,1,1,0,1,0,0,0,1,0,4,2,1,6,0
9DICMGMC,27,2,2,25,1,1,7,1,0,6,1,1,20,1,2,19,0,0,3,0,1,2,0,0,8,21,3,29,0
IGZPXBYW,2,0,0,2,0,0,0,0,0,0,0,0,2,0,0,2,0,0,0,0,0,0,0,0,0,2,0,2,0
VXKESDEW,8,0,0,8,0,0,4,0,0,4,0,0,4,0,0,4,0,0,0,0,0,0,0,0,4,4,0,8,0
VBTKVKD7,3,0,1,2,0,0,1,0,0,1,0,0,2,0,1,1,0,0,0,0,0,0,0,0,1,2,0,3,0
LQ8BGUNF,103,16,24,78,17,1,35,7,9,28,5,0,68,9,15,50,12,1,10,0,4,6,0,0,42,77,10,119,0
LMM62PAN,56,1,30,27,0,1,11,1,6,6,0,0,45,0,24,21,0,1,3,0,1,2,0,0,12,45,3,57,0
SIZSMIRW,30,5,0,18,11,6,18,0,0,11,4,3,12,5,0,7,7,3,0,0,0,0,0,0,18,17,0,35,1
L8F6NZJF,11,0,3,8,0,0,4,0,0,4,0,0,7,0,3,4,0,0,1,0,1,0,0,0,4,7,1,11,0
O5TSUBPN,28,2,1,27,2,0,4,0,0,4,0,0,24,2,1,23,2,0,3,0,0,3,0,0,4,26,3,30,0
Q4QCTZEA,89,3,18,70,4,0,36,0,7,25,4,0,53,3,11,45,0,0,8,0,2,6,0,0,36,56,8,92,0
5NFFFSEN,16,1,3,14,0,0,4,1,1,4,0,0,12,0,2,10,0,0,3,0,0,3,0,0,5,12,3,17,0
UBHIJBDJ,36,4,8,27,4,0,8,3,0,8,2,0,28,1,8,19,2,0,3,0,0,3,0,0,11,29,3,40,0
Y3UCURFC,8,2,1,5,4,1,2,0,1,0,1,1,6,2,0,5,3,0,1,0,0,1,0,0,2,8,1,10,0
WFAS1IMJ,50,5,16,34,5,0,17,4,7,12,2,0,33,1,9,22,3,0,5,0,1,4,0,0,21,34,5,55,0
ZYYFVWFK,36,0,14,22,0,3,18,0,7,11,0,3,18,0,7,11,0,0,2,0,1,1,0,0,18,18,2,36,0
RH3NFJI9,67,21,12,66,9,2,28,8,4,29,3,1,39,13,8,37,6,1,7,5,2,8,2,0,36,52,12,88,0
E5ZNAGUN,72,18,5,66,16,1,45,5,4,35,11,0,27,13,1,31,5,1,1,4,1,4,0,0,50,40,5,90,0
HZCIBZ6Z,4,0,0,4,0,0,1,0,0,1,0,0,3,0,0,3,0,0,1,0,0,1,0,0,1,3,1,4,0
52DVHBTV,45,2,17,30,0,0,9,2,4,7,0,0,36,0,13,23,0,0,3,0,1,2,0,0,11,36,3,47,0
FURXABTY,23,9,3,28,1,0,10,8,0,18,0,0,13,1,3,10,1,0,0,0,0,0,0,0,18,14,0,32,0
EQ7JH3FM,21,2,9,13,1,0,3,2,0,5,0,0,18,0,9,8,1,0,3,0,0,2,1,0,5,18,3,23,0
WJJKBY6K,147,23,49,95,19,11,63,17,23,38,18,4,84,6,26,57,1,7,15,0,8,7,0,0,80,90,15,170,0
L9B7OESH,183,16,45,145,9,1,64,9,24,45,4,1,119,7,21,100,5,0,27,0,7,20,0,0,73,126,27,199,0
OXBAHV3C,36,5,8,33,0,0,12,3,3,12,0,0,24,2,5,21,0,0,3,1,0,4,0,0,15,26,4,41,0
L54GYCNR,34,0,9,24,1,0,16,0,7,9,0,0,18,0,2,15,1,0,5,0,0,4,1,0,16,18,5,34,0
D5DUP4R2,12,0,1,11,0,0,4,0,1,3,0,0,8,0,0,8,0,0,0,0,0,0,0,0,4,8,0,12,0
UK7LQZKK,75,15,11,52,9,18,13,5,7,5,5,1,62,10,4,47,4,17,16,5,0,17,4,0,18,72,21,90,0
NFAVWMXJ,26,0,11,15,0,3,5,0,3,2,0,2,21,0,8,13,0,1,3,0,2,1,0,1,5,21,3,26,0
QBQWBHWB,70,6,15,60,1,0,31,5,6,29,1,0,39,1,9,31,0,0,5,1,1,5,0,0,36,40,6,76,0
CL6IKDWB,24,2,8,14,0,4,3,0,2,1,0,0,21,2,6,13,0,4,7,2,1,4,0,4,3,23,9,26,0
7ZEZVQEK,35,7,6,26,3,8,8,2,0,9,1,0,27,5,6,17,2,8,6,3,0,9,0,0,10,32,9,42,0
KLILMS5H,31,7,4,24,8,2,15,4,2,8,7,2,16,3,2,16,1,0,2,0,1,1,0,0,19,19,2,38,0
PPCDQON3,29,0,3,25,1,0,7,0,1,5,1,0,22,0,2,20,0,0,2,0,0,2,0,0,7,22,2,29,0
U8CF46HF,79,5,18,65,1,0,23,2,5,20,0,0,56,3,13,45,1,0,5,0,1,4,0,0,25,59,5,84,0
RJWKVDGT,23,4,8,16,2,1,5,0,3,2,0,0,18,4,5,14,2,1,5,2,0,4,2,1,5,22,7,27,0
QEQKNMFU,18,1,5,14,0,0,5,1,2,4,0,0,13,0,3,10,0,0,3,0,0,3,0,0,6,13,3,19,0
LIDTZ63P,36,0,12,21,3,0,10,0,3,6,1,0,26,0,9,15,2,0,4,0,3,1,0,0,10,26,4,36,0
PATIC35K,55,7,13,43,6,0,34,6,7,27,6,0,21,1,6,16,0,0,3,0,1,2,0,0,40,22,3,62,0
SDBRLISI,106,21,22,78,23,4,51,18,11,37,17,4,55,3,11,41,6,0,9,0,2,7,0,0,69,58,9,127,0
H7NQ9EQ8,62,1,15,34,7,7,34,1,6,15,7,7,28,0,9,19,0,0,5,0,0,5,0,0,35,28,5,63,0
Q9PQ9EWJ,25,2,3,19,3,2,9,1,0,10,0,0,16,1,3,9,3,2,3,0,2,1,0,0,10,17,3,27,0
D8L9VTYJ,8,3,0,9,2,0,3,3,0,6,0,0,5,0,0,3,2,0,0,0,0,0,0,0,6,5,0,11,0
LDRCSHLF,262,58,72,148,78,25,75,21,18,48,19,12,187,37,54,100,59,13,42,9,8,27,15,2,96,224,51,320,0
OKSZIZZA,107,8,37,61,5,16,39,7,17,23,1,9,68,1,20,38,4,7,0,0,0,0,0,0,46,69,0,115,0
VKTDH6KN,20,6,0,18,6,2,2,4,0,4,2,0,18,2,0,14,4,2,1,0,0,1,0,0,6,20,1,26,0
YIEX2JEK,51,4,11,43,1,0,23,4,6,20,1,0,28,0,5,23,0,0,1,0,0,1,0,0,27,28,1,55,0
B7GXMF95,22,0,9,13,0,0,2,0,1,1,0,0,20,0,8,12,0,0,4,0,1,3,0,0,2,20,4,22,0
YY3GPVRC,142,20,34,114,12,3,72,11,13,60,10,0,70,9,21,54,2,3,12,0,3,9,0,0,83,79,12,162,0
S4YL5TT3,36,4,11,28,1,0,15,4,3,16,0,0,21,0,8,12,1,0,1,0,0,1,0,0,19,21,1,40,1
ZHFT6YQW,25,4,5,19,5,0,15,3,5,11,2,0,10,1,0,8,3,0,0,0,0,0,0,0,18,11,0,29,0
OHXWAJDO,28,0,14,14,0,0,17,0,9,8,0,0,11,0,5,6,0,0,1,0,0,1,0,0,17,11,1,28,0
3KV7NPUZ,9,3,3,9,0,0,3,3,3,3,0,0,6,0,0,6,0,0,0,0,0,0,0,0,6,6,0,12,0
BZ3SZO1E,50,9,14,38,7,0,11,1,3,9,0,0,39,8,11,29,7,0,3,1,0,2,2,0,12,47,4,59,0
EPYIVZCL,15,5,1,13,5,1,3,1,0,3,1,0,12,4,1,10,4,1,3,0,1,2,0,0,4,16,3,20,0
LXDMHJDD,4,0,1,3,0,0,2,0,1,1,0,0,2,0,0,2,0,0,2,0,0,2,0,0,2,2,2,4,0
KLCZ5DDU,17,5,3,13,6,0,8,2,0,5,5,0,9,3,3,8,1,0,0,1,1,0,0,0,10,12,1,22,0
MQYOZXSP,19,1,2,18,0,0,3,1,1,3,0,0,16,0,1,15,0,0,1,0,0,1,0,0,4,16,1,20,0
8IOTWKJY,56,1,18,37,2,1,11,0,4,5,2,1,45,1,14,32,0,0,8,0,0,8,0,0,11,46,8,57,0
JJPRZOH9,2,0,2,0,0,0,2,0,2,0,0,0,0,0,0,0,0,0,0,0,0,0,0,0,2,0,0,2,0
WUUQS8E3,45,4,8,40,1,0,17,4,7,14,0,0,28,0,1,26,1,0,1,0,0,1,0,0,21,28,1,49,0
TNYLQQMQ,41,0,14,26,0,1,4,0,3,0,0,1,37,0,11,26,0,0,7,0,1,6,0,0,4,37,7,41,0
FRATDSBE,37,13,14,35,1,0,7,8,4,11,0,0,30,5,10,24,1,0,3,0,1,2,0,0,15,35,3,50,0
LUUN2RRF,16,3,2,17,0,0,6,1,1,6,0,0,10,2,1,11,0,0,2,0,0,2,0,0,7,12,2,19,0
XJTSEZRF,88,4,26,66,0,0,27,2,6,23,0,0,61,2,20,43,0,0,6,1,4,3,0,0,29,63,7,92,0
1LHRZ89V,2,0,0,2,0,0,0,0,0,0,0,0,2,0,0,2,0,0,0,0,0,0,0,0,0,2,0,2,0
9VMGAR4E,95,5,10,73,13,4,23,3,4,17,3,2,72,2,6,56,10,2,14,0,3,10,1,0,26,74,14,100,0
F7WJ6FLA,330,139,26,258,126,59,124,58,9,77,42,53,206,81,17,181,84,6,72,29,2,63,36,0,182,287,101,469,0
QKOSGANC,25,9,8,24,2,0,8,2,1,8,1,0,17,7,7,16,1,0,2,0,1,1,0,0,10,24,2,34,0
JEZLI1IS,53,10,5,47,10,1,15,7,1,15,5,1,38,3,4,32,5,0,6,0,2,4,0,0,22,41,6,63,0
8UFTXUGV,29,6,2,23,9,1,4,0,1,2,1,0,25,6,1,21,8,1,3,1,0,3,1,0,4,31,4,35,0
HBAOUYME,157,35,14,128,50,0,68,21,4,58,27,0,89,14,10,70,23,0,13,0,0,10,3,0,89,103,13,192,0
45PJOFEV,19,8,2,9,9,7,10,8,0,3,8,7,9,0,2,6,1,0,3,0,1,2,0,0,18,9,3,27,0
ZVQIZAPH,12,2,5,7,2,0,1,0,1,0,0,0,11,2,4,7,2,0,3,0,1,1,1,0,1,13,3,14,0
TFDYTPNV,54,14,38,30,0,1,13,4,11,6,0,0,41,10,27,24,0,1,9,2,5,6,0,0,17,51,11,68,0
YERSSXAT,18,3,3,9,3,6,3,0,0,3,0,0,15,3,3,6,3,6,4,1,1,0,1,3,3,18,5,21,0
LLOC92GV,16,1,6,7,4,0,5,0,1,3,1,0,11,1,5,4,3,0,7,1,2,4,2,0,5,12,8,17,0
SBVKIA9C,19,6,4,16,5,0,10,6,2,11,3,0,9,0,2,5,2,0,1,0,0,1,0,0,16,9,1,25,0
MTYFTHMI,3,1,1,3,0,0,2,1,1,2,0,0,1,0,0,1,0,0,0,0,0,0,0,0,3,1,0,4,0
HINEAGJO,288,39,36,206,85,1,103,28,11,82,38,0,185,11,25,124,47,1,29,2,4,20,7,0,131,196,31,327,0
N5HNLDNY,15,0,3,12,0,0,0,0,0,0,0,0,15,0,3,12,0,0,1,0,1,0,0,0,0,15,1,15,0
J5AGO3BA,39,11,14,26,6,5,22,11,7,16,6,4,17,0,7,10,0,1,3,0,0,3,0,0,33,17,3,50,0
TFYZ1PJQ,10,1,0,11,0,0,3,1,0,4,0,0,7,0,0,7,0,0,1,0,0,1,0,0,4,7,1,11,0
TNIXNWV7,18,2,1,19,0,0,7,2,1,8,0,0,11,0,0,11,0,0,1,0,0,1,0,0,9,11,1,20,0
KV6L4HV2,4,0,2,2,0,0,1,0,1,0,0,0,3,0,1,2,0,0,0,0,0,0,0,0,1,3,0,4,0
KHMKVC5J,23,0,3,18,2,0,0,0,0,0,0,0,23,0,3,18,2,0,4,0,1,3,0,0,0,23,4,23,0
QVWXKN6P,117,15,35,94,3,2,39,6,20,24,1,1,78,9,15,70,2,1,8,0,0,8,0,0,45,87,8,132,0
GVSVVSKV,30,6,5,24,3,4,5,2,2,5,0,0,25,4,3,19,3,4,0,2,0,2,0,0,7,29,2,36,0
GUMW2E47,7,2,1,2,0,6,6,0,0,2,0,4,1,2,1,0,0,2,0,0,0,0,0,0,6,3,0,9,0
ZUQC8TFN,5,1,1,5,0,0,3,1,1,3,0,0,2,0,0,2,0,0,0,0,0,0,0,0,4,2,0,6,0
MF4FSMNG,20,0,2,15,3,0,8,0,1,7,0,0,12,0,1,8,3,0,1,0,0,1,0,0,8,12,1,20,0
GCNDRE6L,10,2,3,8,1,0,2,2,1,2,1,0,8,0,2,6,0,0,3,0,1,2,0,0,4,8,3,12,0
PWV9FRXC,39,6,8,35,2,1,11,0,4,7,0,1,28,6,4,28,2,0,5,0,0,5,0,0,11,34,5,45,0
ZGP4EFJX,24,1,5,20,0,0,7,0,1,6,0,0,17,1,4,14,0,0,7,0,0,7,0,0,7,18,7,25,0
DADZBLH1,11,2,6,7,0,1,1,2,0,3,0,0,10,0,6,4,0,1,1,0,1,0,0,0,3,10,1,13,0
CIGB8OZS,51,7,3,48,7,0,18,4,1,19,2,0,33,3,2,29,5,0,5,0,1,4,0,0,22,36,5,58,0
2KCDKRS7,0,4,1,3,0,0,0,1,0,1,0,0,0,3,1,2,0,0,0,2,1,1,0,0,1,3,2,4,0
5IVQ19IP,47,11,2,28,2,26,4,2,0,6,0,0,43,9,2,22,2,26,17,9,0,12,2,12,6,52,26,58,0
FBC1NNXW,46,1,10,37,0,0,22,1,2,21,0,0,24,0,8,16,0,0,5,0,1,4,0,0,23,24,5,47,0
EQDFE6LF,39,3,2,38,2,0,10,2,0,12,0,0,29,1,2,26,2,0,6,0,1,3,2,0,12,30,6,42,0
K8BKJQRX,101,17,29,61,22,6,23,7,6,19,4,1,78,10,23,42,18,5,11,0,4,6,1,0,30,88,11,118,0
KDN5PIHJ,1,0,1,0,0,0,1,0,1,0,0,0,0,0,0,0,0,0,0,0,0,0,0,0,1,0,0,1,0
1QYBNLAZ,10,2,1,9,2,0,1,2,0,2,1,0,9,0,1,7,1,0,1,0,0,1,0,0,3,9,1,12,0
NW3POSRW,24,7,4,24,3,0,4,5,1,7,1,0,20,2,3,17,2,0,0,1,0,1,0,0,9,22,1,31,0
EQXMM5W1,52,22,11,57,6,0,36,10,10,34,2,0,16,12,1,23,4,0,0,0,0,0,0,0,46,28,0,74,0
FPR6P5XJ,99,21,8,81,29,2,45,11,4,30,20,2,54,10,4,51,9,0,7,0,1,5,1,0,56,64,7,120,0
WC7WQXF6,26,0,5,19,2,0,6,0,0,5,1,0,20,0,5,14,1,0,0,0,0,0,0,0,6,20,0,26,0
XD1HHNNG,30,6,3,30,3,0,11,4,3,11,1,0,19,2,0,19,2,0,4,0,0,4,0,0,15,21,4,36,0
WNQATCFK,47,0,9,36,1,0,21,0,6,15,0,0,26,0,3,21,1,0,8,0,3,5,0,0,21,26,8,47,0
5NXDDKPP,52,16,4,25,29,11,23,5,3,14,8,4,29,11,1,11,21,7,1,0,0,1,0,0,28,40,1,68,0
S4X3QVYK,0,2,0,0,0,2,0,0,0,0,0,0,0,2,0,0,0,2,0,0,0,0,0,0,0,2,0,2,0
BA3VENEI,5,3,2,4,2,0,2,1,1,2,0,0,3,2,1,2,2,0,0,0,0,0,0,0,3,5,0,8,0
BOO2UF5X,316,118,171,249,14,40,130,42,71,95,6,24,186,76,100,154,8,16,35,11,19,24,3,4,172,262,46,434,0
RKSFUMIK,50,0,7,43,0,0,10,0,2,8,0,0,40,0,5,35,0,0,9,0,3,6,0,0,10,40,9,50,0
WKTLKANU,54,2,11,44,1,0,16,0,2,14,0,0,38,2,9,30,1,0,5,2,3,4,0,0,16,40,7,56,0
HINJSGLZ,28,3,11,18,2,0,9,1,4,6,0,0,19,2,7,12,2,0,1,0,0,1,0,0,10,21,1,31,0
CUPQLLCG,3,1,0,4,0,0,2,0,0,2,0,0,1,1,0,2,0,0,0,0,0,0,0,0,2,2,0,4,0
WN8SDVET,23,3,1,25,0,0,6,1,0,7,0,0,17,2,1,18,0,0,2,0,0,2,0,0,7,19,2,26,0
GPFSJ1Y8,28,7,4,31,0,0,12,2,1,13,0,0,16,5,3,18,0,0,0,0,0,0,0,0,14,21,0,35,0
JF5JRFKW,15,3,1,17,0,0,1,1,0,2,0,0,14,2,1,15,0,0,0,0,0,0,0,0,2,16,0,18,0
L8NHYCDG,4,0,0,4,0,0,0,0,0,0,0,0,4,0,0,4,0,0,3,0,0,3,0,0,0,4,3,4,0
KOGRO6AM,27,0,12,15,0,0,4,0,1,3,0,0,23,0,11,12,0,0,2,0,1,1,0,0,4,23,2,27,0
XZA1A2QR,18,0,2,11,5,0,5,0,0,4,1,0,13,0,2,7,4,0,0,0,0,0,0,0,5,13,0,18,0
JT1FGUGZ,28,0,2,25,1,0,8,0,1,7,0,0,20,0,1,18,1,0,1,0,0,1,0,0,8,20,1,28,0
FSJ4DROU,13,1,2,6,2,4,0,0,0,0,0,0,13,1,2,6,2,4,2,0,0,2,0,0,0,14,2,14,0
DMMLJYEQ,26,6,3,29,0,0,8,2,2,8,0,0,18,4,1,21,0,0,0,0,0,0,0,0,10,22,0,32,0
B8DCVH2K,10,4,4,10,0,0,5,3,2,6,0,0,5,1,2,4,0,0,0,0,0,0,0,0,8,6,0,14,0
P9NK11F9,45,6,6,41,3,1,24,3,3,21,2,1,21,3,3,20,1,0,0,0,0,0,0,0,27,24,0,51,0
PBHHMWCH,114,65,22,128,29,0,44,35,16,51,12,0,70,30,6,77,17,0,3,0,2,1,0,0,79,100,3,179,0
UJQ8J8VL,41,5,6,37,2,0,18,3,3,16,2,0,23,2,3,21,0,0,2,0,1,0,0,0,21,25,2,46,0
8XYZLFKI,37,2,7,32,0,0,10,0,1,9,0,0,27,2,6,23,0,0,4,0,1,3,0,0,10,29,4,39,0
LVPTZ3HW,5,4,1,8,0,0,5,1,1,5,0,0,0,3,0,3,0,0,0,0,0,0,0,0,6,3,0,9,0
2OVGSFE8,16,1,1,16,0,0,7,1,1,7,0,0,9,0,0,9,0,0,0,0,0,0,0,0,8,9,0,17,0
OIQMHW2B,6,1,0,4,3,0,3,0,0,0,3,0,3,1,0,4,0,0,0,0,0,0,0,0,3,4,0,7,0
KO9GSS72,19,5,1,21,2,0,12,3,0,13,2,0,7,2,1,8,0,0,0,0,0,0,0,0,15,9,0,24,0
ESQFZK7Z,17,0,5,12,0,1,6,0,1,5,0,0,11,0,4,7,0,1,2,0,1,1,0,0,6,11,2,17,0
AZMGJ7OE,14,0,2,11,0,1,4,0,0,4,0,0,10,0,2,7,0,1,0,0,0,0,0,0,4,10,0,14,0
ZYJJ3J34,29,0,21,8,0,0,4,0,4,0,0,0,25,0,17,8,0,0,10,0,6,4,0,0,4,25,10,29,0
FVC1R9VA,17,2,2,11,6,0,14,1,2,7,6,0,3,1,0,4,0,0,0,0,0,0,0,0,15,4,0,19,0
UYOBTBSA,4,0,4,0,0,0,0,0,0,0,0,0,4,0,4,0,0,0,0,0,0,0,0,0,0,4,0,4,0
1EWTPZTG,39,3,14,28,0,0,24,3,9,18,0,0,15,0,5,10,0,0,0,0,0,0,0,0,27,15,0,42,1
TNQJPMFX,105,9,30,80,4,0,43,2,11,31,3,0,62,7,19,49,1,0,8,0,3,5,0,0,45,69,8,114,0
86A5HVB4,26,12,0,26,6,6,10,12,0,14,5,3,16,0,0,12,1,3,2,0,0,2,0,0,22,16,2,38,0
QGMKFAKN,49,2,6,36,8,1,14,0,3,10,1,0,35,2,3,26,7,1,5,0,0,4,1,0,14,37,5,51,0
YULUENJC,1,0,0,1,0,0,1,0,0,1,0,0,0,0,0,0,0,0,0,0,0,0,0,0,1,0,0,1,0
QCNIPYKJ,16,9,1,21,3,0,8,6,0,14,0,0,8,3,1,7,3,0,0,0,0,0,0,0,14,11,0,25,0
7XDWWJNB,4,1,0,5,0,0,1,1,0,2,0,0,3,0,0,3,0,0,0,0,0,0,0,0,2,3,0,5,0
HEJW7UVD,69,17,12,55,19,0,26,6,7,19,6,0,43,11,5,36,13,0,0,0,0,0,0,0,32,54,0,86,0
FZQUSYQ6,38,0,3,30,5,0,12,0,1,8,3,0,26,0,2,22,2,0,9,0,2,7,0,0,12,26,9,38,0
KPGGQRBC,75,1,27,45,4,0,17,1,5,12,1,0,58,0,22,33,3,0,8,0,3,5,0,0,18,58,8,76,0
Q4B6CYAD,20,2,10,12,0,4,1,2,2,1,0,0,19,0,8,11,0,4,7,0,4,3,0,2,3,19,7,22,0
BPGTWCHL,43,0,14,29,0,0,12,0,3,9,0,0,31,0,11,20,0,0,7,0,2,5,0,0,12,31,7,43,0
TQ8TJJMS,17,1,4,14,0,0,11,1,4,8,0,0,6,0,0,6,0,0,2,0,0,2,0,0,12,6,2,18,0
2ZIFPPVS,34,6,10,29,1,0,10,6,7,8,1,0,24,0,3,21,0,0,2,0,0,2,0,0,16,24,2,40,0
XMVXLEQY,22,4,4,22,0,0,11,4,1,14,0,0,11,0,3,8,0,0,1,0,0,1,0,0,15,11,1,26,0
W8OOHVPA,83,29,9,99,4,0,11,9,3,16,1,0,72,20,6,83,3,0,13,6,0,18,1,0,20,92,19,112,0
V75EWN2H,43,1,8,34,2,0,14,1,5,10,0,0,29,0,3,24,2,0,0,0,0,0,0,0,15,29,0,44,0
JHCJ8TTN,36,1,6,28,3,0,7,0,1,6,0,0,29,1,5,22,3,0,1,0,0,1,0,0,7,30,1,37,0
8PJSPJOU,4,0,1,3,0,0,1,0,0,1,0,0,3,0,1,2,0,0,1,0,0,1,0,0,1,3,1,4,1
W5OOSIHI,18,1,3,16,0,0,10,0,1,9,0,0,8,1,2,7,0,0,5,0,0,5,0,0,10,9,5,19,0
MJZQHXWM,8,1,0,8,0,1,1,0,0,0,0,1,7,1,0,8,0,0,0,0,0,0,0,0,1,8,0,9,0
OZLBBTQ3,49,4,3,48,2,0,14,3,1,16,0,0,35,1,2,32,2,0,6,0,1,5,0,0,17,36,6,53,0
3JECJ4NN,7,0,0,7,0,0,1,0,0,1,0,0,6,0,0,6,0,0,3,0,0,3,0,0,1,6,3,7,0
QKQYUKG1,6,5,1,1,5,4,6,5,1,1,5,4,0,0,0,0,0,0,0,0,0,0,0,0,11,0,0,11,0
9BUVXL13,79,2,23,53,3,2,31,2,10,22,1,0,48,0,13,31,2,2,5,0,0,5,0,0,33,48,5,81,0
IEUGKUJC,88,0,32,51,5,1,24,0,7,15,2,0,64,0,25,36,3,1,9,0,5,4,0,0,24,64,9,88,0
CIJZNQ18,5,0,2,3,0,0,2,0,1,1,0,0,3,0,1,2,0,0,0,0,0,0,0,0,2,3,0,5,0
OYCEZMYN,1,0,0,0,1,0,0,0,0,0,0,0,1,0,0,0,1,0,1,0,0,0,1,0,0,1,1,1,0
FI4VNZEK,12,0,1,9,2,0,4,0,1,3,0,0,8,0,0,6,2,0,0,0,0,0,0,0,4,8,0,12,0
2WKARZPB,50,10,4,39,16,1,10,5,1,10,4,0,40,5,3,29,12,1,3,1,0,3,1,0,15,45,4,60,0
O1RNAO3L,15,2,6,4,7,1,4,2,2,1,3,1,11,0,4,3,4,0,7,0,0,3,4,0,6,11,7,17,0
SLN3ZECA,36,3,14,21,3,1,7,1,3,5,0,0,29,2,11,16,3,1,6,1,2,4,1,0,8,31,7,39,0
SUE9AHSQ,24,1,4,19,2,0,11,1,1,9,2,0,13,0,3,10,0,0,3,0,1,2,0,0,12,13,3,25,0
FG9DYU8K,83,33,43,67,6,6,61,30,33,52,6,5,22,3,10,15,0,1,2,0,1,1,0,0,91,25,2,116,0
AVYNNHGO,11,0,4,3,4,0,8,0,4,0,4,0,3,0,0,3,0,0,1,0,0,1,0,0,8,3,1,11,0
EWWVLPK2,15,0,0,11,4,0,8,0,0,6,2,0,7,0,0,5,2,0,2,0,0,0,2,0,8,7,2,15,0
7VDYBRSR,7,5,1,7,4,0,6,5,1,7,3,0,1,0,0,0,1,0,1,0,0,0,1,0,11,1,1,12,0
WK7P8QXH,22,6,5,15,7,1,5,4,0,7,2,0,17,2,5,8,5,1,4,0,2,2,0,0,9,19,4,28,0
YGZQZTTO,10,0,3,4,1,2,6,0,1,2,1,2,4,0,2,2,0,0,0,0,0,0,0,0,6,4,0,10,0
VKV6UVX3,4,0,1,3,0,0,3,0,1,2,0,0,1,0,0,1,0,0,0,0,0,0,0,0,3,1,0,4,0
KVCJTATH,3,3,0,6,0,0,2,2,0,4,0,0,1,1,0,2,0,0,0,0,0,0,0,0,4,2,0,6,0
DCXFZ7B6,61,13,4,39,12,19,35,11,2,15,12,17,26,2,2,24,0,2,5,1,0,5,0,1,46,28,6,74,0
OL48RRYB,33,5,4,30,4,0,25,5,4,22,4,0,8,0,0,8,0,0,1,0,0,1,0,0,30,8,1,38,0
SWUQB7J7,17,1,5,13,0,0,4,0,1,3,0,0,13,1,4,10,0,0,3,0,1,2,0,0,4,14,3,18,0
9N6RA8VU,66,24,21,52,15,4,44,20,17,32,13,4,22,4,4,20,2,0,7,2,1,7,1,0,64,26,9,90,0
WIYYNJR2,80,3,13,44,15,12,4,2,1,2,1,2,76,1,12,42,14,10,13,0,3,10,0,0,6,77,13,83,1
YL7HF7MY,9,1,4,5,1,0,6,0,3,2,1,0,3,1,1,3,0,0,1,1,0,2,0,0,6,4,2,10,0
GE3AOTJG,13,2,11,4,0,1,9,2,9,2,0,1,4,0,2,2,0,0,1,0,0,1,0,0,11,4,1,15,0
6WOKPTDH,15,0,3,12,0,1,2,0,2,0,0,0,13,0,1,12,0,1,2,0,0,2,0,0,2,13,2,15,0
GQYV7ABX,23,10,2,13,8,10,14,1,1,10,2,2,9,9,1,3,6,8,5,1,1,3,0,2,15,18,6,33,1
RTEGTMH7,9,0,2,6,1,0,3,0,1,2,0,0,6,0,1,4,1,0,1,0,0,1,0,0,3,6,1,9,0
ADJWI3II,32,1,12,20,1,1,4,0,3,1,0,0,28,1,9,19,1,1,2,0,2,0,0,1,4,29,2,33,0
KSHXX7FK,2,1,1,2,0,0,1,0,0,1,0,0,1,1,1,1,0,0,0,0,0,0,0,0,1,2,0,3,0
EFT4IOL2,88,4,17,71,4,1,26,2,8,19,1,1,62,2,9,52,3,0,16,1,3,14,0,0,28,64,17,92,0
HZBVCEME,30,4,5,27,0,2,21,2,5,16,0,2,9,2,0,11,0,0,1,0,0,1,0,0,23,11,1,34,0
XK66PMNW,42,4,15,31,0,3,19,4,10,13,0,2,23,0,5,18,0,1,5,0,0,5,0,0,23,23,5,46,0
XSMXW5KC,18,13,9,20,2,0,15,9,7,15,2,0,3,4,2,5,0,0,1,0,1,0,0,0,24,7,1,31,0
WDTNQ9MT,73,3,22,54,0,1,18,1,7,12,0,0,55,2,15,42,0,1,7,0,3,4,0,0,19,57,7,76,0
1G1LMTZK,45,2,13,29,1,4,18,2,2,13,1,4,27,0,11,16,0,0,3,0,0,3,0,0,20,27,3,47,0
2FUKLDMK,12,0,0,9,0,3,7,0,0,4,0,3,5,0,0,5,0,0,2,0,0,2,0,0,7,5,2,12,0
EML8HTGD,16,1,1,16,0,0,9,1,0,10,0,0,7,0,1,6,0,0,0,0,0,0,0,0,10,7,0,17,0
2R95NOHU,95,6,20,80,1,0,24,2,6,19,1,0,71,4,14,61,0,0,22,0,4,18,0,0,26,75,22,101,0
LWIS9KZE,72,4,29,46,1,1,20,1,10,11,0,1,52,3,19,35,1,0,9,0,1,8,0,0,21,55,9,76,0
TQZHEYKO,62,1,11,48,4,0,13,1,0,13,1,0,49,0,11,35,3,0,10,0,3,7,0,0,14,49,10,63,0
ZWD2KF8B,35,2,3,28,6,0,6,1,0,6,1,0,29,1,3,22,5,0,1,0,0,1,0,0,7,30,1,37,0
IOGJWA9R,78,9,11,69,5,2,21,3,3,19,0,2,57,6,8,50,5,0,3,0,0,3,0,0,24,63,3,87,0
FMJGELXQ,64,16,29,45,6,0,36,13,18,26,5,0,28,3,11,19,1,0,6,0,3,2,1,0,49,31,6,80,0
JP7D2NEG,22,4,8,15,1,2,8,4,5,6,1,0,14,0,3,9,0,2,1,0,0,1,0,0,12,14,1,26,0
IZEEXWDH,18,1,3,16,0,0,14,1,2,13,0,0,4,0,1,3,0,0,1,0,0,1,0,0,15,4,1,19,0
DIQZNT5A,14,1,2,12,1,0,8,1,1,8,0,0,6,0,1,4,1,0,1,0,1,0,0,0,9,6,1,15,0
YGSML67T,9,0,5,4,0,0,8,0,5,3,0,0,1,0,0,1,0,0,0,0,0,0,0,0,8,1,0,9,0
RINTI78O,3,0,0,2,1,0,2,0,0,1,1,0,1,0,0,1,0,0,0,0,0,0,0,0,2,1,0,3,0
28QDMHR3,21,1,10,12,0,0,6,1,1,6,0,0,15,0,9,6,0,0,6,0,4,2,0,0,7,15,6,22,0
NULHYFVY,125,20,25,104,14,1,49,14,13,41,7,1,76,6,12,63,7,0,12,0,1,11,0,0,63,82,12,145,0
WUMUWDQS,8,0,3,5,0,0,3,0,1,2,0,0,5,0,2,3,0,0,1,0,1,0,0,0,3,5,1,8,0
KTXEEJA1,13,0,1,12,0,0,3,0,0,3,0,0,10,0,1,9,0,0,0,0,0,0,0,0,3,10,0,13,0
VLKKUBQN,19,0,3,16,0,0,3,0,0,3,0,0,16,0,3,13,0,0,1,0,1,0,0,0,3,16,1,19,0
VK668WUH,51,13,5,49,9,1,31,8,4,29,6,0,20,5,1,20,3,1,0,0,0,0,0,0,39,25,0,64,0
21AAVAV1,8,0,3,5,0,0,4,0,2,2,0,0,4,0,1,3,0,0,0,0,0,0,0,0,4,4,0,8,0
TBK37SA8,24,1,6,18,1,0,5,0,0,5,0,0,19,1,6,13,1,0,5,1,1,4,1,0,5,20,6,25,0
SFBD32QG,49,9,8,22,13,16,24,3,4,8,9,6,25,6,4,14,4,10,3,1,0,0,1,3,27,31,4,58,0
Z7RRCGKE,18,0,2,16,0,0,5,0,1,4,0,0,13,0,1,12,0,0,2,0,0,2,0,0,5,13,2,18,0
495UCBLM,28,2,5,25,0,1,10,0,3,7,0,1,18,2,2,18,0,0,4,0,0,4,0,0,10,20,4,30,0
DOD4JGQG,26,6,0,27,5,0,5,1,0,6,0,0,21,5,0,21,5,0,1,5,0,4,2,0,6,26,6,32,0
5FXSZFDJ,40,0,15,23,2,0,3,0,2,1,0,0,37,0,13,22,2,0,4,0,2,2,0,0,3,37,4,40,0
WDQMDBCD,57,8,14,51,0,2,35,4,8,31,0,0,22,4,6,20,0,2,1,0,0,1,0,0,39,26,1,65,0
LDNKZRN9,12,0,7,5,0,0,7,0,4,3,0,0,5,0,3,2,0,0,0,0,0,0,0,0,7,5,0,12,0
MXIAEQ68,68,11,22,54,3,1,17,3,3,16,1,0,51,8,19,38,2,1,9,3,4,8,0,0,20,59,12,79,0
9UQN7XYZ,18,3,0,14,7,0,8,1,0,8,1,0,10,2,0,6,6,0,2,0,0,0,2,0,9,12,2,21,0
6THBQ9EX,5,0,1,4,0,0,3,0,1,2,0,0,2,0,0,2,0,0,0,0,0,0,0,0,3,2,0,5,0
G8KHPVKX,22,1,3,18,2,0,6,0,1,5,0,0,16,1,2,13,2,0,7,0,0,6,1,0,6,17,7,23,0
NYU8MNDI,6,3,0,9,0,0,1,3,0,4,0,0,5,0,0,5,0,0,0,0,0,0,0,0,4,5,0,9,0
9DXABEMK,8,0,4,4,0,0,6,0,4,2,0,0,2,0,0,2,0,0,2,0,0,2,0,0,6,2,2,8,0
6C3E6RZP,4,0,0,4,0,0,0,0,0,0,0,0,4,0,0,4,0,0,1,0,0,1,0,0,0,4,1,4,0
J8IN1ZO6,71,19,4,43,36,6,7,13,0,10,7,3,64,6,4,33,29,3,21,1,3,9,10,0,20,70,22,90,0
NTBWYBWF,6,0,1,5,0,0,1,0,0,1,0,0,5,0,1,4,0,0,0,0,0,0,0,0,1,5,0,6,0
VV38H6RN,24,1,4,19,2,0,7,0,1,5,1,0,17,1,3,14,1,0,4,0,0,4,0,0,7,18,4,25,0
L24APMFX,25,1,9,16,1,0,5,1,3,3,0,0,20,0,6,13,1,0,3,0,1,2,0,0,6,20,3,26,0
AGLLGAXW,29,4,1,27,4,1,9,3,1,8,3,0,20,1,0,19,1,1,4,0,0,4,0,0,12,21,4,33,0
OWHKNXK4,183,38,86,114,19,2,52,12,20,36,6,2,131,26,66,78,13,0,25,5,18,11,1,0,64,157,30,221,0
RGG53EE4,12,1,5,8,0,0,4,1,3,2,0,0,8,0,2,6,0,0,0,0,0,0,0,0,5,8,0,13,0
J14HXWBF,11,1,2,6,1,3,6,0,1,3,0,2,5,1,1,3,1,1,0,0,0,0,0,0,6,6,0,12,0
AHQPYUIQ,39,7,14,29,2,1,19,7,9,14,2,1,20,0,5,15,0,0,5,0,1,4,0,0,26,20,5,46,0
EZJ1OSKV,79,23,16,58,23,6,39,11,11,24,10,6,40,12,5,34,13,0,3,3,1,4,1,0,50,52,6,102,0
J5FOP6B3,19,3,3,13,6,0,6,2,0,5,3,0,13,1,3,8,3,0,3,0,1,1,1,0,8,14,3,22,0
WTQVKQXO,55,3,15,39,4,0,18,0,2,15,1,0,37,3,13,24,3,0,5,1,2,3,1,0,18,40,6,58,0
CCRMAZ2T,4,0,0,4,0,0,1,0,0,1,0,0,3,0,0,3,0,0,0,0,0,0,0,0,1,3,0,4,0
MQ6D1NER,182,10,36,70,52,35,85,5,18,24,29,17,97,5,18,46,23,18,17,1,2,10,5,2,90,102,18,192,0
4L7KXLIY,21,3,8,13,2,1,1,0,0,1,0,0,20,3,8,12,2,1,6,0,3,3,0,0,1,23,6,24,0
WZIVRUFU,24,3,7,19,1,1,10,3,4,8,1,0,14,0,3,11,0,1,5,0,1,4,0,0,13,14,5,27,0
OFNV6JOD,56,3,9,41,9,0,25,0,3,17,5,0,31,3,6,24,4,0,1,2,0,2,1,0,25,34,3,59,0
XRXVVTHR,258,74,67,156,71,40,93,37,23,46,28,33,165,37,44,110,43,7,36,3,6,28,5,0,130,202,39,332,0
CYT8ZLFQ,11,1,4,8,0,0,5,1,4,2,0,0,6,0,0,6,0,0,1,0,0,1,0,0,6,6,1,12,0
XQKCJXHP,32,8,5,27,7,1,9,4,2,7,3,1,23,4,3,20,4,0,3,0,0,3,0,0,13,27,3,40,0
TCAM3LKS,23,12,3,11,10,11,16,1,1,11,2,3,7,11,2,0,8,8,4,2,2,0,2,2,17,18,6,35,0
KBTF1QBH,61,11,27,44,1,0,23,10,11,22,0,0,38,1,16,22,1,0,8,0,4,4,0,0,33,39,8,72,0
1ZBBQAO1,17,2,4,6,4,6,4,0,0,3,1,0,13,2,4,3,3,6,0,0,0,0,0,0,4,15,0,19,0
MOGDNRXB,67,2,17,49,3,1,25,2,5,19,3,1,42,0,12,30,0,0,7,0,4,3,0,0,27,42,7,69,0
ACBOBXF6,32,11,10,26,7,0,21,11,9,16,7,0,11,0,1,10,0,0,0,0,0,0,0,0,32,11,0,43,0
BU23PCBV,77,26,23,63,11,7,37,18,18,31,5,2,40,8,5,32,6,5,0,0,0,0,0,0,55,48,0,103,0
LBMG22UH,5,0,3,2,0,0,1,0,0,1,0,0,4,0,3,1,0,0,1,0,1,0,0,0,1,4,1,5,0
WOHZFIPX,8,0,2,6,0,0,8,0,2,6,0,0,0,0,0,0,0,0,0,0,0,0,0,0,8,0,0,8,0
KWIVFCEF,54,4,14,34,6,6,15,1,6,8,1,1,39,3,8,26,5,5,8,2,2,3,3,1,16,42,10,58,0
7BEKKEFC,47,6,14,26,12,1,9,2,4,5,1,1,38,4,10,21,11,0,2,1,1,2,0,0,11,42,3,53,0
VQS3ZSZ6,18,0,8,7,3,4,11,0,5,3,3,3,7,0,3,4,0,1,1,0,0,1,0,0,11,7,1,18,0
XOWI6BMY,69,5,22,51,0,2,16,4,4,16,0,0,53,1,18,35,0,2,6,0,4,2,0,0,20,54,6,74,0
ALQPEKF5,174,43,53,130,33,7,70,23,29,50,14,2,104,20,24,80,19,5,16,0,1,11,4,1,93,124,16,217,0
PDRKYDCV,21,1,8,4,8,2,4,0,2,0,2,0,17,1,6,4,6,2,7,1,3,2,1,2,4,18,8,22,0
U4ZTBZCC,40,1,13,28,0,0,7,0,2,5,0,0,33,1,11,23,0,0,6,0,1,5,0,0,7,34,6,41,0
WAB7UKJJ,22,2,1,7,12,4,11,1,1,5,3,3,11,1,0,2,9,1,3,0,0,0,3,0,12,12,3,24,0
AQFBMDII,97,15,13,87,12,0,22,7,3,20,6,0,75,8,10,67,6,0,14,0,3,10,1,0,29,83,14,112,0
KUB1P3UI,2,0,0,2,0,0,1,0,0,1,0,0,1,0,0,1,0,0,1,0,0,1,0,0,1,1,1,2,0
EIALUJGM,16,3,4,15,0,0,3,0,0,3,0,0,13,3,4,12,0,0,2,0,0,2,0,0,3,16,2,19,0
PALFJJIE,6,1,1,5,1,0,2,0,0,2,0,0,4,1,1,3,1,0,0,0,0,0,0,0,2,5,0,7,0
24NDPNYX,24,5,1,21,7,0,2,3,0,3,2,0,22,2,1,18,5,0,2,0,0,2,0,0,5,24,2,29,0
4R8PAJQ4,23,3,2,23,1,0,13,0,1,12,0,0,10,3,1,11,1,0,3,0,0,2,1,0,13,13,3,26,0
N4FXRPIV,42,3,9,29,6,1,13,1,3,8,2,1,29,2,6,21,4,0,2,1,0,3,0,0,14,31,3,45,0
ACNALHZ3,418,96,167,274,73,13,177,47,70,120,34,6,241,49,97,154,39,7,48,12,17,38,5,1,224,290,60,514,0
GHNGI3RE,1,0,0,1,0,0,1,0,0,1,0,0,0,0,0,0,0,0,0,0,0,0,0,0,1,0,0,1,0
OFGOO8SF,42,0,8,34,0,0,10,0,3,7,0,0,32,0,5,27,0,0,6,0,1,5,0,0,10,32,6,42,0
CS62BCUT,47,2,25,23,1,0,6,1,3,4,0,0,41,1,22,19,1,0,5,0,3,2,0,0,7,42,5,49,0
X8TDGJ8U,29,0,3,23,3,0,4,0,1,3,0,0,25,0,2,20,3,0,3,0,0,3,0,0,4,25,3,29,0
IA77CX5G,54,4,10,38,10,0,32,4,5,24,7,0,22,0,5,14,3,0,2,0,0,2,0,0,36,22,2,58,0
1NHD7FKD,12,1,6,7,0,0,5,0,2,3,0,0,7,1,4,4,0,0,2,0,1,1,0,0,5,8,2,13,0
ZWRKDFCJ,29,0,2,25,2,0,5,0,0,5,0,0,24,0,2,20,2,0,7,0,2,5,0,0,5,24,7,29,0
47AHDILT,1,0,1,0,0,0,1,0,1,0,0,0,0,0,0,0,0,0,0,0,0,0,0,0,1,0,0,1,0
HZSCFYY7,49,14,5,30,11,17,4,1,1,3,1,0,45,13,4,27,10,17,9,0,1,4,0,4,5,58,9,63,0
4EQBGIUG,43,17,0,48,9,3,21,11,0,25,4,3,22,6,0,23,5,0,6,0,0,3,3,0,32,28,6,60,0
R7ZODJCD,29,0,4,23,2,0,13,0,2,9,2,0,16,0,2,14,0,0,2,0,2,0,0,0,13,16,2,29,0
HSTTCT2I,39,8,1,36,10,0,11,4,1,9,5,0,28,4,0,27,5,0,8,0,0,6,2,0,15,32,8,47,0
FI18TS8V,28,5,9,17,4,3,8,3,3,5,1,2,20,2,6,12,3,1,2,0,0,1,1,0,11,22,2,33,0
DDGAGRN7,6,0,0,5,1,0,1,0,0,1,0,0,5,0,0,4,1,0,0,0,0,0,0,0,1,5,0,6,0
TCBX5HO9,71,29,40,51,9,4,24,15,19,17,3,2,47,14,21,34,6,2,4,0,2,2,0,0,39,61,4,100,0
FGCNQ4XV,10,1,2,8,1,0,9,0,1,7,1,0,1,1,1,1,0,0,0,0,0,0,0,0,9,2,0,11,0
3J23DPFO,131,9,45,91,4,0,44,5,13,35,1,0,87,4,32,56,3,0,11,0,4,6,1,0,49,91,11,140,0
Y84SLUYM,177,8,58,120,7,3,51,7,20,37,1,2,126,1,38,83,6,1,18,1,4,14,1,0,58,127,19,185,0
LT8NECRE,133,37,18,107,43,2,60,17,8,49,19,1,73,20,10,58,24,1,19,0,4,13,2,0,77,93,19,170,0
KND7RZJW,4,0,2,2,0,0,1,0,1,0,0,0,3,0,1,2,0,0,0,0,0,0,0,0,1,3,0,4,0
UR6K45HW,34,8,10,32,0,0,4,1,2,3,0,0,30,7,8,29,0,0,20,5,5,20,0,0,5,37,25,42,0
UYYGBA88,65,19,11,66,7,0,20,5,3,20,2,0,45,14,8,46,5,0,7,2,3,5,1,0,25,59,9,84,0
OZBVANYD,67,5,18,49,4,2,33,5,11,25,1,2,34,0,7,24,3,0,0,0,0,0,0,0,38,34,0,72,0
BJNQBMK9,3,12,4,10,1,0,1,7,1,6,1,0,2,5,3,4,0,0,2,3,1,4,0,0,8,7,5,15,0
ZPU4HUI8,37,1,7,31,0,0,14,1,5,10,0,0,23,0,2,21,0,0,1,0,0,1,0,0,15,23,1,38,0
3JHQY3N2,12,0,0,7,5,0,4,0,0,1,3,0,8,0,0,6,2,0,4,0,0,4,0,0,4,8,4,12,0
SNDB7LLO,20,1,7,3,9,5,6,0,2,2,2,1,14,1,5,1,7,4,4,0,2,1,1,0,6,15,4,21,0
ARXNN8VN,22,0,11,11,0,0,3,0,1,2,0,0,19,0,10,9,0,0,4,0,3,1,0,0,3,19,4,22,0
MULSMW9U,47,6,13,40,0,0,14,5,6,13,0,0,33,1,7,27,0,0,2,0,0,2,0,0,19,34,2,53,0
QMQJC2O6,32,2,4,30,0,0,14,2,3,13,0,0,18,0,1,17,0,0,3,0,0,3,0,0,16,18,3,34,0
PLYV7AOZ,105,13,26,69,23,0,27,3,9,17,4,0,78,10,17,52,19,0,10,0,4,6,0,0,30,88,10,118,0
1B4UFDBN,17,5,4,16,2,0,2,4,0,5,1,0,15,1,4,11,1,0,1,1,1,0,1,0,6,16,2,22,0
4LSNVIUG,28,0,8,20,0,0,19,0,6,13,0,0,9,0,2,7,0,0,2,0,1,1,0,0,19,9,2,28,0
WFXZLABM,41,6,9,33,2,3,8,0,3,5,0,0,33,6,6,28,2,3,6,3,2,7,0,0,8,39,9,47,0
9J6HZI1E,6,1,2,5,0,0,2,0,0,2,0,0,4,1,2,3,0,0,2,0,0,2,0,0,2,5,2,7,0
8QHVL74H,106,4,33,67,7,3,29,1,9,18,2,1,77,3,24,49,5,2,21,0,6,12,3,0,30,80,21,110,0
XH91GRPQ,17,2,2,13,4,0,3,1,1,2,1,0,14,1,1,11,3,0,0,0,0,0,0,0,4,15,0,19,0
K2INRU4T,20,2,3,19,0,0,6,2,2,6,0,0,14,0,1,13,0,0,2,0,0,2,0,0,8,14,2,22,0
1HDF6EJ5,332,65,57,210,108,23,119,32,18,74,46,14,213,33,39,136,62,9,49,2,5,27,12,7,151,246,51,397,0
CGV8IUKT,212,48,45,175,40,1,110,29,24,90,25,0,102,19,21,85,15,1,14,1,6,9,0,1,139,121,15,260,0
NZOCEFO4,3,0,0,3,0,0,2,0,0,2,0,0,1,0,0,1,0,0,1,0,0,1,0,0,2,1,1,3,0
EDQXG6EE,78,2,30,50,0,0,18,2,9,11,0,0,60,0,21,39,0,0,8,0,1,7,0,0,20,60,8,80,0
ISYVUADD,25,2,3,23,1,0,8,1,1,7,1,0,17,1,2,16,0,0,2,0,0,2,0,0,9,18,2,27,0
FQNA9OHX,47,1,14,28,6,1,14,0,3,9,2,1,33,1,11,19,4,0,7,1,3,5,0,0,14,34,8,48,0
DT5EKFY9,58,16,8,20,12,37,30,10,7,6,5,25,28,6,1,14,7,12,0,0,0,0,0,0,40,34,0,74,0
VR5Z2XI9,40,4,7,36,1,0,11,1,2,9,1,0,29,3,5,27,0,0,1,0,1,0,0,0,12,32,1,44,0
GY2Y85TZ,17,1,4,14,0,0,4,1,0,5,0,0,13,0,4,9,0,0,6,0,3,3,0,0,5,13,6,18,0
BI3IHVG9,5,3,0,3,1,4,1,0,0,1,0,0,4,3,0,2,1,4,0,2,0,2,0,0,1,7,2,8,0
LZEHZFWL,101,21,10,94,17,1,44,9,0,46,7,0,57,12,10,48,10,1,4,1,0,5,0,0,53,69,5,122,0
LJ89HYSO,47,10,15,41,1,0,19,8,8,19,0,0,28,2,7,22,1,0,5,0,0,5,0,0,27,30,5,57,0
YU3BCCWB,7,0,3,4,0,0,0,0,0,0,0,0,7,0,3,4,0,0,3,0,2,1,0,0,0,7,3,7,0
4BIM6YNM,32,4,2,25,7,2,25,3,2,21,5,0,7,1,0,4,2,2,2,0,0,0,2,0,28,8,2,36,0
VLDOFSK6,33,0,9,24,0,0,12,0,3,9,0,0,21,0,6,15,0,0,5,0,0,5,0,0,12,21,5,33,0
QEF45RDX,92,17,11,70,21,7,53,15,2,40,19,7,39,2,9,30,2,0,4,0,1,3,0,0,68,41,4,109,0
USWYCGIQ,119,24,27,100,16,0,38,15,11,34,8,0,81,9,16,66,8,0,16,3,1,18,0,0,53,90,19,143,0
4ITF4WDK,1,1,0,2,0,0,1,1,0,2,0,0,0,0,0,0,0,0,0,0,0,0,0,0,2,0,0,2,0
4RK8UBMU,38,0,7,31,0,0,5,0,3,2,0,0,33,0,4,29,0,0,3,0,0,3,0,0,5,33,3,38,0
NUDVDDYZ,5,2,1,6,0,0,2,1,0,3,0,0,3,1,1,3,0,0,0,0,0,0,0,0,3,4,0,7,0
LTEZHT7T,45,4,14,34,1,0,13,3,3,12,1,0,32,1,11,22,0,0,8,0,3,5,0,0,16,33,8,49,0
KFYTYZIZ,18,4,2,18,2,0,8,1,1,7,1,0,10,3,1,11,1,0,1,0,0,1,0,0,9,13,1,22,0
FZFBUT36,5,0,1,4,0,0,2,0,0,2,0,0,3,0,1,2,0,0,1,0,0,1,0,0,2,3,1,5,0
CUGDIB7D,89,24,17,58,21,18,56,19,11,36,15,14,33,5,6,22,6,4,7,1,1,6,0,1,75,38,8,113,0
RDUOZLDP,21,4,7,17,1,0,4,0,3,1,0,0,17,4,4,16,1,0,6,0,2,4,0,0,4,21,6,25,0
Q6FHDOEN,77,0,15,60,2,0,19,0,3,16,0,0,58,0,12,44,2,0,18,0,1,16,1,0,19,58,18,77,0
6HGY3MD2,29,3,8,24,0,0,11,2,3,10,0,0,18,1,5,14,0,0,3,0,1,2,0,0,13,19,3,32,0
7GGMWHFL,29,3,14,17,1,2,9,3,5,7,0,2,20,0,9,10,1,0,1,0,0,1,0,0,12,20,1,32,0
51A56XCD,169,2,30,136,5,0,56,2,12,46,0,0,113,0,18,90,5,0,17,0,2,15,0,0,58,113,17,171,0
MOTN5IYJ,91,9,19,64,14,3,37,3,7,29,4,0,54,6,12,35,10,3,16,2,4,11,1,2,40,60,18,100,0
L5GPYKMX,120,40,47,107,0,8,51,19,20,45,0,6,69,21,27,62,0,2,6,0,0,6,0,0,70,90,6,160,0
O1O79DR3,8,0,0,7,1,0,3,0,0,3,0,0,5,0,0,4,1,0,1,0,0,1,0,0,3,5,1,8,0
WORKDOBM,17,0,8,9,0,0,4,0,1,3,0,0,13,0,7,6,0,0,4,0,2,2,0,0,4,13,4,17,0
JGATF3HE,10,0,1,8,1,0,1,0,0,1,0,0,9,0,1,7,1,0,4,0,1,3,0,0,1,9,4,10,0
5SERCOHY,30,4,6,24,4,0,8,1,2,6,1,0,22,3,4,18,3,0,5,0,0,5,0,0,9,25,5,34,0
YGWOVPZJ,25,3,17,11,0,0,6,1,3,4,0,0,19,2,14,7,0,0,3,0,1,2,0,0,7,21,3,28,0
XFFGWXAC,145,3,26,112,10,8,41,2,10,32,1,2,104,1,16,80,9,6,9,0,0,6,3,0,43,105,9,148,0
MNEQGOVD,1,0,0,0,1,0,1,0,0,0,1,0,0,0,0,0,0,0,0,0,0,0,0,0,1,0,0,1,0
TVUG27IJ,14,1,0,15,0,0,5,0,0,5,0,0,9,1,0,10,0,0,5,0,0,5,0,0,5,10,5,15,0
PHAE7DJI,58,1,11,45,3,0,25,1,6,20,0,0,33,0,5,25,3,0,3,0,0,3,0,0,26,33,3,59,0
9MWYKNEG,35,3,13,23,2,0,15,0,7,8,0,0,20,3,6,15,2,0,5,2,2,3,2,0,15,23,7,38,0
BJVLFMXC,90,17,20,78,8,0,25,6,3,26,1,0,65,11,17,52,7,0,11,3,2,11,1,0,31,76,14,107,0
C6RJ8SOH,140,14,33,101,19,1,61,11,16,44,12,0,79,3,17,57,7,1,8,1,1,7,1,0,72,82,9,154,0
NB55U4BD,2,0,0,2,0,0,1,0,0,1,0,0,1,0,0,1,0,0,0,0,0,0,0,0,1,1,0,2,0
JMHRFSFS,0,1,0,1,0,0,0,0,0,0,0,0,0,1,0,1,0,0,0,0,0,0,0,0,0,1,0,1,0
N1OK2WHA,55,1,14,40,2,0,20,1,5,15,1,0,35,0,9,25,1,0,10,0,4,6,0,0,21,35,10,56,0
E3E2DCRP,37,1,5,33,0,0,17,0,3,14,0,0,20,1,2,19,0,0,0,0,0,0,0,0,17,21,0,38,0
BBEOADCM,1,0,0,1,0,0,1,0,0,1,0,0,0,0,0,0,0,0,0,0,0,0,0,0,1,0,0,1,0
NSESPJSL,2,0,1,1,0,0,1,0,1,0,0,0,1,0,0,1,0,0,0,0,0,0,0,0,1,1,0,2,0
IJIXCVYT,30,3,4,16,6,7,20,1,4,8,5,4,10,2,0,8,1,3,1,0,0,1,0,0,21,12,1,33,0
NWBNLLBF,51,2,8,42,3,0,19,0,5,14,0,0,32,2,3,28,3,0,3,0,1,2,0,0,19,34,3,53,0
64HI282G,261,45,32,149,84,43,67,22,15,44,19,13,194,23,17,105,65,30,32,0,6,21,4,1,89,217,32,306,1
AE7FFEZP,30,0,2,28,0,0,5,0,0,5,0,0,25,0,2,23,0,0,6,0,1,5,0,0,5,25,6,30,0
OCN3Y54M,26,2,4,19,4,1,8,0,2,6,0,0,18,2,2,13,4,1,2,2,1,2,1,0,8,20,4,28,0
HQQWWIU5,30,0,13,17,0,1,12,0,4,8,0,0,18,0,9,9,0,1,3,0,2,1,0,1,12,18,3,30,0
X2VUKSZQ,12,0,4,5,1,2,2,0,1,1,0,0,10,0,3,4,1,2,4,0,2,2,0,0,2,10,4,12,0
UJPE53BI,27,2,2,26,1,0,6,0,0,6,0,0,21,2,2,20,1,0,0,0,0,0,0,0,6,23,0,29,0
IP3TDON8,3,0,1,2,0,0,1,0,0,1,0,0,2,0,1,1,0,0,0,0,0,0,0,0,1,2,0,3,0
XFEL9SRT,56,3,13,46,0,0,11,1,2,10,0,0,45,2,11,36,0,0,10,0,1,9,0,0,12,47,10,59,0
ACFTJQ4O,63,5,9,51,8,0,19,2,2,16,3,0,44,3,7,35,5,0,10,0,4,6,0,0,21,47,10,68,0
UFYFZOQX,22,2,5,18,0,2,8,1,3,5,0,1,14,1,2,13,0,1,4,1,1,4,0,1,9,15,5,24,0
37TXOCDY,4,0,0,4,0,0,0,0,0,0,0,0,4,0,0,4,0,0,4,0,0,4,0,0,0,4,4,4,1
UKK1EC76,35,0,3,32,0,0,9,0,0,9,0,0,26,0,3,23,0,0,1,0,0,1,0,0,9,26,1,35,0
QX59NAFC,22,0,2,20,0,0,5,0,0,5,0,0,17,0,2,15,0,0,2,0,0,2,0,0,5,17,2,22,0
KW8VRVKE,1,1,0,2,0,0,0,0,0,0,0,0,1,1,0,2,0,0,1,1,0,2,0,0,0,2,2,2,0
JZK1UB81,73,2,13,59,3,1,14,1,4,11,0,1,59,1,9,48,3,0,9,1,0,8,2,0,15,60,10,75,0
J4GYXVH2,46,14,4,54,2,0,15,3,2,16,0,0,31,11,2,38,2,0,0,0,0,0,0,0,18,42,0,60,1
DPSYHLOW,16,1,0,16,1,0,7,1,0,8,0,0,9,0,0,8,1,0,0,0,0,0,0,0,8,9,0,17,0
CFIWDHBY,11,0,3,5,0,1,4,0,2,0,0,1,7,0,1,5,0,0,3,0,0,2,0,0,4,7,3,11,0
98CXS2U2,8,0,1,7,0,0,5,0,0,5,0,0,3,0,1,2,0,0,0,0,0,0,0,0,5,3,0,8,0
7CSLIK9F,336,67,37,234,114,18,117,27,17,65,51,11,219,40,20,169,63,7,36,1,1,28,8,0,144,259,37,403,0
8XRYFIAI,7,0,1,6,0,0,0,0,0,0,0,0,7,0,1,6,0,0,1,0,1,0,0,0,0,7,1,7,0
UQGDLQPB,4,0,0,4,0,0,4,0,0,4,0,0,0,0,0,0,0,0,0,0,0,0,0,0,4,0,0,4,0
DBOZRSAF,48,2,6,44,0,0,15,2,1,16,0,0,33,0,5,28,0,0,3,0,1,2,0,0,17,33,3,50,0
EJBIPLLA,40,0,16,20,1,3,14,0,5,8,1,0,26,0,11,12,0,3,6,0,2,4,0,0,14,26,6,40,0
51KIMWZG,6,0,1,4,1,0,2,0,1,1,0,0,4,0,0,3,1,0,0,0,0,0,0,0,2,4,0,6,0
HJCMZENJ,2,2,0,2,2,0,2,0,0,0,2,0,0,2,0,2,0,0,0,0,0,0,0,0,2,2,0,4,0
UWFBG7BF,28,10,14,18,1,7,27,10,14,17,1,7,1,0,0,1,0,0,0,0,0,0,0,0,37,1,0,38,0
PDYCPVBJ,67,0,20,39,3,5,28,0,6,14,3,5,39,0,14,25,0,0,3,0,2,1,0,0,28,39,3,67,0
QNGJKEXB,9,0,2,7,0,0,5,0,2,3,0,0,4,0,0,4,0,0,1,0,0,1,0,0,5,4,1,9,0
RKMCYE4Y,7,8,2,11,2,0,4,5,2,5,2,0,3,3,0,6,0,0,0,0,0,0,0,0,9,6,0,15,0
JNZ2UH1B,25,6,3,22,6,0,13,6,0,13,6,0,12,0,3,9,0,0,0,0,0,0,0,0,19,12,0,31,0
KYHBFZUJ,3,2,0,5,0,0,0,0,0,0,0,0,3,2,0,5,0,0,3,0,0,3,0,0,0,5,3,5,0
TC5VIRGK,24,4,3,25,0,0,1,0,0,1,0,0,23,4,3,24,0,0,3,0,0,3,0,0,1,27,3,28,0
VE1ZOWEG,90,17,38,65,4,0,41,11,20,31,1,0,49,6,18,34,3,0,5,0,3,2,0,0,52,55,5,107,0
ST3TBCIV,18,0,4,7,2,5,7,0,2,1,1,3,11,0,2,6,1,2,1,0,0,1,0,0,7,11,1,18,0
IG1LFTRC,104,9,15,77,21,0,39,7,4,30,12,0,65,2,11,47,9,0,6,0,0,4,2,0,46,67,6,113,0
NGO4E9TY,5,0,4,1,0,0,0,0,0,0,0,0,5,0,4,1,0,0,5,0,4,1,0,0,0,5,5,5,0
TADGIAQN,11,0,2,9,0,0,3,0,0,3,0,0,8,0,2,6,0,0,4,0,0,4,0,0,3,8,4,11,0
VZFDATVS,20,9,7,18,3,1,16,7,5,14,3,1,4,2,2,4,0,0,2,2,1,3,0,0,23,6,4,29,0
571EQVJN,14,3,2,13,2,0,2,2,1,3,0,0,12,1,1,10,2,0,1,0,0,1,0,0,4,13,1,17,0
ECVWSDZC,46,0,13,30,3,0,13,0,7,5,1,0,33,0,6,25,2,0,2,0,0,2,0,0,13,33,2,46,0
XBY77OES,87,6,11,37,20,25,35,2,2,13,8,14,52,4,9,24,12,11,6,0,4,2,0,0,37,56,6,93,0
JKB48XAO,52,1,12,38,3,0,7,1,4,4,0,0,45,0,8,34,3,0,9,0,1,7,1,0,8,45,9,53,0
1LU6BTRB,34,7,7,16,2,16,24,7,7,7,1,16,10,0,0,9,1,0,0,0,0,0,0,0,31,10,0,41,0
NGLEXB7H,4,0,0,4,0,0,0,0,0,0,0,0,4,0,0,4,0,0,0,0,0,0,0,0,0,4,0,4,1
OG5YSDLS,3,0,0,3,0,0,0,0,0,0,0,0,3,0,0,3,0,0,3,0,0,3,0,0,0,3,3,3,0
HXWLORXE,1,0,0,1,0,0,0,0,0,0,0,0,1,0,0,1,0,0,0,0,0,0,0,0,0,1,0,1,0
G7PWHIGJ,123,32,48,84,23,1,67,24,26,46,19,1,56,8,22,38,4,0,10,0,4,6,0,0,91,64,10,155,0
SVIATMG8,119,19,20,101,16,1,60,8,10,43,14,1,59,11,10,58,2,0,13,1,2,11,1,0,68,70,14,138,0
9LFYHM5O,32,10,13,28,0,6,4,1,0,5,0,0,28,9,13,23,0,6,2,3,4,1,0,3,5,37,5,42,0
KIF44XQI,11,1,2,10,0,0,2,0,0,2,0,0,9,1,2,8,0,0,3,1,0,4,0,0,2,10,4,12,0
KLMDLEHN,261,62,88,207,26,1,74,16,20,60,9,1,187,46,68,147,17,0,26,2,11,17,0,0,90,233,28,323,0
GCK1CTDN,13,0,1,12,0,0,0,0,0,0,0,0,13,0,1,12,0,0,2,0,1,1,0,0,0,13,2,13,0
ZRHWXKHL,52,7,8,42,3,6,17,0,2,14,1,0,35,7,6,28,2,6,6,5,5,5,1,0,17,42,11,59,0
QCSCVKUA,29,1,3,27,0,0,11,1,2,10,0,0,18,0,1,17,0,0,4,0,0,4,0,0,12,18,4,30,0
EOMKAPXN,25,19,1,13,7,23,17,18,0,6,6,23,8,1,1,7,1,0,4,0,1,3,0,0,35,9,4,44,0
8KREHWTD,37,4,2,35,4,0,10,0,0,8,2,0,27,4,2,27,2,0,2,0,0,2,0,0,10,31,2,41,0
XVR7FSI2,8,2,2,7,1,0,5,1,2,4,0,0,3,1,0,3,1,0,0,1,0,0,1,0,6,4,1,10,0
VYIM8JDY,28,1,9,20,0,1,6,1,2,5,0,1,22,0,7,15,0,0,4,0,1,3,0,0,7,22,4,29,0
EKQWSHBX,23,1,4,19,1,0,3,1,4,0,0,0,20,0,0,19,1,0,4,0,0,4,0,0,4,20,4,24,0
WLK4M9PD,53,4,11,43,2,1,14,1,2,12,0,1,39,3,9,31,2,0,6,0,2,4,0,0,15,42,6,57,0
H5QXFPOH,72,5,30,45,2,2,51,5,22,32,2,2,21,0,8,13,0,0,2,0,1,1,0,0,56,21,2,77,0
ASJDPLEM,5,0,0,5,0,0,2,0,0,2,0,0,3,0,0,3,0,0,0,0,0,0,0,0,2,3,0,5,0
EGVNESTE,33,0,3,30,0,0,7,0,0,7,0,0,26,0,3,23,0,0,10,0,1,9,0,0,7,26,10,33,0
5XG5QNPP,27,0,7,18,2,1,11,0,4,6,1,1,16,0,3,12,1,0,3,0,1,2,0,0,11,16,3,27,0
HDFRGEMC,3,3,0,5,1,0,0,0,0,0,0,0,3,3,0,5,1,0,3,3,0,5,1,0,0,6,6,6,0
2CVDVF89,29,0,2,27,0,1,7,0,0,7,0,0,22,0,2,20,0,1,3,0,0,3,0,0,7,22,3,29,0
TBEFYAVW,1,0,0,1,0,0,1,0,0,1,0,0,0,0,0,0,0,0,0,0,0,0,0,0,1,0,0,1,0
H7QCMHPJ,18,1,11,8,0,0,4,0,0,4,0,0,14,1,11,4,0,0,3,0,3,0,0,0,4,15,3,19,0
1X7AMDMY,1,0,0,1,0,0,0,0,0,0,0,0,1,0,0,1,0,0,1,0,0,1,0,0,0,1,1,1,0
YCXIKRXX,29,8,13,20,4,1,13,6,7,11,1,0,16,2,6,9,3,1,3,0,0,2,1,0,19,18,3,37,0
LURHTPOU,43,7,17,31,2,0,15,0,4,11,0,0,28,7,13,20,2,0,3,0,2,1,0,0,15,35,3,50,1
LARDFHAJ,39,5,12,31,1,0,15,3,8,9,1,0,24,2,4,22,0,0,1,0,1,0,0,0,18,26,1,44,0
JA5DFJPT,156,23,43,127,9,0,49,6,15,35,5,0,107,17,28,92,4,0,11,0,2,9,0,0,55,124,11,179,0
6ZWJBVDD,6,0,1,4,1,0,1,0,0,1,0,0,5,0,1,3,1,0,1,0,0,1,0,0,1,5,1,6,0
W9VJXQMQ,13,3,1,9,6,0,8,1,1,4,4,0,5,2,0,5,2,0,1,0,0,1,0,0,9,7,1,16,0
WVEGZ7XB,12,0,0,2,10,0,1,0,0,1,0,0,11,0,0,1,10,0,0,0,0,0,0,0,1,11,0,12,0
TN1EHOFX,9,0,3,6,0,0,4,0,2,2,0,0,5,0,1,4,0,0,0,0,0,0,0,0,4,5,0,9,0
L5RWKPK8,23,1,8,13,3,0,7,1,3,5,0,0,16,0,5,8,3,0,0,0,0,0,0,0,8,16,0,24,0
KFTWXXBL,8,1,2,7,0,0,1,0,0,1,0,0,7,1,2,6,0,0,0,0,0,0,0,0,1,8,0,9,0
DVIYJLCI,66,6,20,47,5,1,26,4,8,19,3,0,40,2,12,28,2,1,5,0,1,4,0,0,30,42,5,72,0
3DKRFUPT,35,2,15,21,1,0,8,0,5,3,0,0,27,2,10,18,1,0,1,0,1,0,0,0,8,29,1,37,0
JZ5BRNLS,151,32,24,147,12,1,55,11,8,53,5,1,96,21,16,94,7,0,23,8,3,26,2,0,66,117,31,183,0
ZPBNCEHB,44,2,23,22,1,1,20,1,12,8,1,1,24,1,11,14,0,0,5,0,0,5,0,0,21,25,5,46,0
3YYYMHP6,46,0,7,38,1,0,12,0,3,9,0,0,34,0,4,29,1,0,6,0,0,6,0,0,12,34,6,46,0
LFL7QDLJ,58,23,9,68,4,0,15,13,4,24,0,0,43,10,5,44,4,0,8,0,1,7,0,0,28,53,8,81,0
CLKL9JTJ,85,17,41,49,12,1,51,8,23,28,8,1,34,9,18,21,4,0,3,0,1,2,0,0,59,43,3,102,0
HAFUJEXA,38,0,12,26,0,0,18,0,9,9,0,0,20,0,3,17,0,0,3,0,0,3,0,0,18,20,3,38,0
NRZHNDWL,7,0,3,4,0,0,3,0,2,1,0,0,4,0,1,3,0,0,0,0,0,0,0,0,3,4,0,7,0
6SJMUKVK,31,1,5,24,3,0,12,0,1,10,1,0,19,1,4,14,2,0,5,1,0,6,0,0,12,20,6,32,0
QBJMNYJL,58,9,10,49,8,0,27,5,3,23,6,0,31,4,7,26,2,0,5,1,3,3,0,0,32,35,6,67,0
EPPKW4HS,87,11,8,86,4,0,24,3,2,25,0,0,63,8,6,61,4,0,12,0,2,10,0,0,27,71,12,98,0
3VWCVCK5,2,0,0,2,0,0,0,0,0,0,0,0,2,0,0,2,0,0,1,0,0,1,0,0,0,2,1,2,0
OXWFI9FQ,33,3,8,28,0,0,12,3,4,11,0,0,21,0,4,17,0,0,4,0,2,2,0,0,15,21,4,36,0
6OSMNWYS,20,7,5,17,5,0,14,2,3,10,3,0,6,5,2,7,2,0,0,0,0,0,0,0,16,11,0,27,0
TTXSBMVW,18,0,7,10,1,0,5,0,2,3,0,0,13,0,5,7,1,0,2,0,2,0,0,0,5,13,2,18,0
5J1KNUHQ,14,9,2,9,1,11,1,2,0,3,0,0,13,7,2,6,1,11,8,7,2,2,0,11,3,20,15,23,0
NOFZN4VW,5,0,0,5,0,0,0,0,0,0,0,0,5,0,0,5,0,0,2,0,0,2,0,0,0,5,2,5,0
FUFUHPVG,22,0,3,18,1,0,4,0,2,2,0,0,18,0,1,16,1,0,6,0,0,5,1,0,4,18,6,22,0
PBNZOQPS,2,0,0,2,0,0,0,0,0,0,0,0,2,0,0,2,0,0,2,0,0,2,0,0,0,2,2,2,0
EIKEUV15,9,0,4,4,1,0,3,0,1,1,1,0,6,0,3,3,0,0,2,0,1,1,0,0,3,6,2,9,0
SC7MBBRT,26,0,5,20,1,0,6,0,1,4,1,0,20,0,4,16,0,0,2,0,0,2,0,0,6,20,2,26,0
IBHEHSIE,120,43,8,101,43,11,66,38,2,58,34,10,54,5,6,43,9,1,9,0,1,8,0,0,104,59,9,163,0
1UBIN7KP,15,0,2,12,1,0,7,0,0,7,0,0,8,0,2,5,1,0,0,0,0,0,0,0,7,8,0,15,0
QFKGN8GN,23,2,4,17,2,3,3,1,1,3,0,1,20,1,3,14,2,2,5,1,1,4,0,1,4,21,6,25,0
MQK3PEET,31,2,3,27,3,0,10,1,1,10,0,0,21,1,2,17,3,0,3,1,0,4,0,0,11,22,4,33,0
D3TZZJOC,119,13,15,91,24,2,52,4,6,34,15,1,67,9,9,57,9,1,6,2,1,6,1,0,56,76,8,132,0
DPAL7ZNQ,20,1,3,17,1,0,9,0,3,6,0,0,11,1,0,11,1,0,0,0,0,0,0,0,9,12,0,21,0
C9CFGSRP,31,0,6,25,0,0,3,0,1,2,0,0,28,0,5,23,0,0,1,0,1,0,0,0,3,28,1,31,0
IANKCUQJ,24,1,3,20,2,0,7,1,0,6,2,0,17,0,3,14,0,0,1,0,0,1,0,0,8,17,1,25,0
OZR8VDDQ,58,1,11,46,2,0,21,0,4,15,2,0,37,1,7,31,0,0,6,0,2,4,0,0,21,38,6,59,0
UYZW7SUB,205,8,72,139,2,10,64,6,25,44,1,2,141,2,47,95,1,8,27,0,6,21,0,1,70,143,27,213,0
VJ42LRQO,52,26,16,36,8,20,27,7,13,13,5,5,25,19,3,23,3,15,9,5,0,11,3,0,34,44,14,78,0
JCHGKW9X,54,5,1,10,24,24,0,0,0,0,0,0,54,5,1,10,24,24,20,2,0,3,4,15,0,59,22,59,0
G1UTQ4CU,78,8,28,53,5,0,29,3,9,18,5,0,49,5,19,35,0,0,8,0,3,5,0,0,32,54,8,86,0
ZWTXN1EQ,21,0,3,18,0,0,13,0,3,10,0,0,8,0,0,8,0,0,1,0,0,1,0,0,13,8,1,21,0
76T23CMA,11,0,0,10,0,1,6,0,0,6,0,0,5,0,0,4,0,1,1,0,0,1,0,0,6,5,1,11,0
2IZOX5DE,4,2,3,2,1,0,1,0,1,0,0,0,3,2,2,2,1,0,2,2,2,2,0,0,1,5,4,6,0
2TKSOM4F,1,0,0,1,0,0,0,0,0,0,0,0,1,0,0,1,0,0,1,0,0,1,0,0,0,1,1,1,0
FHSCJHIS,64,0,9,53,0,2,36,0,6,28,0,2,28,0,3,25,0,0,4,0,0,4,0,0,36,28,4,64,0
4GM8CHS4,62,5,9,56,2,0,14,1,2,13,0,0,48,4,7,43,2,0,2,0,1,1,0,0,15,52,2,67,0
BPRLFHD8,79,11,31,57,2,2,40,6,21,24,1,1,39,5,10,33,1,1,5,0,2,3,0,0,46,44,5,90,0
MGEQTXGN,59,0,5,46,2,6,35,0,2,25,2,6,24,0,3,21,0,0,1,0,0,1,0,0,35,24,1,59,0
U6CTJW58,39,0,1,37,1,0,15,0,0,15,0,0,24,0,1,22,1,0,2,0,0,2,0,0,15,24,2,39,0
HPMUSZTD,18,0,9,8,1,0,3,0,2,1,0,0,15,0,7,7,1,0,6,0,4,1,1,0,3,15,6,18,0
KJMAWWCH,17,0,1,16,0,0,5,0,0,5,0,0,12,0,1,11,0,0,0,0,0,0,0,0,5,12,0,17,0
16IOQU8U,97,6,54,49,0,6,27,2,20,9,0,3,70,4,34,40,0,3,15,0,8,7,0,0,29,74,15,103,0
D3RG8U7I,42,0,3,28,5,6,21,0,2,12,2,5,21,0,1,16,3,1,2,0,0,2,0,0,21,21,2,42,0
M9ETK6W1,52,1,11,39,3,2,14,0,2,12,0,0,38,1,9,27,3,2,5,0,1,4,0,0,14,39,5,53,0
I9GZ2S4E,53,0,18,32,3,1,16,0,7,8,1,1,37,0,11,24,2,0,4,0,1,3,0,0,16,37,4,53,0
M3PNUVGG,44,9,8,34,11,0,15,5,1,17,2,0,29,4,7,17,9,0,8,0,2,3,3,0,20,33,8,53,0
MXYRLDLP,51,2,9,37,4,4,13,1,3,11,0,0,38,1,6,26,4,4,2,1,0,2,0,1,14,39,3,53,0
1GTNNEOV,12,0,2,10,0,0,1,0,1,0,0,0,11,0,1,10,0,0,2,0,0,2,0,0,1,11,2,12,0
9M9F6GKE,20,0,1,19,0,0,5,0,0,5,0,0,15,0,1,14,0,0,2,0,1,1,0,0,5,15,2,20,0
6TQSTX9R,11,0,6,5,0,0,6,0,1,5,0,0,5,0,5,0,0,0,0,0,0,0,0,0,6,5,0,11,0
JD2OYHCU,9,0,1,4,3,1,0,0,0,0,0,0,9,0,1,4,3,1,3,0,1,1,0,1,0,9,3,9,0
GF7RUFUW,131,34,59,93,12,2,54,22,34,38,4,1,77,12,25,55,8,1,4,0,3,1,0,0,76,89,4,165,0
ILP45NXG,38,2,9,31,0,0,15,1,3,13,0,0,23,1,6,18,0,0,3,0,1,2,0,0,16,24,3,40,0
JGLLMAGF,31,0,10,21,0,0,9,0,4,5,0,0,22,0,6,16,0,0,2,0,0,2,0,0,9,22,2,31,0
9DMS9LEW,26,2,11,17,0,2,8,1,4,5,0,0,18,1,7,12,0,2,2,0,0,2,0,0,9,19,2,28,0
1H8RSTLL,92,10,28,72,2,0,41,9,15,34,1,0,51,1,13,38,1,0,1,0,0,1,0,0,50,52,1,102,0
HSTH7WJH,17,0,3,14,0,0,5,0,2,3,0,0,12,0,1,11,0,0,0,0,0,0,0,0,5,12,0,17,0
Y39JYWEX,64,0,11,46,7,0,31,0,7,20,4,0,33,0,4,26,3,0,6,0,1,5,0,0,31,33,6,64,0
GDZDAPZA,36,1,12,19,6,1,21,0,6,10,5,1,15,1,6,9,1,0,1,0,1,0,0,0,21,16,1,37,0
P6PH25QK,70,1,29,38,4,0,14,0,6,8,0,0,56,1,23,30,4,0,7,0,2,5,0,0,14,57,7,71,0
D6WQ26PW,22,0,2,20,0,0,7,0,0,7,0,0,15,0,2,13,0,0,1,0,0,1,0,0,7,15,1,22,0
UFUG3SF4,3,0,0,3,0,0,3,0,0,3,0,0,0,0,0,0,0,0,0,0,0,0,0,0,3,0,0,3,0
CVEF6GGD,21,3,2,22,0,0,7,3,1,9,0,0,14,0,1,13,0,0,2,0,1,1,0,0,10,14,2,24,0
C5VN1QUF,35,4,3,24,8,4,17,3,0,11,5,4,18,1,3,13,3,0,1,0,0,1,0,0,20,19,1,39,0
LCKFMRJ9,18,2,6,13,1,0,8,1,2,6,1,0,10,1,4,7,0,0,2,0,0,2,0,0,9,11,2,20,0
AQ3PQQKF,32,2,1,18,1,14,11,0,1,8,0,2,21,2,0,10,1,12,1,0,0,0,0,1,11,23,1,34,0
UIUC28VH,9,0,2,7,0,0,4,0,0,4,0,0,5,0,2,3,0,0,0,0,0,0,0,0,4,5,0,9,0
H3KXYABI,174,26,32,94,60,17,83,14,16,38,32,13,91,12,16,56,28,4,9,0,2,5,2,0,97,103,9,200,0
V44PTECD,45,3,10,37,1,0,5,0,0,4,1,0,40,3,10,33,0,0,5,0,1,4,0,0,5,43,5,48,0
OY6AEO3O,21,0,7,14,0,0,5,0,1,4,0,0,16,0,6,10,0,0,2,0,0,2,0,0,5,16,2,21,0
ZGMWEDXK,39,7,13,28,5,1,16,4,7,12,1,1,23,3,6,16,4,0,2,0,1,1,0,0,20,26,2,46,0
LCOAJTIC,65,15,20,48,12,2,35,9,16,22,6,2,30,6,4,26,6,0,0,1,0,1,0,0,44,36,1,80,0
VQKY8MDJ,46,2,13,34,1,0,6,0,1,5,0,0,40,2,12,29,1,0,12,2,3,11,0,0,6,42,14,48,0
I7QLKLG3,30,1,4,24,0,2,9,1,1,8,0,0,21,0,3,16,0,2,8,0,1,5,0,2,10,21,8,31,0
X6JW795L,5,3,2,2,3,1,3,3,1,1,3,1,2,0,1,1,0,0,1,0,0,1,0,0,6,2,1,8,1
SS8IE7SN,79,13,17,67,8,0,37,7,8,31,5,0,42,6,9,36,3,0,4,0,1,3,0,0,44,48,4,92,0
2HC3TOZD,11,0,1,10,0,0,7,0,1,6,0,0,4,0,0,4,0,0,0,0,0,0,0,0,7,4,0,11,0
UHMB8B2V,11,0,1,7,3,0,5,0,1,4,0,0,6,0,0,3,3,0,0,0,0,0,0,0,5,6,0,11,0
VEXPIBID,1,0,1,0,0,0,0,0,0,0,0,0,1,0,1,0,0,0,0,0,0,0,0,0,0,1,0,1,0
IGHVOLVJ,17,1,5,11,2,1,6,1,1,6,0,0,11,0,4,5,2,1,1,0,0,1,0,0,7,11,1,18,0
ETFG2U5Q,36,1,16,20,1,2,15,1,9,7,0,0,21,0,7,13,1,2,0,0,0,0,0,0,16,21,0,37,1
KHTDMCDB,57,12,27,40,2,3,33,11,20,24,0,3,24,1,7,16,2,0,0,0,0,0,0,0,44,25,0,69,0
38I429MZ,46,18,16,41,7,1,12,5,6,10,1,0,34,13,10,31,6,1,2,0,1,1,0,0,17,47,2,64,0
DFLOIMZT,160,31,32,130,28,2,53,15,10,42,16,1,107,16,22,88,12,1,14,4,4,14,0,0,68,123,18,191,0
9PCH4DU3,49,15,22,38,4,0,16,4,4,13,3,0,33,11,18,25,1,0,1,3,2,2,0,0,20,44,4,64,0
Y9PJYH2I,29,0,5,24,0,0,6,0,0,6,0,0,23,0,5,18,0,0,6,0,3,3,0,0,6,23,6,29,0
9PFCNSEO,68,4,5,66,1,1,20,4,0,23,1,0,48,0,5,43,0,1,10,0,1,9,0,0,24,48,10,72,0
Z2Q9RS3Y,16,0,4,9,1,2,9,0,3,4,0,2,7,0,1,5,1,0,1,0,0,0,1,0,9,7,1,16,0
NU9X7UW8,30,4,9,22,3,0,13,3,4,9,3,0,17,1,5,13,0,0,1,0,1,0,0,0,16,18,1,34,0
688ENUGT,198,45,17,165,54,10,68,27,1,64,28,2,130,18,16,101,26,8,12,0,0,10,2,0,95,148,12,243,0
LODHWLMF,8,1,2,6,1,0,5,0,1,3,1,0,3,1,1,3,0,0,0,0,0,0,0,0,5,4,0,9,0
KFCIFLPV,38,2,2,35,3,0,6,0,0,6,0,0,32,2,2,29,3,0,6,0,1,5,0,0,6,34,6,40,0
VSKLN5FH,46,4,9,40,1,0,13,0,3,10,0,0,33,4,6,30,1,0,3,0,0,2,1,0,13,37,3,50,0
ECVLYPMP,40,11,16,31,4,1,20,5,9,14,2,1,20,6,7,17,2,0,8,0,2,5,1,0,25,26,8,51,0
LBITDYL1,51,8,9,44,6,0,15,4,2,15,2,0,36,4,7,29,4,0,2,0,0,2,0,0,19,40,2,59,0
OKWLGBJK,75,3,23,47,6,2,28,2,5,21,2,2,47,1,18,26,4,0,10,0,5,5,0,0,30,48,10,78,0
X8KUZSLL,126,19,71,68,6,2,74,16,41,44,5,2,52,3,30,24,1,0,5,0,1,4,0,0,90,55,5,145,0
BUQBHNJE,22,3,10,14,1,0,10,2,4,7,1,0,12,1,6,7,0,0,5,0,4,1,0,0,12,13,5,25,0
DSNIMYWL,13,0,3,10,0,0,3,0,1,2,0,0,10,0,2,8,0,0,3,0,0,3,0,0,3,10,3,13,0
UIZ5IFC4,30,0,7,23,0,0,9,0,2,7,0,0,21,0,5,16,0,0,7,0,1,6,0,0,9,21,7,30,0
OQPKDJIO,10,2,0,11,1,0,4,0,0,4,0,0,6,2,0,7,1,0,0,0,0,0,0,0,4,8,0,12,0
VUONUGS4,27,2,5,18,5,1,10,0,2,7,1,0,17,2,3,11,4,1,0,0,0,0,0,0,10,19,0,29,0
2AH3SF9C,77,1,13,38,8,19,9,0,0,8,1,0,68,1,13,30,7,19,33,0,10,14,2,7,9,69,33,78,0
PG29N8LX,7,0,1,6,0,0,3,0,0,3,0,0,4,0,1,3,0,0,0,0,0,0,0,0,3,4,0,7,0
T5HI88UE,19,5,7,4,1,12,3,1,1,2,0,1,16,4,6,2,1,11,1,0,0,0,0,1,4,20,1,24,1
8TGM2ETJ,22,5,12,14,1,1,2,5,4,3,0,0,20,0,8,11,1,1,5,0,2,3,0,0,7,20,5,27,0
BL1V4QE6,16,2,0,18,0,0,9,2,0,11,0,0,7,0,0,7,0,0,0,0,0,0,0,0,11,7,0,18,0
JGW9385Y,106,21,47,75,5,1,48,9,20,33,4,0,58,12,27,42,1,1,3,0,3,0,0,0,57,70,3,127,0
BA7LVNRC,2,1,1,2,0,0,0,0,0,0,0,0,2,1,1,2,0,0,0,0,0,0,0,0,0,3,0,3,0
KUCSSQJR,47,8,12,43,0,1,17,4,9,12,0,0,30,4,3,31,0,1,6,4,1,9,0,0,21,34,10,55,0
XDRQUJ1A,12,2,7,6,1,0,2,0,1,1,0,0,10,2,6,5,1,0,1,0,1,0,0,0,2,12,1,14,0
SZX4YR2B,1,1,0,2,0,0,0,0,0,0,0,0,1,1,0,2,0,0,1,1,0,2,0,0,0,2,2,2,0
MASDZYSF,5,0,2,3,0,0,2,0,0,2,0,0,3,0,2,1,0,0,0,0,0,0,0,0,2,3,0,5,0
CYTKNMHA,48,0,17,28,3,0,17,0,1,13,3,0,31,0,16,15,0,0,7,0,5,2,0,0,17,31,7,48,0
ZJYXSLWX,6,0,0,6,0,0,4,0,0,4,0,0,2,0,0,2,0,0,0,0,0,0,0,0,4,2,0,6,0
UCQ45BJN,25,0,3,17,1,4,9,0,1,7,1,0,16,0,2,10,0,4,5,0,1,1,0,3,9,16,5,25,0
GQNWM3KF,15,0,0,15,0,0,9,0,0,9,0,0,6,0,0,6,0,0,0,0,0,0,0,0,9,6,0,15,0
34XDJ8I7,6,0,3,1,2,0,2,0,1,0,1,0,4,0,2,1,1,0,0,0,0,0,0,0,2,4,0,6,0
ASLWUMBT,10,3,0,5,8,0,3,0,0,1,2,0,7,3,0,4,6,0,0,0,0,0,0,0,3,10,0,13,1
ZOXK3UR7,84,7,11,69,9,2,25,4,3,21,4,1,59,3,8,48,5,1,4,0,0,4,0,0,29,62,4,91,0
1PNQKU72,34,0,1,27,6,0,21,0,0,18,3,0,13,0,1,9,3,0,1,0,0,1,0,0,21,13,1,34,0
V7F8MI75,24,0,4,18,2,0,18,0,2,14,2,0,6,0,2,4,0,0,2,0,1,1,0,0,18,6,2,24,0
GLJZR639,46,0,13,30,3,0,13,0,1,12,0,0,33,0,12,18,3,0,8,0,2,6,0,0,13,33,8,46,0
AJ2FY4SW,7,2,2,5,2,0,5,0,1,4,0,0,2,2,1,1,2,0,0,0,0,0,0,0,5,4,0,9,0
SGTGRRLA,42,2,12,28,4,0,11,0,1,8,2,0,31,2,11,20,2,0,4,0,2,2,0,0,11,33,4,44,0
INLWKNKS,35,0,21,14,0,0,6,0,2,4,0,0,29,0,19,10,0,0,7,0,7,0,0,0,6,29,7,35,0
T1MEPPB9,81,3,19,62,3,2,41,0,7,32,2,0,40,3,12,30,1,2,0,0,0,0,0,0,41,43,0,84,0
GYWYF6YY,1,1,1,1,0,0,1,1,1,1,0,0,0,0,0,0,0,0,0,0,0,0,0,0,2,0,0,2,0
VFRZKOIE,43,4,3,40,2,2,25,4,3,22,2,2,18,0,0,18,0,0,1,0,0,1,0,0,29,18,1,47,0
L7HXF9SW,4,0,1,2,1,0,0,0,0,0,0,0,4,0,1,2,1,0,2,0,0,1,1,0,0,4,2,4,0
PIY5XQWC,18,0,2,16,0,0,3,0,0,3,0,0,15,0,2,13,0,0,4,0,1,3,0,0,3,15,4,18,0
WBVBH54U,28,5,1,23,4,5,6,0,0,2,0,4,22,5,1,21,4,1,8,4,0,8,3,1,6,27,12,33,1
V4WHW8D7,17,5,6,14,2,1,7,1,1,6,1,0,10,4,5,8,1,1,1,0,1,0,0,0,8,14,1,22,0
4PCLCM74,42,0,12,29,1,0,6,0,2,4,0,0,36,0,10,25,1,0,7,0,1,6,0,0,6,36,7,42,0
XYID1IIR,80,7,17,66,4,0,15,1,1,15,0,0,65,6,16,51,4,0,10,0,4,6,0,0,16,71,10,87,0
J3CVWAFW,30,6,4,23,9,0,12,3,0,10,5,0,18,3,4,13,4,0,3,2,1,3,1,0,15,21,5,36,0
LH8SK8AJ,8,0,4,4,0,0,4,0,2,2,0,0,4,0,2,2,0,0,0,0,0,0,0,0,4,4,0,8,0
DHH7YVGV,22,14,10,26,0,0,3,4,2,5,0,0,19,10,8,21,0,0,3,1,2,2,0,0,7,29,4,36,0
HMMJNRAS,17,2,2,17,0,0,6,1,2,5,0,0,11,1,0,12,0,0,1,1,0,2,0,0,7,12,2,19,0
E5IHFIWZ,11,0,4,7,0,0,4,0,1,3,0,0,7,0,3,4,0,0,3,0,1,2,0,0,4,7,3,11,0
GPVLPBRU,2,0,0,1,1,0,1,0,0,1,0,0,1,0,0,0,1,0,0,0,0,0,0,0,1,1,0,2,0
KBDMNTKX,40,2,9,32,1,0,9,1,1,9,0,0,31,1,8,23,1,0,6,0,1,5,0,0,10,32,6,42,0
EDNNCIB4,104,18,17,90,10,7,60,7,12,46,7,2,44,11,5,44,3,5,3,2,2,3,0,2,67,55,5,122,0
BFMBQGTE,1,0,1,0,0,0,1,0,1,0,0,0,0,0,0,0,0,0,0,0,0,0,0,0,1,0,0,1,0
L67HTHNT,24,3,5,22,0,0,10,3,1,12,0,0,14,0,4,10,0,0,1,0,0,1,0,0,13,14,1,27,0
O92UJIOZ,35,2,18,19,0,0,13,2,8,7,0,0,22,0,10,12,0,0,4,0,1,3,0,0,15,22,4,37,0
YHF251OZ,109,13,19,64,16,21,48,10,14,24,8,12,61,3,5,40,8,9,0,0,0,0,0,0,58,64,0,122,0
AYTFWUMC,33,5,2,33,3,0,8,5,1,9,3,0,25,0,1,24,0,0,5,0,0,5,0,0,13,25,5,38,0
GHDETWEK,14,1,9,6,0,0,3,1,2,2,0,0,11,0,7,4,0,0,1,0,1,0,0,0,4,11,1,15,0
TFLXJEM7,33,7,5,19,9,7,7,3,0,3,2,5,26,4,5,16,7,2,3,0,1,2,0,0,10,30,3,40,0
ZHDOSJFL,50,0,11,39,0,1,24,0,8,16,0,1,26,0,3,23,0,0,2,0,0,2,0,0,24,26,2,50,0
NDRNZQ1I,30,2,5,26,1,0,10,0,2,7,1,0,20,2,3,19,0,0,1,0,1,0,0,0,10,22,1,32,0
EOFAQ2AV,44,0,14,30,0,0,8,0,3,5,0,0,36,0,11,25,0,0,8,0,3,5,0,0,8,36,8,44,0
VRUDZGQT,65,9,8,55,7,5,9,0,1,8,0,0,56,9,7,47,7,5,20,6,2,18,2,4,9,65,26,74,0
KL1NBKKI,21,0,2,16,3,0,5,0,0,4,1,0,16,0,2,12,2,0,2,0,0,2,0,0,5,16,2,21,0
BQFNYDDY,8,2,1,8,1,0,3,1,0,3,1,0,5,1,1,5,0,0,2,0,0,2,0,0,4,6,2,10,0
KWGL5HQX,4,1,0,5,0,0,1,0,0,1,0,0,3,1,0,4,0,0,2,0,0,2,0,0,1,4,2,5,0
IUU9SR1S,16,1,2,13,1,1,5,0,1,3,0,1,11,1,1,10,1,0,3,0,1,2,0,0,5,12,3,17,0
7KICH5FR,4,1,0,5,0,0,2,0,0,2,0,0,2,1,0,3,0,0,0,0,0,0,0,0,2,3,0,5,0
PYW4VF5B,30,2,8,24,0,0,7,0,2,5,0,0,23,2,6,19,0,0,2,0,0,2,0,0,7,25,2,32,0
N3P2XSFN,22,1,8,15,0,0,8,0,2,6,0,0,14,1,6,9,0,0,0,1,0,1,0,0,8,15,1,23,0
DX2OTBMP,20,0,7,13,0,0,20,0,7,13,0,0,0,0,0,0,0,0,0,0,0,0,0,0,20,0,0,20,0
TUQ96HAQ,54,1,19,31,5,0,17,1,10,8,0,0,37,0,9,23,5,0,1,0,0,1,0,0,18,37,1,55,0
2FFOLERS,58,0,14,42,1,0,15,0,5,10,0,0,43,0,9,32,1,0,7,0,0,6,1,0,15,43,7,58,0
2GJXI9TR,56,1,15,42,0,0,14,0,3,11,0,0,42,1,12,31,0,0,3,0,1,2,0,0,14,43,3,57,0
1ES7DFOG,30,0,1,28,1,0,8,0,0,8,0,0,22,0,1,20,1,0,2,0,0,2,0,0,8,22,2,30,0
ECABPFI7,26,2,3,25,0,0,9,1,0,10,0,0,17,1,3,15,0,0,4,0,0,4,0,0,10,18,4,28,0
LSPQNL1V,66,2,20,41,7,1,16,2,7,9,2,0,50,0,13,32,5,1,10,0,1,8,1,0,18,50,10,68,0
EUUPWPJT,28,7,6,25,4,0,15,7,3,19,0,0,13,0,3,6,4,0,1,0,0,0,1,0,22,13,1,35,0
AYTNMMUE,86,6,14,69,9,0,31,0,8,23,0,0,55,6,6,46,9,0,10,0,1,7,2,0,31,61,10,92,0
OTDNC4TY,66,8,5,58,11,0,42,6,3,35,10,0,24,2,2,23,1,0,4,0,0,4,0,0,48,26,4,74,0
PZDTETJL,33,1,7,22,5,0,9,0,0,6,3,0,24,1,7,16,2,0,4,0,3,1,0,0,9,25,4,34,0
ZKHGBW3R,30,1,7,22,2,0,10,0,3,6,1,0,20,1,4,16,1,0,1,0,0,1,0,0,10,21,1,31,0
HTBWONMO,103,12,23,87,5,1,12,1,3,9,1,0,91,11,20,78,4,1,17,0,5,12,0,0,13,102,17,115,0
MIQTPNDZ,26,1,5,22,0,0,6,0,2,4,0,0,20,1,3,18,0,0,2,0,0,2,0,0,6,21,2,27,0
TFO4IYET,19,0,9,10,0,0,2,0,1,1,0,0,17,0,8,9,0,0,1,0,0,1,0,0,2,17,1,19,0
IIQIE5DO,28,0,2,25,1,0,7,0,0,6,1,0,21,0,2,19,0,0,5,0,1,4,0,0,7,21,5,28,0
TDPLKB5O,38,14,5,46,1,0,12,3,1,14,0,0,26,11,4,32,1,0,6,0,0,6,0,0,15,37,6,52,0
AAMKPTJB,171,43,33,134,46,1,57,24,21,44,16,0,114,19,12,90,30,1,14,1,2,9,4,0,81,133,15,214,0
HXLZLTUU,8,4,1,9,2,0,5,3,1,5,2,0,3,1,0,4,0,0,0,0,0,0,0,0,8,4,0,12,0
AKB83JGA,3,1,0,4,0,0,0,1,0,1,0,0,3,0,0,3,0,0,0,0,0,0,0,0,1,3,0,4,0
Z8MMS5TG,51,1,3,34,13,3,9,1,1,6,2,2,42,0,2,28,11,1,4,0,0,4,0,0,10,42,4,52,0
8THHEPS4,79,3,18,63,1,0,32,2,8,25,1,0,47,1,10,38,0,0,3,0,1,2,0,0,34,48,3,82,0
JTUMHEPV,27,2,15,14,0,0,11,2,6,7,0,0,16,0,9,7,0,0,3,0,0,3,0,0,13,16,3,29,0
939CQVUN,11,0,4,7,0,0,5,0,2,3,0,0,6,0,2,4,0,0,1,0,0,1,0,0,5,6,1,11,0
YORNBB6M,21,2,7,16,0,0,17,2,4,15,0,0,4,0,3,1,0,0,0,0,0,0,0,0,19,4,0,23,0
MEKFAI4J,12,1,4,8,1,0,10,0,3,6,1,0,2,1,1,2,0,0,1,0,1,0,0,0,10,3,1,13,0
YXPLCUKE,21,1,0,16,5,1,7,1,0,3,4,1,14,0,0,13,1,0,3,0,0,2,1,0,8,14,3,22,0
62YJ21RG,8,1,1,8,0,0,5,1,1,5,0,0,3,0,0,3,0,0,0,0,0,0,0,0,6,3,0,9,0
JZZEAHZY,100,2,31,71,0,2,41,0,14,27,0,2,59,2,17,44,0,0,6,0,2,4,0,0,41,61,6,102,0
9R5XPXC6,26,6,1,13,11,7,2,0,1,1,0,0,24,6,0,12,11,7,6,0,0,6,0,0,2,30,6,32,0
QFX7CIM3,8,0,5,3,0,1,5,0,4,1,0,0,3,0,1,2,0,1,0,0,0,0,0,0,5,3,0,8,0
4EFZPH2E,28,2,7,22,1,0,3,1,1,3,0,0,25,1,6,19,1,0,2,1,0,3,0,0,4,26,3,30,0
U1APNIGB,38,1,25,14,0,0,11,1,8,4,0,0,27,0,17,10,0,0,3,0,2,1,0,0,12,27,3,39,0
WHKVSDMX,1,0,0,1,0,0,0,0,0,0,0,0,1,0,0,1,0,0,0,0,0,0,0,0,0,1,0,1,0
LWIXA5ZN,19,0,0,19,0,0,10,0,0,10,0,0,9,0,0,9,0,0,1,0,0,1,0,0,10,9,1,19,0
IJ9OLUDF,10,0,3,7,0,0,3,0,0,3,0,0,7,0,3,4,0,0,1,0,1,0,0,0,3,7,1,10,0
NLM4DMXP,140,7,17,91,31,10,68,6,10,42,18,6,72,1,7,49,13,4,4,0,0,4,0,0,74,73,4,147,0
KKFQ2IV1,10,7,2,15,0,0,3,3,0,6,0,0,7,4,2,9,0,0,3,1,0,4,0,0,6,11,4,17,0
OAEIOY7O,1,0,0,0,1,0,0,0,0,0,0,0,1,0,0,0,1,0,0,0,0,0,0,0,0,1,0,1,0
V9DZ7GVD,29,7,10,21,5,2,10,3,6,5,2,1,19,4,4,16,3,1,0,2,0,1,1,0,13,23,2,36,0
4T6JJC48,70,25,34,58,3,3,26,8,13,19,2,2,44,17,21,39,1,1,6,0,0,6,0,0,34,61,6,95,0
Y9FDRBJR,11,0,2,6,3,0,5,0,1,4,0,0,6,0,1,2,3,0,3,0,1,2,0,0,5,6,3,11,0
VTHMAVRR,106,18,24,95,5,4,46,15,17,42,2,3,60,3,7,53,3,1,5,0,2,3,0,1,61,63,5,124,0
PP6JNBGZ,26,7,7,25,1,0,4,1,1,4,0,0,22,6,6,21,1,0,1,1,1,1,0,0,5,28,2,33,0
AUGTNSFK,55,4,18,40,1,0,22,3,7,17,1,0,33,1,11,23,0,0,4,0,2,2,0,0,25,34,4,59,0
39VCMIYN,8,0,0,0,4,4,8,0,0,0,4,4,0,0,0,0,0,0,0,0,0,0,0,0,8,0,0,8,0
ZYZ8HSBE,2,0,0,2,0,0,0,0,0,0,0,0,2,0,0,2,0,0,2,0,0,2,0,0,0,2,2,2,0
GJAVFGV2,0,1,0,1,0,0,0,1,0,1,0,0,0,0,0,0,0,0,0,0,0,0,0,0,1,0,0,1,0
4NIR3L5N,8,10,3,15,0,0,6,8,2,12,0,0,2,2,1,3,0,0,2,0,1,1,0,0,14,4,2,18,1
EWBUOP3H,43,3,16,29,1,1,26,3,7,21,1,0,17,0,9,8,0,1,5,0,3,2,0,0,29,17,5,46,0
LXHWBR4P,157,24,58,114,4,10,46,10,22,29,0,8,111,14,36,85,4,2,23,1,5,19,0,0,56,125,24,181,0
J4OTHGI1,30,0,7,23,0,0,19,0,5,14,0,0,11,0,2,9,0,0,0,0,0,0,0,0,19,11,0,30,0
YXN3AD8L,14,3,2,11,0,4,1,2,1,2,0,0,13,1,1,9,0,4,1,0,0,0,0,1,3,14,1,17,0
EPVK3DAE,6,0,1,5,0,0,2,0,0,2,0,0,4,0,1,3,0,0,0,0,0,0,0,0,2,4,0,6,0
PLGZJBHM,20,0,10,10,0,0,5,0,1,4,0,0,15,0,9,6,0,0,1,0,1,0,0,0,5,15,1,20,0
BFBZ8ILM,8,0,2,4,2,0,1,0,0,1,0,0,7,0,2,3,2,0,1,0,0,1,0,0,1,7,1,8,0
CEXPFWGT,30,4,12,22,0,1,11,2,9,4,0,1,19,2,3,18,0,0,4,1,0,5,0,0,13,21,5,34,0
SGNWMDFM,3,0,2,1,0,0,0,0,0,0,0,0,3,0,2,1,0,0,0,0,0,0,0,0,0,3,0,3,0
MU2ABMJZ,9,1,3,6,1,1,2,1,1,1,1,0,7,0,2,5,0,1,2,0,0,2,0,0,3,7,2,10,0
F6C3SMRH,17,6,4,16,3,0,7,6,3,7,3,0,10,0,1,9,0,0,1,0,0,1,0,0,13,10,1,23,0
YVDO6FCM,1,10,7,4,0,2,1,3,1,3,0,1,0,7,6,1,0,1,0,0,0,0,0,0,4,7,0,11,0
QRBKTI3M,40,6,0,42,4,0,11,5,0,15,1,0,29,1,0,27,3,0,9,0,0,8,1,0,16,30,9,46,0
FKTUUHJG,32,2,4,29,1,0,14,2,1,14,1,0,18,0,3,15,0,0,0,0,0,0,0,0,16,18,0,34,0
NW7EVVVF,28,0,8,20,0,1,11,0,3,8,0,0,17,0,5,12,0,1,1,0,0,1,0,0,11,17,1,28,0
T5GUHJZO,16,0,3,13,0,0,10,0,3,7,0,0,6,0,0,6,0,0,0,0,0,0,0,0,10,6,0,16,0
UUKKL2FK,8,0,4,4,0,0,3,0,0,3,0,0,5,0,4,1,0,0,2,0,2,0,0,0,3,5,2,8,0
Y3PDFZBW,41,12,13,39,1,0,16,7,10,13,0,0,25,5,3,26,1,0,4,0,0,4,0,0,23,30,4,53,0
M37Q79NL,57,0,8,44,5,0,22,0,4,17,1,0,35,0,4,27,4,0,0,0,0,0,0,0,22,35,0,57,0
ZR7HIGU6,92,11,17,70,16,0,39,8,11,35,1,0,53,3,6,35,15,0,1,0,0,0,1,0,47,56,1,103,0
45DJHLLD,25,0,14,11,0,1,5,0,3,2,0,0,20,0,11,9,0,1,5,0,3,2,0,0,5,20,5,25,1
RTFN3HMS,610,215,163,561,101,1,245,100,73,221,51,0,365,115,90,340,50,1,146,51,20,153,24,0,345,480,197,825,0
DUXMETEA,19,0,9,10,0,0,3,0,1,2,0,0,16,0,8,8,0,0,1,0,0,1,0,0,3,16,1,19,0
7OSIXNDZ,10,1,4,7,0,0,2,0,0,2,0,0,8,1,4,5,0,0,0,1,0,1,0,0,2,9,1,11,0
62NMO6K6,96,3,14,79,5,2,20,1,5,16,0,1,76,2,9,63,5,1,12,0,0,12,0,0,21,78,12,99,0
N9JXITKO,5,0,0,5,0,0,2,0,0,2,0,0,3,0,0,3,0,0,0,0,0,0,0,0,2,3,0,5,0
PERSOGA4,10,1,2,8,1,0,7,1,2,6,0,0,3,0,0,2,1,0,0,0,0,0,0,0,8,3,0,11,0
UZK2CG17,29,1,10,20,0,1,10,0,3,7,0,0,19,1,7,13,0,1,1,1,1,1,0,1,10,20,2,30,0
KQYLWFIC,14,1,2,11,2,0,11,0,1,9,1,0,3,1,1,2,1,0,0,0,0,0,0,0,11,4,0,15,0
DFIKJSD3,37,0,6,23,8,0,18,0,4,11,3,0,19,0,2,12,5,0,2,0,0,2,0,0,18,19,2,37,0
IKLOCQ3V,3,0,0,3,0,0,1,0,0,1,0,0,2,0,0,2,0,0,0,0,0,0,0,0,1,2,0,3,0
HGN4MCPV,49,5,16,36,2,1,23,3,11,15,0,0,26,2,5,21,2,1,8,0,1,6,1,1,26,28,8,54,0
EIPUPDMB,27,0,8,18,1,1,11,0,2,8,1,1,16,0,6,10,0,0,1,0,0,1,0,0,11,16,1,27,0
CTGPCHEA,59,2,12,48,1,0,23,1,5,18,1,0,36,1,7,30,0,0,6,0,0,6,0,0,24,37,6,61,0
HJ58ACMG,11,1,1,11,0,0,7,1,1,7,0,0,4,0,0,4,0,0,2,0,0,2,0,0,8,4,2,12,0
QU9RLSQB,87,11,12,63,21,2,59,9,6,45,17,0,28,2,6,18,4,2,3,0,0,2,1,0,68,30,3,98,0
HA5JK6IC,44,15,5,52,2,1,8,4,0,12,0,0,36,11,5,40,2,1,4,0,0,4,0,0,12,47,4,59,0
IXVVVVJX,5,1,1,5,0,0,5,1,1,5,0,0,0,0,0,0,0,0,0,0,0,0,0,0,6,0,0,6,0
GFMZBTOE,46,19,12,32,20,1,45,18,12,31,19,1,1,1,0,1,1,0,1,0,0,0,1,0,63,2,1,65,0
MRZCDIYS,33,1,8,25,1,0,13,1,3,10,1,0,20,0,5,15,0,0,4,0,1,3,0,0,14,20,4,34,0
IFOTUO1W,11,2,2,11,0,0,9,1,2,8,0,0,2,1,0,3,0,0,0,0,0,0,0,0,10,3,0,13,0
ZDXTTBBJ,25,1,3,23,0,0,5,0,2,3,0,0,20,1,1,20,0,0,1,0,0,1,0,0,5,21,1,26,0
R1CWKZWG,4,0,0,2,2,0,1,0,0,0,1,0,3,0,0,2,1,0,2,0,0,2,0,0,1,3,2,4,0
SFC93JWB,74,16,11,41,14,24,22,1,1,9,3,10,52,15,10,32,11,14,8,4,0,10,1,1,23,67,12,90,0
BIDBBEGF,30,0,5,25,0,0,10,0,4,6,0,0,20,0,1,19,0,0,5,0,0,5,0,0,10,20,5,30,0
HAVK1JPE,2,0,2,0,0,0,2,0,2,0,0,0,0,0,0,0,0,0,0,0,0,0,0,0,2,0,0,2,0
PNURTA5J,29,0,5,24,0,1,10,0,2,8,0,0,19,0,3,16,0,1,0,0,0,0,0,0,10,19,0,29,0
LKHYCGOL,84,8,18,71,3,1,21,7,5,22,1,0,63,1,13,49,2,1,10,0,3,7,0,0,28,64,10,92,0
4ZZG71DS,12,3,1,14,0,0,2,2,1,3,0,0,10,1,0,11,0,0,1,0,0,1,0,0,4,11,1,15,0
THGBDCSZ,0,5,3,2,0,0,0,5,3,2,0,0,0,0,0,0,0,0,0,0,0,0,0,0,5,0,0,5,0
SGWLLSXT,35,8,7,26,10,0,12,3,2,12,1,0,23,5,5,14,9,0,1,0,0,1,0,0,15,28,1,43,0
LHKWZZYB,25,5,3,25,2,0,11,4,2,11,2,0,14,1,1,14,0,0,1,0,0,1,0,0,15,15,1,30,0
PRCRTATP,1,0,0,1,0,0,0,0,0,0,0,0,1,0,0,1,0,0,0,0,0,0,0,0,0,1,0,1,0
OEEYV2D9,5,1,1,4,1,0,4,0,0,4,0,0,1,1,1,0,1,0,0,0,0,0,0,0,4,2,0,6,0
CUKYDZMS,65,4,13,52,4,0,16,1,5,12,0,0,49,3,8,40,4,0,6,0,1,5,0,0,17,52,6,69,1
BISXKVSL,10,0,3,7,0,0,1,0,0,1,0,0,9,0,3,6,0,0,1,0,1,0,0,0,1,9,1,10,1
S9V7CS6H,11,2,4,8,1,0,6,1,3,4,0,0,5,1,1,4,1,0,0,0,0,0,0,0,7,6,0,13,0
5WDKCTCT,14,0,0,14,0,0,4,0,0,4,0,0,10,0,0,10,0,0,1,0,0,1,0,0,4,10,1,14,0
PVVLYEHO,27,8,11,23,1,1,11,2,3,9,1,0,16,6,8,14,0,1,4,1,2,3,0,0,13,22,5,35,0
RUA7ESK2,16,1,6,11,0,0,13,1,3,11,0,0,3,0,3,0,0,0,0,0,0,0,0,0,14,3,0,17,0
25YZEJR4,30,4,11,20,2,1,15,3,6,10,1,1,15,1,5,10,1,0,3,0,1,2,0,0,18,16,3,34,0
VII3LJVP,6,0,0,5,1,0,2,0,0,1,1,0,4,0,0,4,0,0,3,0,0,3,0,0,2,4,3,6,0
MJLPFKPK,0,2,2,0,0,0,0,2,2,0,0,0,0,0,0,0,0,0,0,0,0,0,0,0,2,0,0,2,0
Z7EQCSYQ,8,0,5,3,0,0,1,0,1,0,0,0,7,0,4,3,0,0,0,0,0,0,0,0,1,7,0,8,0
DVW6AMF5,59,8,13,43,11,0,21,8,5,17,7,0,38,0,8,26,4,0,6,0,1,5,0,0,29,38,6,67,0
G4XY2E5K,57,5,0,22,21,19,37,5,0,11,12,19,20,0,0,11,9,0,1,0,0,1,0,0,42,20,1,62,0
7QSOLUSB,20,4,2,19,3,0,3,3,0,5,1,0,17,1,2,14,2,0,5,0,0,5,0,0,6,18,5,24,0
1D5XC92W,4,0,0,4,0,0,3,0,0,3,0,0,1,0,0,1,0,0,0,0,0,0,0,0,3,1,0,4,0
YQI27IQF,3,0,0,3,0,0,1,0,0,1,0,0,2,0,0,2,0,0,0,0,0,0,0,0,1,2,0,3,0
12APEQ3K,3,0,0,1,2,0,3,0,0,1,2,0,0,0,0,0,0,0,0,0,0,0,0,0,3,0,0,3,0
AH3C3HBN,9,2,5,6,0,0,2,0,0,2,0,0,7,2,5,4,0,0,0,0,0,0,0,0,2,9,0,11,0
FGZVMBK5,18,2,0,19,1,0,3,1,0,4,0,0,15,1,0,15,1,0,5,0,0,5,0,0,4,16,5,20,0
9QQ77SIG,4,0,2,2,0,0,4,0,2,2,0,0,0,0,0,0,0,0,0,0,0,0,0,0,4,0,0,4,0
UUGWWURE,12,1,1,9,3,0,5,1,1,4,1,0,7,0,0,5,2,0,2,0,0,2,0,0,6,7,2,13,0
ZJCHIFVN,10,0,1,6,3,0,3,0,1,0,2,0,7,0,0,6,1,0,2,0,0,2,0,0,3,7,2,10,0
L3CRRW7S,117,7,44,76,4,0,30,3,12,20,1,0,87,4,32,56,3,0,15,0,6,9,0,0,33,91,15,124,0
RHNVHBCL,12,0,1,11,0,0,2,0,0,2,0,0,10,0,1,9,0,0,1,0,0,1,0,0,2,10,1,12,0
PPVQTRFI,56,12,16,45,7,0,12,8,5,14,1,0,44,4,11,31,6,0,7,2,3,3,3,0,20,48,9,68,0
BHGQXVFS,27,0,9,17,1,0,12,0,3,8,1,0,15,0,6,9,0,0,2,0,1,1,0,0,12,15,2,27,0
RIJLUBIS,69,27,1,73,17,5,27,21,0,32,11,5,42,6,1,41,6,0,6,0,0,6,0,0,48,48,6,96,0
PMKQ9AZN,45,12,4,37,16,1,27,6,3,23,7,1,18,6,1,14,9,0,3,2,0,4,1,0,33,24,5,57,0
H9JLAKVD,238,16,81,149,24,4,54,3,18,36,3,0,184,13,63,113,21,4,28,5,11,17,5,0,57,197,33,254,0
F8AJLJVK,44,1,19,26,0,0,6,0,3,3,0,0,38,1,16,23,0,0,7,0,2,5,0,0,6,39,7,45,0
V1JSI8BN,49,1,5,39,6,0,15,1,1,11,4,0,34,0,4,28,2,0,5,0,0,5,0,0,16,34,5,50,0
HCUX8VL6,59,11,21,48,1,0,17,8,10,15,0,0,42,3,11,33,1,0,8,2,1,9,0,0,25,45,10,70,0
XTVKLAYL,51,8,31,26,2,0,12,1,6,7,0,0,39,7,25,19,2,0,6,4,5,4,1,0,13,46,10,59,0
4D2OQWX9,22,0,2,20,0,0,7,0,0,7,0,0,15,0,2,13,0,0,4,0,0,4,0,0,7,15,4,22,0
A7DNBEGW,21,5,0,23,3,0,5,2,0,7,0,0,16,3,0,16,3,0,6,1,0,5,2,0,7,19,7,26,0
124C9UYX,12,1,1,10,2,0,1,0,0,1,0,0,11,1,1,9,2,0,2,0,0,2,0,0,1,12,2,13,1
S5GKFMWR,84,1,29,56,0,1,18,0,9,9,0,0,66,1,20,47,0,1,12,0,5,7,0,0,18,67,12,85,0
5FKVSUAW,46,2,9,31,8,0,14,2,3,9,4,0,32,0,6,22,4,0,7,0,1,6,0,0,16,32,7,48,0
DYHNIKKQ,30,0,4,26,0,0,9,0,1,8,0,0,21,0,3,18,0,0,3,0,0,3,0,0,9,21,3,30,0
NBOLB8JA,32,0,11,21,0,0,11,0,3,8,0,0,21,0,8,13,0,0,3,0,1,2,0,0,11,21,3,32,0
JKM6L44G,43,1,19,24,1,0,13,0,5,7,1,0,30,1,14,17,0,0,4,0,1,3,0,0,13,31,4,44,0
HWSHJ38C,30,1,2,29,0,0,10,1,1,10,0,0,20,0,1,19,0,0,0,0,0,0,0,0,11,20,0,31,0
BV4GQ8PY,56,3,12,40,5,2,29,0,5,17,5,2,27,3,7,23,0,0,0,0,0,0,0,0,29,30,0,59,0
SKRQCZUZ,75,6,14,50,8,7,10,0,2,8,0,0,65,6,12,42,8,7,38,6,7,21,7,7,10,71,44,81,0
9UFFXP3H,17,0,1,16,0,0,3,0,0,3,0,0,14,0,1,13,0,0,1,0,0,1,0,0,3,14,1,17,0
Y5NLD9EQ,27,1,15,13,0,0,9,1,4,6,0,0,18,0,11,7,0,0,1,0,0,1,0,0,10,18,1,28,0
RFYB8FLB,93,2,12,56,17,10,13,0,2,10,1,0,80,2,10,46,16,10,9,0,0,3,5,1,13,82,9,95,0
Z2QBUWLE,30,0,9,21,0,2,0,0,0,0,0,0,30,0,9,21,0,2,5,0,2,3,0,0,0,30,5,30,0
HWJDR3GH,33,0,8,24,1,1,10,0,3,7,0,1,23,0,5,17,1,0,4,0,2,2,0,0,10,23,4,33,0
CF1WDGKE,74,8,3,70,9,0,33,3,1,30,5,0,41,5,2,40,4,0,1,0,0,1,0,0,36,46,1,82,0
F4KTHH25,32,3,9,26,0,0,12,0,2,10,0,0,20,3,7,16,0,0,2,0,0,2,0,0,12,23,2,35,0
61JHGYMA,26,2,5,19,2,2,0,0,0,0,0,0,26,2,5,19,2,2,5,0,0,5,0,0,0,28,5,28,0
9WJWCALR,71,3,18,52,2,2,14,0,9,5,0,0,57,3,9,47,2,2,5,0,0,5,0,0,14,60,5,74,0
V9U2FXFK,31,4,0,34,1,0,14,0,0,14,0,0,17,4,0,20,1,0,3,2,0,5,0,0,14,21,5,35,0
DYAAAUYD,55,6,4,56,1,0,11,1,1,11,0,0,44,5,3,45,1,0,3,0,0,3,0,0,12,49,3,61,0
BEEAYYYR,44,2,12,32,2,0,19,2,6,13,2,0,25,0,6,19,0,0,6,0,2,4,0,0,21,25,6,46,0
6QHQJGHJ,55,0,10,45,0,1,10,0,2,8,0,0,45,0,8,37,0,1,5,0,0,5,0,0,10,45,5,55,0
4LLFHSTF,39,1,8,31,1,0,11,1,3,9,0,0,28,0,5,22,1,0,4,0,1,3,0,0,12,28,4,40,0
XSLMS2EW,31,2,13,20,0,0,12,1,6,7,0,0,19,1,7,13,0,0,2,1,0,3,0,0,13,20,3,33,0
8RFJU1VI,46,7,6,39,4,4,11,0,0,11,0,0,35,7,6,28,4,4,11,5,2,9,2,3,11,42,16,53,1
9KYUA6A9,93,10,21,69,12,3,47,6,9,33,10,1,46,4,12,36,2,2,7,0,2,5,0,0,53,50,7,103,0
NVKJN69I,50,3,12,39,2,0,19,2,3,16,2,0,31,1,9,23,0,0,5,1,4,2,0,0,21,32,6,53,0
SD1PGOK6,31,0,5,26,0,0,7,0,1,6,0,0,24,0,4,20,0,0,3,0,1,2,0,0,7,24,3,31,0
OVOKRWFW,31,2,3,25,2,3,5,1,0,6,0,0,26,1,3,19,2,3,11,1,2,5,2,3,6,27,12,33,0
UQXUEPY3,31,1,9,22,0,2,8,1,5,4,0,1,23,0,4,18,0,1,3,0,1,2,0,0,9,23,3,32,0
T2IEPTG3,13,1,0,10,0,4,9,1,0,10,0,0,4,0,0,0,0,4,4,0,0,0,0,4,10,4,4,14,0
B8BFDNAY,60,6,20,44,2,0,17,0,3,13,1,0,43,6,17,31,1,0,33,5,15,22,1,0,17,49,38,66,0
UZBHPNDL,116,13,20,93,12,4,57,8,11,39,11,4,59,5,9,54,1,0,3,1,0,4,0,0,65,64,4,129,0
HNNB6SVF,30,2,5,25,2,0,7,2,1,7,1,0,23,0,4,18,1,0,2,0,0,2,0,0,9,23,2,32,0
WY4JRVBK,21,3,0,24,0,0,5,1,0,6,0,0,16,2,0,18,0,0,4,0,0,4,0,0,6,18,4,24,0
HL47IOIC,6,0,0,6,0,0,4,0,0,4,0,0,2,0,0,2,0,0,1,0,0,1,0,0,4,2,1,6,0
SXZI5IE5,46,5,6,40,5,0,16,4,4,16,0,0,30,1,2,24,5,0,10,0,0,8,2,0,20,31,10,51,0
EFTZVKFT,2,3,0,3,2,0,2,2,0,2,2,0,0,1,0,1,0,0,0,0,0,0,0,0,4,1,0,5,0
M5YAOYZR,83,7,16,66,8,0,17,2,8,11,0,0,66,5,8,55,8,0,10,0,2,8,0,0,19,71,10,90,0
HXZ9DKYD,77,18,21,48,14,12,14,2,0,7,5,4,63,16,21,41,9,8,16,8,4,9,7,4,16,79,24,95,0
SFOTICVD,45,1,10,35,1,0,15,0,3,11,1,0,30,1,7,24,0,0,5,0,1,4,0,0,15,31,5,46,0
2TOYTQOR,47,9,9,37,2,8,15,6,3,12,0,6,32,3,6,25,2,2,5,0,1,4,0,0,21,35,5,56,0
KKONJ7AN,47,0,9,38,0,0,20,0,5,15,0,0,27,0,4,23,0,0,7,0,1,6,0,0,20,27,7,47,0
L76XTUTB,21,0,4,17,0,0,4,0,2,2,0,0,17,0,2,15,0,0,2,0,0,2,0,0,4,17,2,21,0
IGXVOPVK,53,5,5,25,12,16,10,0,1,7,2,0,43,5,4,18,10,16,27,2,0,9,9,11,10,48,29,58,0
F6AKQVBJ,69,12,24,49,5,3,26,5,10,18,2,0,43,7,14,31,3,3,11,3,0,9,3,2,31,50,14,81,0
CFBOVH5D,84,13,8,50,22,18,39,13,2,24,13,14,45,0,6,26,9,4,0,0,0,0,0,0,52,45,0,97,0
JURG4WM4,17,0,3,14,0,1,3,0,0,3,0,0,14,0,3,11,0,1,1,0,0,1,0,0,3,14,1,17,0
DNIHGXGJ,41,1,14,28,0,0,10,0,4,6,0,0,31,1,10,22,0,0,5,0,2,3,0,0,10,32,5,42,0
I4ZIROEC,25,6,4,18,4,5,3,0,0,3,0,0,22,6,4,15,4,5,10,4,2,5,4,3,3,28,14,31,1
REW3RB3V,31,4,2,27,5,1,11,1,2,10,0,0,20,3,0,17,5,1,0,0,0,0,0,0,12,23,0,35,0
WYLQ63Q9,22,0,3,19,0,0,7,0,1,6,0,0,15,0,2,13,0,0,4,0,2,2,0,0,7,15,4,22,0
LDTAGIKJ,21,3,3,20,1,0,11,2,1,12,0,0,10,1,2,8,1,0,0,0,0,0,0,0,13,11,0,24,0
8NGOOBLB,53,15,3,53,12,0,34,15,2,36,11,0,19,0,1,17,1,0,2,0,0,2,0,0,49,19,2,68,0
LH3WOZML,13,0,1,12,0,0,4,0,0,4,0,0,9,0,1,8,0,0,0,0,0,0,0,0,4,9,0,13,0
DRXBZCTV,62,0,9,52,1,0,12,0,4,8,0,0,50,0,5,44,1,0,7,0,1,6,0,0,12,50,7,62,0
7EWTHUJN,15,2,10,7,0,0,4,2,2,4,0,0,11,0,8,3,0,0,4,0,3,1,0,0,6,11,4,17,0
9CFHI2DR,11,2,5,8,0,0,5,2,2,5,0,0,6,0,3,3,0,0,2,0,1,1,0,0,7,6,2,13,0
RLRB9NRR,70,10,9,52,12,8,34,10,4,22,11,7,36,0,5,30,1,1,6,0,1,5,0,0,44,36,6,80,0
VQKLWCSU,35,1,8,27,1,1,20,1,7,13,1,1,15,0,1,14,0,0,3,0,0,3,0,0,21,15,3,36,0
IHDFRGTH,47,5,9,40,3,0,8,0,1,6,1,0,39,5,8,34,2,0,10,1,2,8,1,0,8,44,11,52,0
SSX34UKB,34,1,11,24,0,1,10,0,4,6,0,1,24,1,7,18,0,0,1,0,0,1,0,0,10,25,1,35,0
NCMNHMTQ,49,5,12,33,8,1,13,0,4,9,0,0,36,5,8,24,8,1,12,1,2,6,4,1,13,41,13,54,0
QPS7SXGB,22,1,6,17,0,0,4,1,2,3,0,0,18,0,4,14,0,0,3,0,1,2,0,0,5,18,3,23,0
WL1DWKPL,54,8,4,49,4,5,13,1,0,10,3,1,41,7,4,39,1,4,14,4,0,18,0,0,14,48,18,62,0
GIE4C2QE,24,0,11,13,0,0,17,0,8,9,0,0,7,0,3,4,0,0,2,0,0,2,0,0,17,7,2,24,0
R6RIZQJE,8,2,1,4,3,1,0,0,0,0,0,0,8,2,1,4,3,1,2,0,0,2,0,0,0,10,2,10,0
KE7VTKPD,7,4,0,9,2,0,2,0,0,2,0,0,5,4,0,7,2,0,0,0,0,0,0,0,2,9,0,11,0
DA14EXXQ,104,36,24,75,33,8,48,24,17,35,16,4,56,12,7,40,17,4,22,3,3,14,8,0,72,68,25,140,0
G8SCK4SS,61,17,14,64,0,1,22,11,9,24,0,1,39,6,5,40,0,0,8,0,2,6,0,0,33,45,8,78,0
F4ZVHNQN,45,4,14,34,0,2,7,0,2,5,0,0,38,4,12,29,0,2,15,4,4,14,0,2,7,42,19,49,0
BWJLYLOU,18,0,1,17,0,0,3,0,0,3,0,0,15,0,1,14,0,0,2,0,0,2,0,0,3,15,2,18,0
DS8JIEAJ,24,1,5,20,0,0,3,1,1,3,0,0,21,0,4,17,0,0,1,0,0,1,0,0,4,21,1,25,0
LGSYATK6,24,0,3,21,0,0,7,0,2,5,0,0,17,0,1,16,0,0,3,0,0,3,0,0,7,17,3,24,0
IHTWXQTI,26,1,1,26,0,0,9,1,0,10,0,0,17,0,1,16,0,0,4,0,0,4,0,0,10,17,4,27,0
TPYLLRJK,68,13,14,60,7,1,19,7,2,20,4,0,49,6,12,40,3,1,6,0,4,2,0,0,26,55,6,81,0
1YDKT5TH,20,0,8,12,0,0,3,0,1,2,0,0,17,0,7,10,0,0,3,0,1,2,0,0,3,17,3,20,0
UDXVEBUV,12,0,1,10,0,1,8,0,1,7,0,0,4,0,0,3,0,1,1,0,0,0,0,1,8,4,1,12,0
NWHK2CYE,86,7,14,69,10,0,33,6,10,26,3,0,53,1,4,43,7,0,4,0,0,4,0,0,39,54,4,93,0
OAIUWQF2,57,1,11,44,0,3,20,1,8,13,0,0,37,0,3,31,0,3,1,0,0,1,0,0,21,37,1,58,0
LHMJLPPB,300,110,159,228,22,77,105,52,69,82,6,36,195,58,90,146,16,41,50,17,22,40,5,3,157,253,67,410,0
DK8XPZB1,4,0,1,3,0,0,0,0,0,0,0,0,4,0,1,3,0,0,2,0,0,2,0,0,0,4,2,4,0
E9LLY6SW,2,0,0,2,0,0,1,0,0,1,0,0,1,0,0,1,0,0,0,0,0,0,0,0,1,1,0,2,0
OTSVIAEK,57,24,18,58,5,0,46,19,15,47,3,0,11,5,3,11,2,0,0,0,0,0,0,0,65,16,0,81,0
SHA56GR7,80,17,8,79,10,0,31,7,4,27,7,0,49,10,4,52,3,0,7,2,2,7,0,0,38,59,9,97,0
PYCOYEU6,44,5,3,43,3,0,17,3,2,16,2,0,27,2,1,27,1,0,4,0,0,4,0,0,20,29,4,49,0
FPB7D18Y,44,14,16,34,8,0,19,8,3,20,4,0,25,6,13,14,4,0,3,0,1,1,1,0,27,31,3,58,0
B5NEGNZT,19,4,2,19,2,0,5,0,0,5,0,0,14,4,2,14,2,0,1,3,0,4,0,0,5,18,4,23,0
7TETYLYB,70,16,8,71,5,2,32,12,6,36,2,0,38,4,2,35,3,2,10,1,1,10,0,0,44,42,11,86,0
SFYGUAVI,14,1,5,10,0,0,7,1,2,6,0,0,7,0,3,4,0,0,0,0,0,0,0,0,8,7,0,15,0
ZK4SX2CP,76,6,26,50,6,0,17,2,6,13,0,0,59,4,20,37,6,0,4,0,0,3,1,0,19,63,4,82,0
JUBAVTMX,24,4,7,21,0,0,7,4,5,6,0,0,17,0,2,15,0,0,2,0,0,2,0,0,11,17,2,28,0
GDYJM9CH,45,7,9,42,1,0,6,1,0,7,0,0,39,6,9,35,1,0,13,3,5,11,0,0,7,45,16,52,0
UV88IOPB,15,0,5,10,0,0,2,0,2,0,0,0,13,0,3,10,0,0,5,0,2,3,0,0,2,13,5,15,0
AW4RHN41,63,0,6,53,4,1,8,0,1,7,0,0,55,0,5,46,4,1,0,0,0,0,0,0,8,55,0,63,0
AU3NLZDZ,97,7,17,78,8,1,33,2,6,26,3,0,64,5,11,52,5,1,0,0,0,0,0,0,35,69,0,104,0
GYNCKXJS,79,11,3,76,11,0,23,5,2,23,3,0,56,6,1,53,8,0,5,0,0,5,0,0,28,62,5,90,0
PE8JX2UV,19,2,1,18,1,1,5,1,1,5,0,0,14,1,0,13,1,1,1,0,0,1,0,0,6,15,1,21,0
N4KC1VFU,9,1,3,7,0,0,4,0,3,1,0,0,5,1,0,6,0,0,3,0,0,3,0,0,4,6,3,10,0
AKWN6RGQ,14,2,1,11,4,0,3,1,0,3,1,0,11,1,1,8,3,0,6,1,1,5,1,0,4,12,7,16,0
W3S96XYP,60,1,14,44,3,0,25,1,10,13,3,0,35,0,4,31,0,0,2,0,1,1,0,0,26,35,2,61,0
P3FNXGEP,117,27,18,96,30,0,33,17,5,34,11,0,84,10,13,62,19,0,10,0,2,7,1,0,50,94,10,144,0
YC8SN6ZZ,46,5,15,33,3,0,19,1,8,12,0,0,27,4,7,21,3,0,2,0,1,1,0,0,20,31,2,51,0
CKJXIVQI,93,17,20,78,8,5,46,17,12,41,6,5,47,0,8,37,2,0,3,0,1,2,0,0,63,47,3,110,0
QWLA62VS,43,5,9,33,6,0,1,0,1,0,0,0,42,5,8,33,6,0,3,0,2,1,0,0,1,47,3,48,0
48CDEGIA,21,0,2,18,1,0,3,0,1,2,0,0,18,0,1,16,1,0,2,0,0,2,0,0,3,18,2,21,0
RVYFQXHI,49,1,11,36,1,2,19,1,8,12,0,0,30,0,3,24,1,2,0,0,0,0,0,0,20,30,0,50,0
3EOABPXJ,125,17,31,91,19,1,30,8,12,22,3,1,95,9,19,69,16,0,17,0,6,10,1,0,38,104,17,142,0
JS7ZV28V,50,16,10,47,9,0,15,6,2,16,3,0,35,10,8,31,6,0,1,0,0,1,0,0,21,45,1,66,0
5U8FM6BF,138,8,56,77,6,7,71,8,31,39,5,5,67,0,25,38,1,2,6,0,1,4,0,1,79,67,6,146,0
EVDAYNSQ,42,3,10,34,1,0,11,3,4,9,1,0,31,0,6,25,0,0,4,0,1,3,0,0,14,31,4,45,0
4I7MHOZC,84,12,12,68,9,7,38,8,9,25,6,6,46,4,3,43,3,1,4,1,1,4,0,0,46,50,5,96,0
KHRNFAS2,58,5,17,42,4,2,22,0,8,11,3,2,36,5,9,31,1,0,10,0,0,9,1,0,22,41,10,63,0
WIQAMP4S,4,0,3,1,0,0,3,0,3,0,0,0,1,0,0,1,0,0,1,0,0,1,0,0,3,1,1,4,0
FDDUCOCT,25,9,7,19,8,0,10,3,0,8,5,0,15,6,7,11,3,0,4,0,2,2,0,0,13,21,4,34,0
ZHPII95A,20,9,1,18,5,5,2,2,0,3,1,0,18,7,1,15,4,5,3,3,0,6,0,0,4,25,6,29,0
VSCBYJO6,6,0,0,2,0,4,0,0,0,0,0,0,6,0,0,2,0,4,0,0,0,0,0,0,0,6,0,6,0
MZ5CGKKG,51,1,13,37,2,0,18,1,5,13,1,0,33,0,8,24,1,0,8,0,3,5,0,0,19,33,8,52,0
W2UMWXRM,35,3,2,23,9,4,15,3,0,11,3,4,20,0,2,12,6,0,6,0,0,5,1,0,18,20,6,38,0
ABIPGGGH,51,0,24,26,1,1,6,0,5,1,0,0,45,0,19,25,1,1,4,0,3,1,0,0,6,45,4,51,0
5CMNELKJ,11,4,2,10,3,0,5,2,2,4,1,0,6,2,0,6,2,0,3,0,0,1,2,0,7,8,3,15,0
VM2COTSJ,15,0,6,9,0,0,8,0,4,4,0,0,7,0,2,5,0,0,1,0,0,1,0,0,8,7,1,15,0
G48G85EO,6,0,2,1,3,0,6,0,2,1,3,0,0,0,0,0,0,0,0,0,0,0,0,0,6,0,0,6,0
REZQPCCU,6,0,0,6,0,0,3,0,0,3,0,0,3,0,0,3,0,0,0,0,0,0,0,0,3,3,0,6,1
QGQE51WJ,28,2,4,16,4,6,8,0,3,2,1,2,20,2,1,14,3,4,6,0,0,5,0,1,8,22,6,30,0
QDJJPGUS,42,5,4,43,0,0,15,4,0,19,0,0,27,1,4,24,0,0,1,0,0,1,0,0,19,28,1,47,0
DRMQCOCI,9,1,0,10,0,0,2,1,0,3,0,0,7,0,0,7,0,0,1,0,0,1,0,0,3,7,1,10,0
AEDXHK2K,106,42,22,111,15,0,55,16,12,49,10,0,51,26,10,62,5,0,1,3,0,4,0,0,71,77,4,148,0
Q8UHEZBY,8,0,1,7,0,0,3,0,0,3,0,0,5,0,1,4,0,0,0,0,0,0,0,0,3,5,0,8,0
G3JDPAGC,14,4,2,13,2,1,1,0,0,0,1,0,13,4,2,13,1,1,0,0,0,0,0,0,1,17,0,18,0
MVRJZAQP,32,10,3,32,7,1,25,10,2,26,7,0,7,0,1,6,0,1,4,0,1,3,0,1,35,7,4,42,0
MWPMI7BB,16,0,7,6,0,2,2,0,0,2,0,0,14,0,7,4,0,2,0,0,0,0,0,0,2,14,0,16,0
N4OFHE5E,10,0,7,3,0,0,1,0,1,0,0,0,9,0,6,3,0,0,2,0,2,0,0,0,1,9,2,10,0
IQ3LWNSG,15,2,6,11,0,0,9,2,3,8,0,0,6,0,3,3,0,0,0,0,0,0,0,0,11,6,0,17,0
EGVCS2T7,22,2,5,19,0,0,5,0,0,5,0,0,17,2,5,14,0,0,5,0,2,3,0,0,5,19,5,24,0
4FDY8EPS,4,0,0,4,0,0,2,0,0,2,0,0,2,0,0,2,0,0,0,0,0,0,0,0,2,2,0,4,0
WS2QIPZH,138,7,35,104,6,0,36,3,10,28,1,0,102,4,25,76,5,0,14,0,5,9,0,0,39,106,14,145,0
NRJWWYTL,6,0,0,6,0,0,2,0,0,2,0,0,4,0,0,4,0,0,0,0,0,0,0,0,2,4,0,6,0
1M5LH8JU,27,0,12,15,0,0,6,0,1,5,0,0,21,0,11,10,0,0,4,0,3,1,0,0,6,21,4,27,0
8QV6OLJS,178,43,79,126,16,6,64,21,36,41,8,4,114,22,43,85,8,2,36,9,17,24,4,0,85,136,45,221,0
1GNM6KLN,1,1,0,1,1,0,1,0,0,1,0,0,0,1,0,0,1,0,0,0,0,0,0,0,1,1,0,2,0
WFXWJBEM,6,0,0,6,0,0,2,0,0,2,0,0,4,0,0,4,0,0,1,0,0,1,0,0,2,4,1,6,0
WKKNTIC2,23,3,7,19,0,0,7,3,0,10,0,0,16,0,7,9,0,0,0,0,0,0,0,0,10,16,0,26,0
GKGPESQW,30,3,5,22,5,1,6,1,5,2,0,0,24,2,0,20,5,1,5,1,0,6,0,0,7,26,6,33,0
AUBITSOG,21,5,4,13,9,2,14,4,4,8,6,2,7,1,0,5,3,0,0,0,0,0,0,0,18,8,0,26,0
DA4LNIN3,49,5,9,43,2,0,11,2,4,8,1,0,38,3,5,35,1,0,10,0,3,7,0,0,13,41,10,54,0
5BJQVRVC,41,2,7,35,1,0,17,1,3,15,0,0,24,1,4,20,1,0,0,0,0,0,0,0,18,25,0,43,0
AESGWOQV,11,2,5,8,0,0,3,0,2,1,0,0,8,2,3,7,0,0,2,0,1,1,0,0,3,10,2,13,0
MHESKYC5,73,4,15,29,19,14,10,0,3,7,0,0,63,4,12,22,19,14,19,3,1,6,5,10,10,67,22,77,0
SZWJ66NI,1,2,2,0,0,1,0,1,0,0,0,1,1,1,2,0,0,0,0,0,0,0,0,0,1,2,0,3,1
SBQJFYK9,18,1,1,17,1,0,7,0,1,6,0,0,11,1,0,11,1,0,0,0,0,0,0,0,7,12,0,19,0
82OPGCRG,52,8,2,35,21,2,8,0,0,5,2,1,44,8,2,30,19,1,0,0,0,0,0,0,8,52,0,60,0
6VWWUFJY,71,13,24,60,0,0,26,4,10,20,0,0,45,9,14,40,0,0,8,1,2,7,0,0,30,54,9,84,0
DZ7AMK3P,1,0,0,1,0,0,0,0,0,0,0,0,1,0,0,1,0,0,0,0,0,0,0,0,0,1,0,1,0
HZZIAUXI,7,0,2,5,0,0,1,0,0,1,0,0,6,0,2,4,0,0,2,0,0,2,0,0,1,6,2,7,0
QMLKJHOO,37,5,7,32,3,3,8,0,2,6,0,0,29,5,5,26,3,3,8,0,1,6,1,1,8,34,8,42,0
XIIBYYMQ,41,0,10,28,2,1,14,0,3,9,1,1,27,0,7,19,1,0,1,0,0,1,0,0,14,27,1,41,0
7OEDSAAI,13,1,5,9,0,0,0,1,0,1,0,0,13,0,5,8,0,0,1,0,0,1,0,0,1,13,1,14,0
8V72QNMQ,65,5,12,51,7,1,16,0,1,12,3,0,49,5,11,39,4,1,12,0,3,8,1,0,16,54,12,70,0
LRDLLMVN,24,5,10,17,2,0,13,4,6,9,2,0,11,1,4,8,0,0,1,1,0,2,0,0,17,12,2,29,1
FHL4RCTY,17,1,2,16,0,0,2,1,0,3,0,0,15,0,2,13,0,0,1,0,1,0,0,0,3,15,1,18,0
MOUBT775,13,0,2,11,0,0,4,0,1,3,0,0,9,0,1,8,0,0,0,0,0,0,0,0,4,9,0,13,0
EVG36QZD,24,1,4,19,2,0,10,1,1,9,1,0,14,0,3,10,1,0,1,0,0,1,0,0,11,14,1,25,0
GFN7BLDT,6,1,1,6,0,0,1,0,0,1,0,0,5,1,1,5,0,0,2,0,0,2,0,0,1,6,2,7,0
GG3HSSWJ,2,0,1,1,0,0,1,0,0,1,0,0,1,0,1,0,0,0,0,0,0,0,0,0,1,1,0,2,1
PALQMHHQ,41,0,8,33,0,0,8,0,1,7,0,0,33,0,7,26,0,0,5,0,1,4,0,0,8,33,5,41,0
E1RJXJ2N,113,12,12,86,15,12,59,9,3,41,13,11,54,3,9,45,2,1,16,0,3,13,0,0,68,57,16,125,0
ENNDIYEA,11,0,3,8,0,0,5,0,1,4,0,0,6,0,2,4,0,0,0,0,0,0,0,0,5,6,0,11,0
XSZIO9CF,4,0,0,4,0,0,2,0,0,2,0,0,2,0,0,2,0,0,0,0,0,0,0,0,2,2,0,4,1
MOKHKI1S,32,1,3,22,7,1,7,0,1,5,1,0,25,1,2,17,6,1,3,0,0,2,1,0,7,26,3,33,0
Y1X9FIYG,15,0,2,12,1,1,6,0,0,5,1,0,9,0,2,7,0,1,3,0,0,3,0,0,6,9,3,15,0
A5RKRRYH,4,0,0,3,0,1,1,0,0,1,0,0,3,0,0,2,0,1,0,0,0,0,0,0,1,3,0,4,0
PMXG9XQE,15,0,3,12,0,0,4,0,0,4,0,0,11,0,3,8,0,0,6,0,2,4,0,0,4,11,6,15,0
QHQOYVXO,128,7,52,78,1,8,62,7,31,34,1,5,66,0,21,44,0,3,4,0,0,4,0,0,69,66,4,135,0
TWPQEADJ,77,10,14,62,8,3,13,1,3,9,2,0,64,9,11,53,6,3,31,8,4,30,2,3,14,73,39,87,0
EUTQLZQG,33,2,8,27,0,0,9,0,1,8,0,0,24,2,7,19,0,0,2,0,0,2,0,0,9,26,2,35,0
WWVN1HLB,31,1,9,21,2,0,10,0,4,6,0,0,21,1,5,15,2,0,2,0,1,1,0,0,10,22,2,32,0
ORW1WGRL,13,4,3,12,2,0,4,0,1,3,0,0,9,4,2,9,2,0,1,0,0,1,0,0,4,13,1,17,0
FRKKFPXH,58,1,6,51,2,0,15,0,1,14,0,0,43,1,5,37,2,0,11,0,2,8,1,0,15,44,11,59,0
NDSEQMXB,18,0,2,16,0,1,7,0,1,6,0,1,11,0,1,10,0,0,2,0,0,2,0,0,7,11,2,18,0
GVXCECN1,23,10,1,1,0,31,2,0,0,0,0,2,21,10,1,1,0,29,4,0,0,0,0,4,2,31,4,33,0
ZMEZBSKW,28,5,9,21,2,1,11,2,5,8,0,0,17,3,4,13,2,1,5,0,2,3,0,0,13,20,5,33,0
EGCQ95HM,17,0,3,14,0,0,3,0,2,1,0,0,14,0,1,13,0,0,2,0,0,2,0,0,3,14,2,17,0
VZQJSEOX,11,2,7,6,0,0,4,1,3,2,0,0,7,1,4,4,0,0,4,1,2,3,0,0,5,8,5,13,0
LQIX7IAT,17,3,11,9,0,0,7,0,4,3,0,0,10,3,7,6,0,0,1,0,1,0,0,0,7,13,1,20,0
78AJXCLU,10,0,3,7,0,0,3,0,1,2,0,0,7,0,2,5,0,0,1,0,0,1,0,0,3,7,1,10,0
ARQLCZP3,11,0,5,6,0,0,2,0,1,1,0,0,9,0,4,5,0,0,5,0,1,4,0,0,2,9,5,11,0
HHEOA1LF,17,1,4,14,0,0,6,0,2,4,0,0,11,1,2,10,0,0,1,0,1,0,0,0,6,12,1,18,0
9HNDDVJR,13,11,1,19,3,1,8,5,0,11,1,1,5,6,1,8,2,0,0,0,0,0,0,0,13,11,0,24,0
KWGXFCVW,46,7,16,33,4,1,14,7,2,17,2,0,32,0,14,16,2,1,15,0,4,11,0,0,21,32,15,53,0
VP3OBB17,8,0,1,6,1,0,4,0,1,2,1,0,4,0,0,4,0,0,2,0,0,2,0,0,4,4,2,8,0
E5JOXUEZ,20,0,6,14,0,0,5,0,2,3,0,0,15,0,4,11,0,0,3,0,2,1,0,0,5,15,3,20,0
RCBMAR4J,23,0,3,20,0,0,11,0,2,9,0,0,12,0,1,11,0,0,0,0,0,0,0,0,11,12,0,23,0
JGC62TCV,13,0,0,11,2,0,9,0,0,7,2,0,4,0,0,4,0,0,0,0,0,0,0,0,9,4,0,13,0
CG4XSQ8O,10,0,3,4,1,4,0,0,0,0,0,0,10,0,3,4,1,4,4,0,0,2,0,2,0,10,4,10,0
VLI7LSFP,188,30,57,139,20,2,102,21,34,68,20,1,86,9,23,71,0,1,12,0,2,10,0,0,123,95,12,218,0
UOCRUDIX,44,0,9,33,2,0,16,0,6,9,1,0,28,0,3,24,1,0,6,0,1,5,0,0,16,28,6,44,0
ZNALFEXN,48,16,3,43,17,1,38,4,3,25,13,1,10,12,0,18,4,0,2,0,0,1,1,0,42,22,2,64,0
E6L1GGDU,9,27,5,21,10,0,6,18,5,13,6,0,3,9,0,8,4,0,0,0,0,0,0,0,24,12,0,36,0
FUOXKFBR,46,6,11,41,0,0,14,1,4,11,0,0,32,5,7,30,0,0,5,0,2,3,0,0,15,37,5,52,0
RLTEM8BW,40,2,7,33,2,1,12,2,1,13,0,0,28,0,6,20,2,1,2,0,0,1,1,0,14,28,2,42,0
TATH6UWE,18,2,4,15,1,1,6,0,2,4,0,0,12,2,2,11,1,1,2,0,1,1,0,0,6,14,2,20,0
ILOJGWIL,9,0,2,7,0,0,3,0,2,1,0,0,6,0,0,6,0,0,0,0,0,0,0,0,3,6,0,9,0
LAQXKHQ8,39,3,5,36,1,0,11,2,2,11,0,0,28,1,3,25,1,0,3,0,0,3,0,0,13,29,3,42,0
9EDEZSGY,15,6,1,10,1,9,7,5,1,4,1,6,8,1,0,6,0,3,2,0,0,1,0,1,12,9,2,21,0
VCGLFRLG,36,0,3,32,1,0,13,0,3,10,0,0,23,0,0,22,1,0,10,0,0,9,1,0,13,23,10,36,0
7DH8AEUO,78,31,25,70,14,0,36,15,12,33,6,0,42,16,13,37,8,0,8,0,4,4,0,0,51,58,8,109,0
DXWPNAJF,28,1,14,15,0,2,12,0,5,7,0,2,16,1,9,8,0,0,1,0,1,0,0,0,12,17,1,29,0
X3GROBZ1,27,0,3,24,0,0,10,0,2,8,0,0,17,0,1,16,0,0,1,0,0,1,0,0,10,17,1,27,0
IQBFNHN1,34,0,16,17,1,0,9,0,4,5,0,0,25,0,12,12,1,0,7,0,2,4,1,0,9,25,7,34,0
CWFPRSHU,15,1,0,14,2,0,2,0,0,0,2,0,13,1,0,14,0,0,2,0,0,2,0,0,2,14,2,16,0
HSVKN8BU,9,2,1,8,2,0,2,2,1,3,0,0,7,0,0,5,2,0,0,0,0,0,0,0,4,7,0,11,0
PFAY9PBL,21,0,4,17,0,0,5,0,0,5,0,0,16,0,4,12,0,0,0,0,0,0,0,0,5,16,0,21,0
UQBQX3OT,33,2,7,27,1,0,19,2,5,15,1,0,14,0,2,12,0,0,0,0,0,0,0,0,21,14,0,35,0
GUOXDXMQ,49,4,17,30,6,1,10,4,5,9,0,0,39,0,12,21,6,1,11,0,3,7,1,0,14,39,11,53,0
47BPZYPC,46,1,13,33,1,1,13,0,2,10,1,0,33,1,11,23,0,1,3,0,1,2,0,0,13,34,3,47,0
PK3VFJPT,14,1,3,5,2,5,0,1,0,1,0,0,14,0,3,4,2,5,12,0,3,3,1,5,1,14,12,15,0
DQ2T8DNC,33,7,5,35,0,0,9,5,1,13,0,0,24,2,4,22,0,0,3,0,1,2,0,0,14,26,3,40,0
TW7BCGYK,54,5,15,44,0,1,15,1,3,13,0,0,39,4,12,31,0,1,10,0,4,6,0,0,16,43,10,59,0
BAQS58XH,53,1,15,39,0,0,6,1,1,6,0,0,47,0,14,33,0,0,7,0,1,6,0,0,7,47,7,54,0
PZSLKINN,144,38,14,148,19,1,44,18,6,44,11,1,100,20,8,104,8,0,23,0,3,20,0,0,62,120,23,182,0
CYUYJJB7,20,0,1,15,3,1,5,0,0,4,1,0,15,0,1,11,2,1,4,0,0,4,0,0,5,15,4,20,0
FSEXIS6C,47,4,14,36,1,3,13,0,4,8,1,0,34,4,10,28,0,3,7,2,4,5,0,0,13,38,9,51,0
9EVVABPG,10,0,2,8,0,0,5,0,1,4,0,0,5,0,1,4,0,0,0,0,0,0,0,0,5,5,0,10,0
NR1O34CM,59,1,22,38,0,1,22,1,8,15,0,1,37,0,14,23,0,0,6,0,3,3,0,0,23,37,6,60,0
1KWM5UQQ,21,2,9,14,0,0,6,2,3,5,0,0,15,0,6,9,0,0,4,0,2,2,0,0,8,15,4,23,0
NUFMXKLJ,44,0,8,34,2,0,23,0,6,16,1,0,21,0,2,18,1,0,4,0,0,4,0,0,23,21,4,44,0
ZKY8TFHM,13,0,1,9,3,0,2,0,0,2,0,0,11,0,1,7,3,0,1,0,0,1,0,0,2,11,1,13,0
873DWSDN,28,3,3,25,2,1,22,1,3,18,2,0,6,2,0,7,0,1,3,0,0,3,0,0,23,8,3,31,0
Q9BLQWFE,6,0,0,5,1,0,2,0,0,1,1,0,4,0,0,4,0,0,0,0,0,0,0,0,2,4,0,6,0
NVPADFIU,33,11,6,24,10,5,19,5,3,12,5,4,14,6,3,12,5,1,6,1,2,3,2,1,24,20,7,44,0
RYAHDPIH,25,3,6,19,3,0,6,3,2,7,0,0,19,0,4,12,3,0,2,0,1,0,1,0,9,19,2,28,0
MOUODRDC,6,2,0,7,1,0,4,2,0,5,1,0,2,0,0,2,0,0,0,0,0,0,0,0,6,2,0,8,0
P4IM3YBE,139,49,18,135,30,7,74,32,10,70,21,7,65,17,8,65,9,0,12,3,0,15,0,0,106,82,15,188,0
AJOTECOM,27,8,5,29,1,0,14,4,3,15,0,0,13,4,2,14,1,0,0,1,0,1,0,0,18,17,1,35,0
HMUI8KYH,1,1,0,2,0,0,1,1,0,2,0,0,0,0,0,0,0,0,0,0,0,0,0,0,2,0,0,2,0
Q5SGMZSF,33,0,11,22,0,0,10,0,4,6,0,0,23,0,7,16,0,0,6,0,2,4,0,0,10,23,6,33,0
JLKWMQTY,149,12,34,107,19,0,70,12,20,48,14,0,79,0,14,59,5,0,17,0,3,13,1,0,82,79,17,161,0
Z4PGDMFO,13,0,1,12,0,0,9,0,1,8,0,0,4,0,0,4,0,0,0,0,0,0,0,0,9,4,0,13,0
OYE52T8Q,9,0,5,4,0,1,2,0,1,1,0,0,7,0,4,3,0,1,1,0,1,0,0,0,2,7,1,9,0
6ROEILEP,32,10,6,28,7,1,11,1,2,8,2,0,21,9,4,20,5,1,1,0,0,1,0,0,12,30,1,42,0
5PD7LFC4,60,4,14,46,4,0,10,3,1,11,1,0,50,1,13,35,3,0,8,0,1,7,0,0,13,51,8,64,0
NKH2WWLX,3,1,0,2,2,0,3,1,0,2,2,0,0,0,0,0,0,0,0,0,0,0,0,0,4,0,0,4,0
FALQJACX,68,4,26,42,4,1,27,2,12,16,1,1,41,2,14,26,3,0,6,0,2,4,0,0,29,43,6,72,0
LYETNFK5,7,0,1,6,0,0,1,0,0,1,0,0,6,0,1,5,0,0,0,0,0,0,0,0,1,6,0,7,0
ZMLKK9M5,54,14,17,41,10,0,33,14,12,26,9,0,21,0,5,15,1,0,6,0,1,5,0,0,47,21,6,68,0
IXYUELMR,88,5,19,68,2,2,22,1,4,15,2,2,66,4,15,53,0,0,9,1,0,10,0,0,23,70,10,93,0
NCJIRCCV,27,7,6,28,0,1,15,5,4,16,0,1,12,2,2,12,0,0,1,0,0,1,0,0,20,14,1,34,0
F77CW9AV,12,1,3,7,1,2,6,1,2,5,0,0,6,0,1,2,1,2,1,0,0,1,0,0,7,6,1,13,0
9KSUKSFJ,45,0,9,36,0,1,4,0,2,2,0,1,41,0,7,34,0,0,8,0,2,6,0,0,4,41,8,45,0
LIHSMW58,28,5,15,17,1,2,22,5,14,12,1,2,6,0,1,5,0,0,0,0,0,0,0,0,27,6,0,33,0
T2RWTPN6,28,7,2,15,17,1,9,3,0,7,5,0,19,4,2,8,12,1,1,0,0,1,0,0,12,23,1,35,0
PASYU2AO,59,2,24,37,0,1,18,2,8,12,0,1,41,0,16,25,0,0,8,0,3,5,0,0,20,41,8,61,0
ILPJBAOT,5,4,0,5,4,0,2,2,0,2,2,0,3,2,0,3,2,0,0,0,0,0,0,0,4,5,0,9,0
SIUKU5DP,10,0,0,9,1,0,1,0,0,1,0,0,9,0,0,8,1,0,0,0,0,0,0,0,1,9,0,10,0
XEOYCDVF,14,0,3,11,0,0,8,0,2,6,0,0,6,0,1,5,0,0,0,0,0,0,0,0,8,6,0,14,0
XGTH9ZOD,31,3,3,29,1,1,6,3,1,7,1,0,25,0,2,22,0,1,4,0,1,3,0,0,9,25,4,34,0
ITWCUWLV,13,4,4,6,6,3,10,4,3,4,6,3,3,0,1,2,0,0,2,0,0,2,0,0,14,3,2,17,0
5XOWICGN,14,0,0,14,0,0,5,0,0,5,0,0,9,0,0,9,0,0,5,0,0,5,0,0,5,9,5,14,0
XI1NDJF5,9,0,0,8,1,0,6,0,0,5,1,0,3,0,0,3,0,0,1,0,0,1,0,0,6,3,1,9,0
BZTPJPBA,51,5,19,36,1,1,29,1,12,18,0,0,22,4,7,18,1,1,2,0,0,2,0,0,30,26,2,56,0
I257MNFD,10,0,3,6,1,0,5,0,2,3,0,0,5,0,1,3,1,0,1,0,0,1,0,0,5,5,1,10,0
SDTZJS6H,12,5,4,11,2,0,8,5,4,7,2,0,4,0,0,4,0,0,0,0,0,0,0,0,13,4,0,17,0
5VQB259B,10,0,0,10,0,0,0,0,0,0,0,0,10,0,0,10,0,0,1,0,0,1,0,0,0,10,1,10,0
XVPHRPSE,10,0,4,6,0,0,3,0,1,2,0,0,7,0,3,4,0,0,0,0,0,0,0,0,3,7,0,10,0
A4CQP7VZ,13,0,4,8,1,0,1,0,0,1,0,0,12,0,4,7,1,0,3,0,0,3,0,0,1,12,3,13,0
2LVOTV8D,28,10,1,29,8,0,15,5,0,14,6,0,13,5,1,15,2,0,2,0,0,2,0,0,20,18,2,38,0
JELHXPSW,29,9,3,12,7,15,20,5,2,2,6,14,9,4,1,10,1,1,3,0,0,3,0,0,25,13,3,38,0
JXD9IKGD,4,1,1,4,0,0,1,1,1,1,0,0,3,0,0,3,0,0,0,0,0,0,0,0,2,3,0,5,0
EK377ZIB,45,2,21,24,2,4,14,1,8,7,0,2,31,1,13,17,2,2,2,0,2,0,0,0,15,32,2,47,0
M6AKMV4M,4,7,0,7,4,0,2,5,0,3,4,0,2,2,0,4,0,0,0,0,0,0,0,0,7,4,0,11,0
22CKXOWN,28,1,10,17,1,1,12,1,6,7,0,0,16,0,4,10,1,1,2,0,0,1,1,0,13,16,2,29,0
MTUKOGKZ,1,1,0,2,0,0,0,1,0,1,0,0,1,0,0,1,0,0,0,0,0,0,0,0,1,1,0,2,0
JGUFT1WN,96,3,2,95,2,0,34,3,0,36,1,0,62,0,2,59,1,0,17,0,0,17,0,0,37,62,17,99,0
KA5DKNXH,86,9,13,69,13,0,28,3,4,22,5,0,58,6,9,47,8,0,3,0,1,1,1,0,31,64,3,95,0
NJQQJTTS,5,0,1,4,0,0,0,0,0,0,0,0,5,0,1,4,0,0,1,0,1,0,0,0,0,5,1,5,0
TV9SKZUS,3,5,4,3,1,0,3,5,4,3,1,0,0,0,0,0,0,0,0,0,0,0,0,0,8,0,0,8,0
3SEOGZW2,117,11,14,109,5,0,32,5,1,35,1,0,85,6,13,74,4,0,12,1,1,12,0,0,37,91,13,128,0
KLDJFVVY,43,8,5,21,8,17,27,7,3,7,7,17,16,1,2,14,1,0,2,0,1,1,0,0,34,17,2,51,0
1VGW6QYD,36,1,4,23,8,2,25,0,4,14,6,1,11,1,0,9,2,1,2,0,0,2,0,0,25,12,2,37,0
YTUU7JHW,7,2,3,5,0,1,3,0,2,1,0,0,4,2,1,4,0,1,0,0,0,0,0,0,3,6,0,9,0
KJ6VQ59O,29,1,7,21,2,0,11,1,2,9,1,0,18,0,5,12,1,0,4,0,2,2,0,0,12,18,4,30,0
UIS7CONS,75,3,16,48,14,0,13,1,4,7,3,0,62,2,12,41,11,0,7,0,1,6,0,0,14,64,7,78,0
MBLDQHXU,4,0,2,2,0,0,2,0,2,0,0,0,2,0,0,2,0,0,0,0,0,0,0,0,2,2,0,4,0
O7VECGDD,117,12,42,80,7,0,30,0,13,16,1,0,87,12,29,64,6,0,7,1,1,7,0,0,30,99,8,129,0
DONSHPPG,28,6,2,28,4,0,18,6,1,20,3,0,10,0,1,8,1,0,0,0,0,0,0,0,24,10,0,34,0
QIRZAQAZ,26,5,3,27,1,1,6,2,2,6,0,1,20,3,1,21,1,0,1,0,1,0,0,0,8,23,1,31,0
O2SHDYGD,25,0,1,20,4,0,8,0,0,6,2,0,17,0,1,14,2,0,5,0,0,4,1,0,8,17,5,25,0
AGWFCUN7,1,0,0,1,0,0,1,0,0,1,0,0,0,0,0,0,0,0,0,0,0,0,0,0,1,0,0,1,0
LQ7MYRJF,12,4,2,11,3,0,5,4,2,5,2,0,7,0,0,6,1,0,2,0,0,1,1,0,9,7,2,16,0
VNCXEBAI,27,2,9,17,3,0,11,2,3,7,3,0,16,0,6,10,0,0,5,0,2,3,0,0,13,16,5,29,0
Y3W9R3VB,21,4,11,14,0,0,11,4,8,7,0,0,10,0,3,7,0,0,0,0,0,0,0,0,15,10,0,25,0
TZOEEMXM,81,13,5,78,11,0,24,5,1,25,3,0,57,8,4,53,8,0,9,1,0,9,1,0,29,65,10,94,0
5SJZNPQG,54,9,14,35,12,2,26,5,5,15,9,2,28,4,9,20,3,0,3,0,1,2,0,0,31,32,3,63,0
JX1CGCYE,3,0,0,3,0,0,1,0,0,1,0,0,2,0,0,2,0,0,0,0,0,0,0,0,1,2,0,3,0
GOZRGOFD,12,0,1,10,1,0,4,0,0,4,0,0,8,0,1,6,1,0,3,0,0,2,1,0,4,8,3,12,0
DVONHHYR,8,8,4,11,1,0,2,3,4,1,0,0,6,5,0,10,1,0,1,1,0,2,0,0,5,11,2,16,0
YPDODDI5,9,5,1,10,2,1,4,1,0,5,0,0,5,4,1,5,2,1,0,0,0,0,0,0,5,9,0,14,0
PTLWL9Y9,33,2,4,31,0,0,13,2,2,13,0,0,20,0,2,18,0,0,6,0,2,4,0,0,15,20,6,35,0
PBUSY1FD,25,0,11,14,0,0,8,0,2,6,0,0,17,0,9,8,0,0,1,0,0,1,0,0,8,17,1,25,0
Y12CFLEM,30,1,7,24,0,0,10,1,2,9,0,0,20,0,5,15,0,0,2,0,0,2,0,0,11,20,2,31,0
M9QCUQMS,1,1,0,2,0,0,1,1,0,2,0,0,0,0,0,0,0,0,0,0,0,0,0,0,2,0,0,2,0
CLSMLX4Q,111,5,11,68,14,24,54,4,2,29,10,18,57,1,9,39,4,6,10,0,2,8,0,0,58,58,10,116,0
MWECV2ND,2,0,1,0,1,0,0,0,0,0,0,0,2,0,1,0,1,0,1,0,1,0,0,0,0,2,1,2,0
T9ZJEKNK,77,1,14,49,14,1,20,0,3,12,5,0,57,1,11,37,9,1,7,0,3,3,1,0,20,58,7,78,0
K5BL5IIB,64,10,17,48,7,2,23,6,4,22,3,0,41,4,13,26,4,2,9,1,4,6,0,0,29,45,10,74,0
ZLZ6LJ4D,12,3,1,14,0,0,3,0,0,3,0,0,9,3,1,11,0,0,1,0,1,0,0,0,3,12,1,15,0
MO6REGBF,6,0,4,2,0,0,1,0,0,1,0,0,5,0,4,1,0,0,0,0,0,0,0,0,1,5,0,6,0
GJ3UFJWV,23,0,7,16,0,0,6,0,1,5,0,0,17,0,6,11,0,0,0,0,0,0,0,0,6,17,0,23,0
8Q5SBFOY,88,14,20,69,12,1,22,5,5,19,3,0,66,9,15,50,9,1,12,0,4,7,1,0,27,75,12,102,0
OTMFNPZM,33,1,2,26,6,0,6,0,2,4,0,0,27,1,0,22,6,0,7,0,0,5,2,0,6,28,7,34,0
D7FDTO2J,62,15,21,49,7,0,16,13,1,22,6,0,46,2,20,27,1,0,9,0,4,5,0,0,29,48,9,77,0
GJETBILX,78,0,9,57,11,1,34,0,0,28,6,0,44,0,9,29,5,1,4,0,3,1,0,0,34,44,4,78,0
OBNFIEVK,2,0,0,2,0,0,0,0,0,0,0,0,2,0,0,2,0,0,2,0,0,2,0,0,0,2,2,2,0
65ZB2HCG,55,9,11,48,2,3,12,4,2,11,0,3,43,5,9,37,2,0,7,0,2,5,0,0,16,48,7,64,0
4PRIYSNQ,22,3,4,13,8,0,7,1,3,4,1,0,15,2,1,9,7,0,0,0,0,0,0,0,8,17,0,25,0
AM5PAROG,38,2,3,33,4,0,6,0,1,4,1,0,32,2,2,29,3,0,8,2,1,8,1,0,6,34,10,40,0
TSYG4XES,43,5,7,39,2,0,30,4,6,26,2,0,13,1,1,13,0,0,4,0,0,4,0,0,34,14,4,48,0
DIKCQASH,20,3,1,15,7,0,10,3,1,8,4,0,10,0,0,7,3,0,1,0,0,1,0,0,13,10,1,23,0
IWWKBGON,11,0,0,11,0,0,0,0,0,0,0,0,11,0,0,11,0,0,9,0,0,9,0,0,0,11,9,11,0
FIEJPYEC,22,0,3,17,2,0,10,0,1,9,0,0,12,0,2,8,2,0,4,0,1,3,0,0,10,12,4,22,0
7WB8Q5CX,13,0,1,12,0,0,2,0,0,2,0,0,11,0,1,10,0,0,1,0,0,1,0,0,2,11,1,13,0
BIQNTBXR,42,11,4,38,11,0,23,6,2,21,6,0,19,5,2,17,5,0,5,0,2,2,1,0,29,24,5,53,0
LTI2ZWXX,35,2,3,30,4,0,11,1,1,8,3,0,24,1,2,22,1,0,4,0,0,4,0,0,12,25,4,37,0
WUJHFXGZ,18,1,1,15,3,0,6,1,1,4,2,0,12,0,0,11,1,0,3,0,0,3,0,0,7,12,3,19,0
A2KEFWRV,5,3,0,7,1,0,2,3,0,5,0,0,3,0,0,2,1,0,0,0,0,0,0,0,5,3,0,8,0
8GDB6UVD,94,10,19,58,21,6,45,4,8,26,9,6,49,6,11,32,12,0,7,0,3,3,1,0,49,55,7,104,0
KRKKZDQH,26,0,6,18,2,0,8,0,2,5,1,0,18,0,4,13,1,0,3,0,1,2,0,0,8,18,3,26,1
ZMXLVIWN,15,6,3,14,4,0,7,5,2,8,2,0,8,1,1,6,2,0,0,0,0,0,0,0,12,9,0,21,0
NBJH7EBI,12,0,3,8,1,0,1,0,0,1,0,0,11,0,3,7,1,0,0,0,0,0,0,0,1,11,0,12,0
WZLCHSBU,5,1,4,2,0,0,1,0,0,1,0,0,4,1,4,1,0,0,0,0,0,0,0,0,1,5,0,6,0
ZYNZFRYF,2,4,0,2,1,3,2,0,0,2,0,0,0,4,0,0,1,3,0,0,0,0,0,0,2,4,0,6,0
FZKM6UFX,37,1,7,28,3,0,16,1,4,12,1,0,21,0,3,16,2,0,0,0,0,0,0,0,17,21,0,38,0
GDSHXKYI,20,2,11,11,0,0,6,1,4,3,0,0,14,1,7,8,0,0,1,0,1,0,0,0,7,15,1,22,0
WNXJVYR3,9,0,1,7,1,0,1,0,0,1,0,0,8,0,1,6,1,0,1,0,1,0,0,0,1,8,1,9,0
MJX5BKXK,37,1,13,25,0,0,6,1,2,5,0,0,31,0,11,20,0,0,0,0,0,0,0,0,7,31,0,38,0
2ZCOWHK7,5,0,0,1,4,0,4,0,0,1,3,0,1,0,0,0,1,0,0,0,0,0,0,0,4,1,0,5,0
GZ6FEBD9,14,1,3,12,0,0,4,0,1,3,0,0,10,1,2,9,0,0,3,0,0,3,0,0,4,11,3,15,0
SDQF97TL,27,0,13,14,0,1,13,0,5,8,0,0,14,0,8,6,0,1,1,0,1,0,0,0,13,14,1,27,0
RYSUN6BS,15,2,6,10,1,0,6,2,2,5,1,0,9,0,4,5,0,0,3,0,1,2,0,0,8,9,3,17,0
SOCASLII,70,15,19,56,10,1,18,4,5,15,2,0,52,11,14,41,8,1,15,4,2,15,2,1,22,63,19,85,0
JQ3ZJMHE,20,0,2,16,1,1,6,0,1,4,1,0,14,0,1,12,0,1,2,0,0,2,0,0,6,14,2,20,0
6LJ7WVDO,34,1,3,27,5,0,14,0,0,13,1,0,20,1,3,14,4,0,1,0,0,1,0,0,14,21,1,35,0
OZGXVJR2,17,1,2,13,2,2,6,1,1,5,0,2,11,0,1,8,2,0,3,0,1,2,0,0,7,11,3,18,0
YVZZA86Q,28,2,6,24,0,0,6,0,1,5,0,0,22,2,5,19,0,0,3,0,1,2,0,0,6,24,3,30,0
HZRLZKB5,38,0,10,28,0,0,7,0,2,5,0,0,31,0,8,23,0,0,1,0,0,1,0,0,7,31,1,38,0
5HXOZQWO,7,0,1,6,0,0,1,0,0,1,0,0,6,0,1,5,0,0,1,0,0,1,0,0,1,6,1,7,0
JZTG1IAU,30,3,8,16,9,1,12,3,4,8,3,1,18,0,4,8,6,0,7,0,1,3,3,0,15,18,7,33,0
RFJODOMJ,5,1,1,5,0,0,2,1,1,2,0,0,3,0,0,3,0,0,0,0,0,0,0,0,3,3,0,6,0
MRZZJEUW,64,12,11,48,11,6,22,9,6,21,4,0,42,3,5,27,7,6,7,0,2,5,0,0,31,45,7,76,0
OH3K8PAX,22,3,2,21,2,0,4,2,0,5,1,0,18,1,2,16,1,0,8,0,1,6,1,0,6,19,8,25,0
ZI5UN2IN,97,18,33,80,1,2,39,11,17,33,0,0,58,7,16,47,1,2,3,0,1,2,0,0,50,65,3,115,0
CH1TWDDN,3,0,0,3,0,0,2,0,0,2,0,0,1,0,0,1,0,0,1,0,0,1,0,0,2,1,1,3,0
G1EHG9ED,1,0,0,0,1,0,1,0,0,0,1,0,0,0,0,0,0,0,0,0,0,0,0,0,1,0,0,1,0
F44XACZA,17,9,3,21,1,1,10,3,1,11,1,0,7,6,2,10,0,1,0,0,0,0,0,0,13,13,0,26,1
MSVGZA5E,9,1,0,7,3,0,0,0,0,0,0,0,9,1,0,7,3,0,2,1,0,2,1,0,0,10,3,10,0
AX589YY7,6,7,2,11,0,0,1,0,1,0,0,0,5,7,1,11,0,0,1,0,0,1,0,0,1,12,1,13,0
UBS5Q6AF,9,0,6,2,1,3,2,0,1,0,1,0,7,0,5,2,0,3,0,0,0,0,0,0,2,7,0,9,0
JOIIHXXM,21,0,2,17,2,0,8,0,2,6,0,0,13,0,0,11,2,0,3,0,0,1,2,0,8,13,3,21,0
JCQ9QO45,117,11,23,91,14,3,61,9,10,53,7,1,56,2,13,38,7,2,6,0,2,3,1,0,70,58,6,128,0
DCHKLYDF,3,2,1,4,0,0,0,0,0,0,0,0,3,2,1,4,0,0,2,0,1,1,0,0,0,5,2,5,0
SLCBHDLF,16,1,2,15,0,0,4,0,1,3,0,0,12,1,1,12,0,0,2,0,0,2,0,0,4,13,2,17,0
C7D2KPS4,11,0,5,6,0,0,7,0,3,4,0,0,4,0,2,2,0,0,1,0,0,1,0,0,7,4,1,11,0
JPNVO5VG,43,5,4,39,5,0,12,2,1,10,3,0,31,3,3,29,2,0,7,1,0,8,0,0,14,34,8,48,0
AEGKDLLF,172,24,26,127,34,9,68,19,6,46,26,9,104,5,20,81,8,0,14,0,3,11,0,0,87,109,14,196,0
XPOWRVGR,10,1,0,11,0,0,2,1,0,3,0,0,8,0,0,8,0,0,0,0,0,0,0,0,3,8,0,11,0
KL589XU9,7,0,0,7,0,0,1,0,0,1,0,0,6,0,0,6,0,0,2,0,0,2,0,0,1,6,2,7,0
R8MBLUJL,3,0,0,3,0,0,2,0,0,2,0,0,1,0,0,1,0,0,0,0,0,0,0,0,2,1,0,3,0
1IDFAEIO,56,6,17,37,8,0,38,6,11,26,7,0,18,0,6,11,1,0,2,0,1,1,0,0,44,18,2,62,0
BKK5U5CE,45,2,7,35,4,1,23,1,2,20,2,0,22,1,5,15,2,1,5,1,1,5,0,0,24,23,6,47,0
ULQQ545H,87,7,18,74,2,2,24,5,4,25,0,0,63,2,14,49,2,2,11,1,3,9,0,1,29,65,12,94,0
LHWWXMVK,14,7,1,13,4,3,2,7,0,4,2,3,12,0,1,9,2,0,4,0,1,1,2,0,9,12,4,21,0
ORTEJLUU,10,0,3,7,0,0,1,0,0,1,0,0,9,0,3,6,0,0,2,0,0,2,0,0,1,9,2,10,0
FAIJ7SDJ,24,0,10,14,0,0,5,0,2,3,0,0,19,0,8,11,0,0,7,0,1,6,0,0,5,19,7,24,0
IKDOSDRC,3,0,0,3,0,0,2,0,0,2,0,0,1,0,0,1,0,0,0,0,0,0,0,0,2,1,0,3,0
VUCGDDD4,97,28,14,76,25,10,38,17,3,33,10,9,59,11,11,43,15,1,8,0,3,5,0,0,55,70,8,125,0
SXNYPDN7,142,6,40,89,18,2,44,4,14,26,7,2,98,2,26,63,11,0,11,0,3,7,1,0,48,100,11,148,0
GPRORMKM,14,0,8,6,0,0,4,0,2,2,0,0,10,0,6,4,0,0,2,0,1,1,0,0,4,10,2,14,0
55L7W5F2,51,1,7,43,2,0,11,1,1,10,1,0,40,0,6,33,1,0,10,0,3,7,0,0,12,40,10,52,0
CYUZQI2O,30,1,2,28,1,0,8,0,0,7,1,0,22,1,2,21,0,0,2,0,0,2,0,0,8,23,2,31,0
LNFA7OGK,16,1,6,10,1,0,9,1,1,8,1,0,7,0,5,2,0,0,0,0,0,0,0,0,10,7,0,17,0
XY7MHG2Z,6,0,2,4,0,0,1,0,0,1,0,0,5,0,2,3,0,0,2,0,2,0,0,0,1,5,2,6,0
UOFVPOZP,18,1,3,16,0,0,4,0,1,3,0,0,14,1,2,13,0,0,1,0,0,1,0,0,4,15,1,19,0
DWKO2H9J,39,0,8,31,0,0,9,0,1,8,0,0,30,0,7,23,0,0,2,0,0,2,0,0,9,30,2,39,0
YKW2C27D,7,3,2,5,2,1,0,0,0,0,0,0,7,3,2,5,2,1,1,0,1,0,0,0,0,10,1,10,1
DNERLYDE,14,3,1,7,8,1,5,1,1,3,2,0,9,2,0,4,6,1,2,2,0,2,2,0,6,11,4,17,0
NKIRRUPA,42,8,1,16,19,14,30,2,1,10,11,10,12,6,0,6,8,4,0,0,0,0,0,0,32,18,0,50,0
KH4AULTX,19,3,3,18,1,0,10,3,0,12,1,0,9,0,3,6,0,0,1,0,1,0,0,0,13,9,1,22,0
9YLABDFK,1,0,1,0,0,0,0,0,0,0,0,0,1,0,1,0,0,0,0,0,0,0,0,0,0,1,0,1,0
2VV6ZJFE,13,0,5,8,0,0,4,0,0,4,0,0,9,0,5,4,0,0,4,0,2,2,0,0,4,9,4,13,0
WSTLUVNJ,50,4,20,32,2,2,20,4,12,10,2,2,30,0,8,22,0,0,2,0,0,2,0,0,24,30,2,54,0
EINOSYYZ,21,3,1,15,8,0,6,2,0,7,1,0,15,1,1,8,7,0,8,1,1,2,6,0,8,16,9,24,0
4WRUPZXR,28,5,3,23,7,0,19,5,2,15,7,0,9,0,1,8,0,0,0,0,0,0,0,0,24,9,0,33,0
LZM76LSS,10,2,0,10,2,0,4,0,0,3,1,0,6,2,0,7,1,0,1,1,0,1,1,0,4,8,2,12,0
YCQSHLFT,11,0,0,11,0,0,7,0,0,7,0,0,4,0,0,4,0,0,0,0,0,0,0,0,7,4,0,11,0
1OTQVOLY,14,2,1,14,1,0,4,2,0,6,0,0,10,0,1,8,1,0,0,0,0,0,0,0,6,10,0,16,0
7XZ5TY5G,41,3,6,29,4,5,28,3,5,17,4,5,13,0,1,12,0,0,0,0,0,0,0,0,31,13,0,44,0
IAKERXG8,51,2,8,44,1,0,9,1,1,9,0,0,42,1,7,35,1,0,14,1,1,14,0,0,10,43,15,53,0
GAX7A8QI,43,0,16,27,0,0,10,0,6,4,0,0,33,0,10,23,0,0,1,0,0,1,0,0,10,33,1,43,0
VNH3GEA4,28,2,3,19,8,0,8,0,1,6,1,0,20,2,2,13,7,0,3,0,0,3,0,0,8,22,3,30,0
KXQXWNGC,48,5,5,38,6,4,8,0,1,7,0,0,40,5,4,31,6,4,27,1,3,16,6,3,8,45,28,53,0
E7O33NLL,25,0,5,20,0,0,8,0,1,7,0,0,17,0,4,13,0,0,0,0,0,0,0,0,8,17,0,25,0
JTWDCRJZ,49,0,5,41,3,0,19,0,3,15,1,0,30,0,2,26,2,0,6,0,0,6,0,0,19,30,6,49,0
EXUGHFUD,20,1,3,17,1,0,9,1,1,9,0,0,11,0,2,8,1,0,1,0,0,1,0,0,10,11,1,21,0
1HYR4EKB,94,21,22,90,3,0,33,11,7,35,2,0,61,10,15,55,1,0,12,2,5,9,0,0,44,71,14,115,0
5ME6DOO4,6,7,5,3,4,3,3,6,5,1,2,3,3,1,0,2,2,0,2,0,0,2,0,0,9,4,2,13,0
LBKQEDUE,20,2,4,18,0,0,5,2,3,4,0,0,15,0,1,14,0,0,3,0,0,3,0,0,7,15,3,22,0
CTH5G2EB,52,4,32,24,0,1,9,1,4,6,0,0,43,3,28,18,0,1,9,0,3,6,0,0,10,46,9,56,0
HOUEUQZI,134,24,19,118,21,0,67,17,12,58,14,0,67,7,7,60,7,0,8,1,1,7,1,0,84,74,9,158,0
R2QQMP1V,34,1,4,21,1,8,9,1,0,2,1,7,25,0,4,19,0,1,4,0,0,4,0,0,10,25,4,35,1
NGNFXRYD,60,0,16,43,1,0,21,0,1,19,1,0,39,0,15,24,0,0,8,0,4,4,0,0,21,39,8,60,0
RXVD5RJR,94,8,38,57,4,3,36,0,9,24,3,0,58,8,29,33,1,3,12,0,7,5,0,0,36,66,12,102,0
FHFHWGRG,30,1,12,19,0,0,4,0,1,3,0,0,26,1,11,16,0,0,1,0,0,1,0,0,4,27,1,31,0
RERVANGM,2,0,0,2,0,0,2,0,0,2,0,0,0,0,0,0,0,0,0,0,0,0,0,0,2,0,0,2,0
HNJHKCRB,2,2,1,3,0,0,1,1,0,2,0,0,1,1,1,1,0,0,0,0,0,0,0,0,2,2,0,4,0
QIYUHPP1,17,0,4,13,0,0,9,0,4,5,0,0,8,0,0,8,0,0,0,0,0,0,0,0,9,8,0,17,1
KMNIIUHU,132,39,13,102,55,1,69,25,4,55,34,1,63,14,9,47,21,0,4,1,1,4,0,0,94,77,5,171,0
VLNSYV5D,56,2,6,50,1,1,7,0,1,4,1,1,49,2,5,46,0,0,13,0,1,12,0,0,7,51,13,58,0
SNTXFYR6,59,15,15,55,4,0,22,3,5,20,0,0,37,12,10,35,4,0,3,0,1,2,0,0,25,49,3,74,0
MK8UHGEI,5,2,1,6,0,0,1,0,0,1,0,0,4,2,1,5,0,0,0,0,0,0,0,0,1,6,0,7,0
KZMSXAJ2,13,2,4,11,0,0,4,2,1,5,0,0,9,0,3,6,0,0,0,0,0,0,0,0,6,9,0,15,0
CPSDRII9,40,1,17,21,2,5,4,0,1,3,0,0,36,1,16,18,2,5,3,0,1,2,0,0,4,37,3,41,0
PAWTWRDX,45,14,6,42,10,1,24,12,3,23,9,1,21,2,3,19,1,0,3,0,1,2,0,0,36,23,3,59,0
YNND2ENN,32,2,9,18,7,0,20,1,6,14,1,0,12,1,3,4,6,0,0,0,0,0,0,0,21,13,0,34,0
ZUUFG4JU,23,6,7,19,3,0,11,5,2,12,2,0,12,1,5,7,1,0,1,0,1,0,0,0,16,13,1,29,0
4QIZLGE1,70,9,15,55,9,1,19,6,7,13,5,1,51,3,8,42,4,0,5,0,1,4,0,0,25,54,5,79,0
CZJBDHLA,38,17,5,39,10,1,15,11,1,19,6,0,23,6,4,20,4,1,1,0,1,0,0,0,26,29,1,55,0
XLEIIQWY,61,6,5,55,7,0,12,4,0,11,5,0,49,2,5,44,2,0,9,1,0,10,0,0,16,51,10,67,0
KSUHVGJ2,7,1,0,7,1,0,4,0,0,4,0,0,3,1,0,3,1,0,1,0,0,1,0,0,4,4,1,8,0
HTXWYL6G,20,0,2,17,1,0,12,0,0,11,1,0,8,0,2,6,0,0,1,0,0,1,0,0,12,8,1,20,0
UBLLVDMJ,14,2,3,13,0,0,4,0,2,2,0,0,10,2,1,11,0,0,1,2,0,3,0,0,4,12,3,16,0
YMZ3M6XW,5,8,5,6,2,0,1,4,1,4,0,0,4,4,4,2,2,0,3,0,0,1,2,0,5,8,3,13,0
KZN4G5CK,0,2,1,1,0,0,0,2,1,1,0,0,0,0,0,0,0,0,0,0,0,0,0,0,2,0,0,2,0
BIRQZ3TE,46,0,17,29,0,0,6,0,3,3,0,0,40,0,14,26,0,0,10,0,4,6,0,0,6,40,10,46,0
KOR3MCDX,26,14,6,33,1,0,12,8,5,15,0,0,14,6,1,18,1,0,4,0,0,4,0,0,20,20,4,40,0
PFFOEJFH,62,5,5,57,5,0,12,0,1,11,0,0,50,5,4,46,5,0,11,0,0,8,3,0,12,55,11,67,0
4QOYDKTL,13,1,3,10,1,0,1,0,0,1,0,0,12,1,3,9,1,0,4,0,0,4,0,0,1,13,4,14,0
LTQ2FIV5,1,0,0,1,0,0,1,0,0,1,0,0,0,0,0,0,0,0,0,0,0,0,0,0,1,0,0,1,0
R6HGVTMW,152,15,22,117,28,0,46,7,10,35,8,0,106,8,12,82,20,0,15,5,2,17,1,0,53,114,20,167,0
Z2TAX2SE,56,6,16,39,7,0,12,2,2,9,3,0,44,4,14,30,4,0,7,0,1,6,0,0,14,48,7,62,0
5JMFCSPI,9,0,2,1,3,3,6,0,0,0,3,3,3,0,2,1,0,0,0,0,0,0,0,0,6,3,0,9,0
DDUJKZ7O,12,2,0,14,0,0,9,1,0,10,0,0,3,1,0,4,0,0,0,0,0,0,0,0,10,4,0,14,0
ABJLF8Y4,15,0,5,10,0,0,7,0,3,4,0,0,8,0,2,6,0,0,0,0,0,0,0,0,7,8,0,15,0
HKH6ZISQ,69,1,11,49,10,1,17,1,2,14,2,0,52,0,9,35,8,1,13,0,0,10,3,0,18,52,13,70,0
RL4HVRP1,46,3,0,32,15,2,26,3,0,18,11,0,20,0,0,14,4,2,0,0,0,0,0,0,29,20,0,49,0
KJFCFYUW,6,0,2,4,0,0,1,0,0,1,0,0,5,0,2,3,0,0,5,0,2,3,0,0,1,5,5,6,0
WNSI9FQF,10,0,0,6,3,1,4,0,0,1,2,1,6,0,0,5,1,0,2,0,0,2,0,0,4,6,2,10,0
AGEIAYXM,9,0,1,6,2,0,7,0,1,5,1,0,2,0,0,1,1,0,0,0,0,0,0,0,7,2,0,9,0
T5BM9ELV,85,10,22,64,6,3,28,7,8,21,3,3,57,3,14,43,3,0,14,0,4,10,0,0,35,60,14,95,0
ZG96TGNE,28,1,9,19,0,1,3,0,1,2,0,0,25,1,8,17,0,1,5,1,1,5,0,0,3,26,6,29,0
WB76X7IL,11,0,5,6,0,0,5,0,3,2,0,0,6,0,2,4,0,0,0,0,0,0,0,0,5,6,0,11,0
J4PIHDLN,23,0,5,18,0,0,7,0,1,6,0,0,16,0,4,12,0,0,1,0,0,1,0,0,7,16,1,23,0
LYSXIJCO,3,15,5,12,0,2,2,4,2,3,0,1,1,11,3,9,0,1,1,0,0,1,0,0,6,12,1,18,0
DTZKTXHX,19,1,4,14,2,0,11,0,1,8,2,0,8,1,3,6,0,0,0,1,0,1,0,0,11,9,1,20,0
PJGECAVJ,25,4,9,14,6,0,13,2,4,7,4,0,12,2,5,7,2,0,2,1,0,2,1,0,15,14,3,29,0
WKKDXE5I,21,0,5,16,0,0,0,0,0,0,0,0,21,0,5,16,0,0,3,0,0,3,0,0,0,21,3,21,0
OYEEQN3O,15,4,1,18,0,0,6,3,0,9,0,0,9,1,1,9,0,0,4,0,0,4,0,0,9,10,4,19,0
PEROI7NV,28,3,10,19,2,0,5,0,0,4,1,0,23,3,10,15,1,0,10,0,6,4,0,0,5,26,10,31,0
2SNZJME7,14,3,2,13,2,0,7,0,1,6,0,0,7,3,1,7,2,0,0,1,0,1,0,0,7,10,1,17,0
NECQJ2DT,49,46,5,65,24,1,41,22,5,39,18,1,8,24,0,26,6,0,0,0,0,0,0,0,63,32,0,95,0
K2NE8AZL,104,10,6,85,23,0,41,5,4,32,10,0,63,5,2,53,13,0,19,0,2,16,1,0,46,68,19,114,0
GO7NPAPW,8,3,0,10,1,0,4,2,0,5,1,0,4,1,0,5,0,0,0,0,0,0,0,0,6,5,0,11,0
DA2EQOKZ,13,3,5,10,1,0,3,0,2,1,0,0,10,3,3,9,1,0,3,0,1,1,1,0,3,13,3,16,0
OYRQXGJ5,16,1,1,6,6,4,12,0,0,5,3,4,4,1,1,1,3,0,0,0,0,0,0,0,12,5,0,17,0
7KWN3PCC,9,1,2,8,0,0,4,1,1,4,0,0,5,0,1,4,0,0,0,0,0,0,0,0,5,5,0,10,0
RDZC7HKY,31,7,1,28,8,1,23,7,0,23,7,0,8,0,1,5,1,1,0,0,0,0,0,0,30,8,0,38,0
GPXJPDFG,14,0,5,8,1,0,3,0,2,1,0,0,11,0,3,7,1,0,0,0,0,0,0,0,3,11,0,14,0
A74SKYQQ,32,11,13,20,2,9,16,5,7,9,0,5,16,6,6,11,2,4,3,0,2,1,0,0,21,22,3,43,0
DAL1SULN,26,2,12,15,0,0,12,0,3,8,0,0,14,2,9,7,0,0,2,0,2,0,0,0,12,16,2,28,0
WXDZLIWO,11,0,4,7,0,0,2,0,0,2,0,0,9,0,4,5,0,0,4,0,2,2,0,0,2,9,4,11,0
CUFHGCGR,24,8,1,25,6,0,6,5,0,9,2,0,18,3,1,16,4,0,2,0,0,2,0,0,11,21,2,32,0
SHCLXK6M,46,1,3,39,5,0,7,1,0,7,1,0,39,0,3,32,4,0,8,0,2,6,0,0,8,39,8,47,0
SASK2THY,11,6,2,10,5,0,6,5,1,6,4,0,5,1,1,4,1,0,0,0,0,0,0,0,11,6,0,17,0
PC4JUM2V,27,3,1,19,10,0,14,1,1,9,5,0,13,2,0,10,5,0,1,0,0,1,0,0,15,15,1,30,0
K51TWENL,48,3,9,40,2,0,19,0,3,14,2,0,29,3,6,26,0,0,6,0,1,5,0,0,19,32,6,51,0
GLROL4WN,24,0,3,11,2,6,20,0,1,9,2,6,4,0,2,2,0,0,0,0,0,0,0,0,20,4,0,24,0
IJYHXHXH,186,17,62,124,17,6,92,15,42,51,14,3,94,2,20,73,3,3,23,1,5,18,1,2,107,96,24,203,0
JPVMLKAD,15,0,5,10,0,0,8,0,4,4,0,0,7,0,1,6,0,0,4,0,0,4,0,0,8,7,4,15,0
1OQMJOZ1,8,1,4,5,0,0,2,0,2,0,0,0,6,1,2,5,0,0,1,0,0,1,0,0,2,7,1,9,0
WVCISIHL,10,0,0,10,0,0,1,0,0,1,0,0,9,0,0,9,0,0,1,0,0,1,0,0,1,9,1,10,0
KYJKNVEW,62,13,9,52,14,0,22,5,4,14,9,0,40,8,5,38,5,0,11,0,2,9,0,0,27,48,11,75,0
4G89IFMF,95,11,23,73,10,0,24,1,5,19,1,0,71,10,18,54,9,0,12,1,3,10,0,0,25,81,13,106,0
QTPVJDET,106,3,7,73,14,15,44,3,1,24,10,12,62,0,6,49,4,3,8,0,1,7,0,0,47,62,8,109,0
AM8OFU1P,21,2,2,19,2,0,6,0,0,6,0,0,15,2,2,13,2,0,2,0,0,2,0,0,6,17,2,23,0
KWIK1DMF,4,0,0,3,1,0,1,0,0,1,0,0,3,0,0,2,1,0,0,0,0,0,0,0,1,3,0,4,1
6DZ1WWEY,219,25,79,131,34,3,66,15,25,41,15,1,153,10,54,90,19,2,16,0,6,10,0,0,81,163,16,244,0
T8WFGQED,231,49,71,199,10,5,70,21,22,66,3,3,161,28,49,133,7,2,36,2,15,22,1,0,91,189,38,280,0
2CEOWL5R,58,3,18,39,4,0,22,3,9,15,1,0,36,0,9,24,3,0,1,0,1,0,0,0,25,36,1,61,0
OVIUQ3ON,24,0,1,22,0,1,3,0,1,2,0,0,21,0,0,20,0,1,4,0,0,3,0,1,3,21,4,24,0
LJQZPOTS,16,0,2,12,2,0,3,0,1,2,0,0,13,0,1,10,2,0,0,0,0,0,0,0,3,13,0,16,0
PI9ZRDSE,1,1,0,2,0,0,1,1,0,2,0,0,0,0,0,0,0,0,0,0,0,0,0,0,2,0,0,2,0
2FHUPAKQ,26,0,2,23,0,1,8,0,1,7,0,0,18,0,1,16,0,1,3,0,0,2,0,1,8,18,3,26,0
DBSUCB4P,95,8,2,87,13,1,30,6,0,27,8,1,65,2,2,60,5,0,8,0,0,8,0,0,36,67,8,103,0
YKXNETM6,106,24,47,78,5,0,41,6,19,27,1,0,65,18,28,51,4,0,7,1,3,5,0,0,47,83,8,130,0
1TBCOQYB,114,26,6,86,48,1,43,12,4,33,18,0,71,14,2,53,30,1,8,5,0,10,3,0,55,85,13,140,0
XFNYYTGY,14,0,1,13,0,0,3,0,1,2,0,0,11,0,0,11,0,0,8,0,0,8,0,0,3,11,8,14,0
626FVVTH,66,2,10,57,1,0,19,0,1,17,1,0,47,2,9,40,0,0,8,0,1,7,0,0,19,49,8,68,0
RPDJYOVP,79,6,18,53,14,0,16,4,4,11,5,0,63,2,14,42,9,0,7,1,0,6,2,0,20,65,8,85,0
8P19ZYIU,34,0,5,29,0,0,7,0,1,6,0,0,27,0,4,23,0,0,5,0,1,4,0,0,7,27,5,34,0
H2OV6XXP,3,0,3,0,0,0,2,0,2,0,0,0,1,0,1,0,0,0,1,0,1,0,0,0,2,1,1,3,0
KG8JTAA3,20,0,1,19,0,0,8,0,1,7,0,0,12,0,0,12,0,0,0,0,0,0,0,0,8,12,0,20,0
JCVX2GRE,52,10,6,45,7,4,11,0,0,10,1,0,41,10,6,35,6,4,22,8,2,22,3,3,11,51,30,62,0
EMGMKHHE,19,0,5,13,1,0,8,0,2,5,1,0,11,0,3,8,0,0,1,0,1,0,0,0,8,11,1,19,0
ZVD15PQC,25,6,3,23,4,2,13,6,3,12,3,2,12,0,0,11,1,0,1,0,0,0,1,0,19,12,1,31,0
LUOE7V2J,106,7,12,85,16,1,43,7,7,31,12,0,63,0,5,54,4,1,10,0,2,7,1,0,50,63,10,113,0
IT1IX4JG,96,13,8,71,18,12,43,2,2,27,11,5,53,11,6,44,7,7,17,8,4,14,3,4,45,64,25,109,0
GGOZTUC6,2,1,0,2,1,0,0,1,0,0,1,0,2,0,0,2,0,0,1,0,0,1,0,0,1,2,1,3,0
B6GGJJZJ,87,17,9,94,1,0,37,10,5,42,0,0,50,7,4,52,1,0,11,1,0,11,1,0,47,57,12,104,0
9RL7SABS,4,2,2,4,0,0,1,0,0,1,0,0,3,2,2,3,0,0,2,0,0,2,0,0,1,5,2,6,0
SALTHDCY,151,32,22,134,23,4,62,22,13,56,14,1,89,10,9,78,9,3,6,0,0,6,0,0,84,99,6,183,0
UEJZUEJO,8,0,4,4,0,0,1,0,1,0,0,0,7,0,3,4,0,0,2,0,2,0,0,0,1,7,2,8,0
I4XD57G7,20,1,8,13,0,2,5,0,4,1,0,0,15,1,4,12,0,2,5,0,0,5,0,0,5,16,5,21,0
VZKGZZB6,74,7,14,50,13,4,13,0,0,12,1,0,61,7,14,38,12,4,11,4,5,4,2,4,13,68,15,81,0
AE1HYTTZ,32,0,5,27,0,0,9,0,3,6,0,0,23,0,2,21,0,0,4,0,2,2,0,0,9,23,4,32,0
ZCTTHKXJ,59,1,18,39,1,2,8,1,3,6,0,0,51,0,15,33,1,2,10,0,4,4,0,2,9,51,10,60,0
UYJKSVUA,8,0,3,3,2,0,3,0,1,1,1,0,5,0,2,2,1,0,1,0,0,1,0,0,3,5,1,8,0
XDP1WZET,31,0,5,26,0,0,4,0,0,4,0,0,27,0,5,22,0,0,6,0,0,6,0,0,4,27,6,31,0
NNXFFOAM,85,1,35,50,1,0,27,1,12,16,0,0,58,0,23,34,1,0,10,0,6,4,0,0,28,58,10,86,0
4GRX9OYP,91,1,27,64,1,0,19,0,7,12,0,0,72,1,20,52,1,0,3,0,1,2,0,0,19,73,3,92,0
WU9NYWR5,32,0,14,17,1,1,8,0,5,2,1,0,24,0,9,15,0,1,6,0,2,4,0,0,8,24,6,32,0
XXBCEDXT,13,2,3,10,2,0,4,2,0,6,0,0,9,0,3,4,2,0,4,0,1,2,1,0,6,9,4,15,0
Y3JAUTVH,15,0,1,14,0,0,7,0,0,7,0,0,8,0,1,7,0,0,0,0,0,0,0,0,7,8,0,15,1
X6KHKIO6,2,0,1,1,0,0,1,0,0,1,0,0,1,0,1,0,0,0,0,0,0,0,0,0,1,1,0,2,0
QQQIX1EU,19,5,2,15,6,1,3,0,1,1,1,0,16,5,1,14,5,1,0,0,0,0,0,0,3,21,0,24,1
7P4ANP5R,21,3,7,16,1,0,6,0,1,4,1,0,15,3,6,12,0,0,1,3,0,4,0,0,6,18,4,24,0
OAO2L463,2,0,0,2,0,0,1,0,0,1,0,0,1,0,0,1,0,0,0,0,0,0,0,0,1,1,0,2,0
URGEQRNV,12,0,4,5,1,2,4,0,1,1,1,1,8,0,3,4,0,1,5,0,3,1,0,1,4,8,5,12,0
C92ID3NX,12,5,3,13,1,0,2,0,2,0,0,0,10,5,1,13,1,0,1,3,0,4,0,0,2,15,4,17,0
Y4EDOLOD,103,6,15,56,23,15,39,2,5,26,10,0,64,4,10,30,13,15,18,1,1,10,4,4,41,68,19,109,0
QRQQNNUO,10,0,6,2,0,2,5,0,2,1,0,2,5,0,4,1,0,0,2,0,2,0,0,0,5,5,2,10,0
Y6NCQN2E,82,5,10,49,18,10,31,4,4,18,6,7,51,1,6,31,12,3,4,0,0,1,1,2,35,52,4,87,0
TVS3JBJK,59,10,19,48,2,1,26,7,11,20,2,1,33,3,8,28,0,0,6,0,2,4,0,0,33,36,6,69,0
IAQVPATZ,4,2,2,3,1,0,1,0,1,0,0,0,3,2,1,3,1,0,1,0,0,1,0,0,1,5,1,6,0
HCKLYBAJ,12,1,6,7,0,0,2,0,1,1,0,0,10,1,5,6,0,0,3,0,1,2,0,0,2,11,3,13,0
JUBOFTAK,32,0,3,29,0,0,5,0,0,5,0,0,27,0,3,24,0,0,9,0,1,8,0,0,5,27,9,32,0
WCVQBUGC,15,0,0,15,0,0,3,0,0,3,0,0,12,0,0,12,0,0,0,0,0,0,0,0,3,12,0,15,0
LSKVWI9Z,71,3,11,50,13,0,24,3,3,17,7,0,47,0,8,33,6,0,6,0,0,5,1,0,27,47,6,74,0
D4GGGMTF,25,2,6,20,1,0,6,2,3,4,1,0,19,0,3,16,0,0,4,0,0,4,0,0,8,19,4,27,0
3VMZ3KMP,53,4,5,50,2,0,17,0,2,14,1,0,36,4,3,36,1,0,7,0,1,6,0,0,17,40,7,57,0
6SFJD1UB,55,1,39,17,0,0,21,1,16,6,0,0,34,0,23,11,0,0,8,0,7,1,0,0,22,34,8,56,0
GE4BKAY6,46,6,37,14,1,9,20,0,13,6,1,4,26,6,24,8,0,5,0,0,0,0,0,0,20,32,0,52,0
YJTTIQMH,1,0,0,1,0,0,1,0,0,1,0,0,0,0,0,0,0,0,0,0,0,0,0,0,1,0,0,1,0
QTLZJCNI,9,0,1,7,0,1,3,0,1,2,0,0,6,0,0,5,0,1,0,0,0,0,0,0,3,6,0,9,0
OKVIVKOB,29,4,6,23,4,0,11,2,4,6,3,0,18,2,2,17,1,0,0,0,0,0,0,0,13,20,0,33,0
GPKOPR1R,20,0,5,15,0,0,5,0,2,3,0,0,15,0,3,12,0,0,4,0,2,2,0,0,5,15,4,20,0
IIZA67ON,11,0,6,5,0,0,2,0,0,2,0,0,9,0,6,3,0,0,0,0,0,0,0,0,2,9,0,11,0
EOSSNXXY,6,0,0,5,1,0,0,0,0,0,0,0,6,0,0,5,1,0,6,0,0,5,1,0,0,6,6,6,0
DKDMXLYE,16,0,1,11,4,0,3,0,1,2,0,0,13,0,0,9,4,0,0,0,0,0,0,0,3,13,0,16,0
9KUP7G21,5,0,1,4,0,0,2,0,1,1,0,0,3,0,0,3,0,0,1,0,0,1,0,0,2,3,1,5,0
9L6JKHV1,158,49,8,59,86,54,77,27,3,34,39,28,81,22,5,25,47,26,16,3,1,7,8,3,104,103,19,207,0
MDKACHYE,26,0,8,16,2,1,3,0,1,2,0,0,23,0,7,14,2,1,8,0,2,6,0,1,3,23,8,26,0
6SC7I48O,14,0,3,11,0,0,4,0,1,3,0,0,10,0,2,8,0,0,6,0,1,5,0,0,4,10,6,14,0
YNA1PLIO,4,0,0,0,4,0,1,0,0,0,1,0,3,0,0,0,3,0,0,0,0,0,0,0,1,3,0,4,0
XDFWMVSM,15,0,2,11,2,0,5,0,0,5,0,0,10,0,2,6,2,0,3,0,2,0,1,0,5,10,3,15,0
FQPKGSOB,50,0,23,26,1,1,7,0,6,1,0,0,43,0,17,25,1,1,10,0,3,7,0,0,7,43,10,50,0
KEBQZXR2,59,5,6,58,0,0,10,1,0,11,0,0,49,4,6,47,0,0,11,0,1,10,0,0,11,53,11,64,0
DXIAUCAT,17,0,3,14,0,0,2,0,0,2,0,0,15,0,3,12,0,0,3,0,1,2,0,0,2,15,3,17,0
GKMDY8PV,100,6,31,66,9,1,29,6,10,19,6,1,71,0,21,47,3,0,11,0,6,5,0,0,35,71,11,106,0
HIZNO6OI,4,0,1,3,0,0,0,0,0,0,0,0,4,0,1,3,0,0,0,0,0,0,0,0,0,4,0,4,0
5UINTZK2,34,1,2,21,4,8,28,1,2,17,2,8,6,0,0,4,2,0,0,0,0,0,0,0,29,6,0,35,1
BTKZZLZI,31,0,2,28,1,0,8,0,0,8,0,0,23,0,2,20,1,0,9,0,1,7,1,0,8,23,9,31,0
CEZHFZBH,47,7,4,39,10,1,34,5,3,25,10,1,13,2,1,14,0,0,2,0,0,2,0,0,39,15,2,54,0
7AQOLUWS,6,1,0,6,1,0,0,0,0,0,0,0,6,1,0,6,1,0,1,0,0,1,0,0,0,7,1,7,0
KBF4ACDI,44,1,8,33,4,0,9,0,2,5,2,0,35,1,6,28,2,0,9,0,1,7,1,0,9,36,9,45,0
SMDL5UTP,92,1,15,72,2,4,20,0,7,13,0,0,72,1,8,59,2,4,8,0,0,8,0,0,20,73,8,93,0
UIMQWLWO,53,3,21,35,0,1,19,1,6,14,0,0,34,2,15,21,0,1,4,0,1,3,0,0,20,36,4,56,0
U6EENS9H,17,1,0,15,1,2,8,0,0,7,0,1,9,1,0,8,1,1,1,0,0,0,0,1,8,10,1,18,0
PUIUGTH3,40,9,1,4,27,17,1,0,0,1,0,0,39,9,1,3,27,17,15,2,0,0,6,11,1,48,17,49,0
NDUCPOQG,66,10,20,51,5,0,23,7,6,19,5,0,43,3,14,32,0,0,15,0,5,10,0,0,30,46,15,76,0
WICJBC99,82,12,18,62,14,1,20,2,5,13,4,0,62,10,13,49,10,1,18,0,2,14,2,0,22,72,18,94,0
SO6FQJKV,78,26,19,64,20,1,53,19,16,41,14,1,25,7,3,23,6,0,3,0,0,2,1,0,72,32,3,104,0
EN8E1JZ2,7,11,1,3,0,14,0,2,0,0,0,2,7,9,1,3,0,12,3,1,1,1,0,2,2,16,4,18,0
QBNKJXYJ,19,2,3,14,4,1,4,0,0,3,1,0,15,2,3,11,3,1,5,0,1,3,1,1,4,17,5,21,0
36SWAK8H,85,14,5,69,16,9,21,7,2,21,5,0,64,7,3,48,11,9,10,1,0,5,2,4,28,71,11,99,0
SV1EHJOR,75,5,20,59,1,0,21,3,2,22,0,0,54,2,18,37,1,0,3,0,1,2,0,0,24,56,3,80,0
CFU689FS,14,4,0,18,0,0,2,4,0,6,0,0,12,0,0,12,0,0,0,0,0,0,0,0,6,12,0,18,0
IPTKFI9G,76,1,23,48,6,3,26,0,11,14,1,2,50,1,12,34,5,1,10,0,3,6,1,0,26,51,10,77,0
AEG1WUBJ,20,1,10,11,0,0,4,0,2,2,0,0,16,1,8,9,0,0,4,0,2,2,0,0,4,17,4,21,0
8QETWYFQ,3,0,0,3,0,0,0,0,0,0,0,0,3,0,0,3,0,0,0,0,0,0,0,0,0,3,0,3,0
RT866KBW,10,5,2,6,6,1,3,0,1,1,1,0,7,5,1,5,5,1,1,3,0,1,2,1,3,12,4,15,0
FIRCOOE3,42,4,16,27,3,1,14,1,5,10,0,0,28,3,11,17,3,1,2,0,2,0,0,0,15,31,2,46,0
VXEBB7XL,33,2,2,29,4,0,15,0,0,13,2,0,18,2,2,16,2,0,1,0,0,1,0,0,15,20,1,35,0
FIUOIOS2,42,8,4,34,7,5,11,4,1,9,2,3,31,4,3,25,5,2,4,0,1,3,0,0,15,35,4,50,0
ZOQEUMRI,22,1,9,11,3,0,7,1,1,5,2,0,15,0,8,6,1,0,6,0,4,2,0,0,8,15,6,23,0
IQXD4Q4F,75,26,29,60,10,2,54,23,26,39,10,2,21,3,3,21,0,0,9,2,0,11,0,0,77,24,11,101,0
FQOVBNWT,59,12,3,60,4,4,14,0,1,13,0,0,45,12,2,47,4,4,7,8,0,7,4,4,14,57,15,71,0
CZYN4GOB,8,0,0,8,0,0,0,0,0,0,0,0,8,0,0,8,0,0,1,0,0,1,0,0,0,8,1,8,0
X5VFCFVY,2,0,0,2,0,0,0,0,0,0,0,0,2,0,0,2,0,0,0,0,0,0,0,0,0,2,0,2,0
4EZTW3AV,6,0,0,5,1,0,2,0,0,2,0,0,4,0,0,3,1,0,2,0,0,2,0,0,2,4,2,6,0
UAOLLSCF,213,31,22,173,47,2,66,2,7,52,8,1,147,29,15,121,39,1,15,4,1,12,6,0,68,176,19,244,0
NNQEMLH1,4,0,0,3,1,0,1,0,0,1,0,0,3,0,0,2,1,0,0,0,0,0,0,0,1,3,0,4,0
9IHSZE6G,12,0,2,8,2,0,7,0,1,5,1,0,5,0,1,3,1,0,0,0,0,0,0,0,7,5,0,12,0
X5H5H8SA,74,3,17,57,2,2,17,1,7,10,1,0,57,2,10,47,1,2,13,0,3,9,0,2,18,59,13,77,0
SMNQ4BZW,65,4,6,62,1,0,14,3,3,14,0,0,51,1,3,48,1,0,4,0,0,4,0,0,17,52,4,69,0
VEX5ZU78,15,0,2,13,0,0,4,0,1,3,0,0,11,0,1,10,0,0,0,0,0,0,0,0,4,11,0,15,0
KPLRZ6KJ,37,4,2,34,5,0,23,4,1,21,5,0,14,0,1,13,0,0,3,0,0,3,0,0,27,14,3,41,0
H8UYOGVV,75,60,0,66,43,26,42,33,0,34,19,22,33,27,0,32,24,4,5,2,0,7,0,0,75,60,7,135,0
FQCAHQJ2,57,1,13,45,0,0,13,1,5,9,0,0,44,0,8,36,0,0,9,0,2,7,0,0,14,44,9,58,0
YCNMGBBD,14,0,3,9,2,1,5,0,1,4,0,0,9,0,2,5,2,1,1,0,0,1,0,0,5,9,1,14,0
ZNCSKBIG,111,21,12,107,11,2,39,8,7,33,5,2,72,13,5,74,6,0,10,0,0,10,0,0,47,85,10,132,0
QJFWNQTR,48,3,16,32,3,1,20,0,3,15,2,1,28,3,13,17,1,0,1,3,1,3,0,0,20,31,4,51,0
NZ7FJO4Y,25,2,2,25,0,0,5,0,0,5,0,0,20,2,2,20,0,0,4,0,1,3,0,0,5,22,4,27,0
EAVBFAQX,137,30,40,112,15,1,37,18,7,40,8,1,100,12,33,72,7,0,9,0,4,5,0,0,55,112,9,167,0
CJXDS5RV,6,0,1,5,0,0,1,0,0,1,0,0,5,0,1,4,0,0,1,0,0,1,0,0,1,5,1,6,0
D1CFKMOJ,41,24,9,43,12,2,24,16,5,27,8,1,17,8,4,16,4,1,1,0,0,1,0,0,40,25,1,65,0
TCSYCTKI,10,0,1,9,0,0,2,0,1,1,0,0,8,0,0,8,0,0,2,0,0,2,0,0,2,8,2,10,0
G7E7YLKM,111,2,15,90,8,1,42,2,6,36,2,0,69,0,9,54,6,1,25,0,3,21,1,1,44,69,25,113,0
MGOMCXXA,60,7,3,31,20,13,47,6,3,24,13,13,13,1,0,7,7,0,1,0,0,1,0,0,53,14,1,67,0
TGH2ER9W,8,1,5,4,0,0,0,1,0,1,0,0,8,0,5,3,0,0,1,0,1,0,0,0,1,8,1,9,0
GNY7JOCS,3,0,1,2,0,0,2,0,1,1,0,0,1,0,0,1,0,0,0,0,0,0,0,0,2,1,0,3,0
ZQKSZBW3,41,1,15,27,0,2,11,0,4,7,0,1,30,1,11,20,0,1,7,0,2,5,0,0,11,31,7,42,0
XYQDZUDC,14,19,0,8,15,10,0,1,0,0,0,1,14,18,0,8,15,9,0,0,0,0,0,0,1,32,0,33,0
YOIVAX1D,9,3,2,8,1,1,1,3,2,2,0,0,8,0,0,6,1,1,0,0,0,0,0,0,4,8,0,12,0
QZHFBSHU,11,1,0,12,0,0,3,0,0,3,0,0,8,1,0,9,0,0,4,0,0,4,0,0,3,9,4,12,0
EXUIY93A,53,1,13,41,0,0,9,1,2,8,0,0,44,0,11,33,0,0,4,0,0,4,0,0,10,44,4,54,0
8X9BMQ3G,7,3,1,8,0,1,3,3,1,4,0,1,4,0,0,4,0,0,0,0,0,0,0,0,6,4,0,10,0
RRUMWIZO,37,10,3,38,6,0,21,8,2,23,4,0,16,2,1,15,2,0,7,0,0,7,0,0,29,18,7,47,0
GIYGVNRX,14,8,3,11,4,4,3,1,1,2,1,0,11,7,2,9,3,4,3,4,0,3,2,2,4,18,7,22,0
IXMHYXDN,12,1,1,11,1,0,4,1,0,4,1,0,8,0,1,7,0,0,1,0,0,1,0,0,5,8,1,13,0
QMDMPNIG,28,5,7,24,2,0,13,2,3,10,2,0,15,3,4,14,0,0,0,0,0,0,0,0,15,18,0,33,0
WRJZOUCA,24,1,3,22,0,0,6,1,0,7,0,0,18,0,3,15,0,0,2,0,1,1,0,0,7,18,2,25,0
QRQXB341,69,7,16,47,8,5,18,2,4,15,1,0,51,5,12,32,7,5,6,0,2,4,0,0,20,56,6,76,0
89Y9SPEQ,33,0,14,19,0,0,9,0,2,7,0,0,24,0,12,12,0,0,5,0,2,3,0,0,9,24,5,33,0
PHMAILCN,31,1,2,26,4,0,10,1,1,9,1,0,21,0,1,17,3,0,9,0,0,8,1,0,11,21,9,32,0
JWNK4LRO,85,6,15,55,21,3,37,5,6,24,12,1,48,1,9,31,9,2,0,0,0,0,0,0,42,49,0,91,0
VTSNASDC,30,1,3,22,6,0,8,1,1,6,2,0,22,0,2,16,4,0,5,0,0,4,1,0,9,22,5,31,0
FLP42FE4,4,1,2,3,0,0,1,0,1,0,0,0,3,1,1,3,0,0,2,0,0,2,0,0,1,4,2,5,0
KXJ6R6EG,33,2,8,27,0,0,14,2,7,9,0,0,19,0,1,18,0,0,4,0,0,4,0,0,16,19,4,35,0
FFZLC6FS,26,0,8,16,2,1,7,0,3,4,0,0,19,0,5,12,2,1,4,0,1,3,0,0,7,19,4,26,0
YI8MKPNF,61,4,5,43,17,0,12,0,1,10,1,0,49,4,4,33,16,0,31,4,1,20,14,0,12,53,35,65,0
OETITENV,6,2,2,6,0,0,4,0,0,4,0,0,2,2,2,2,0,0,0,0,0,0,0,0,4,4,0,8,0
7UYROPGI,58,2,28,32,0,4,17,0,7,10,0,1,41,2,21,22,0,3,6,0,4,2,0,2,17,43,6,60,0
DTTEOIHD,19,1,5,15,0,0,8,1,3,6,0,0,11,0,2,9,0,0,0,0,0,0,0,0,9,11,0,20,0
QA8OAGYC,6,4,0,9,1,0,1,3,0,3,1,0,5,1,0,6,0,0,1,0,0,1,0,0,4,6,1,10,0
R8YKUXBU,8,3,1,5,0,5,3,1,1,2,0,1,5,2,0,3,0,4,3,1,0,0,0,4,4,7,4,11,0
2TRDEEGA,78,0,22,52,4,0,15,0,5,8,2,0,63,0,17,44,2,0,4,0,3,1,0,0,15,63,4,78,0
UG8OLF7S,31,7,0,29,9,0,16,5,0,13,8,0,15,2,0,16,1,0,2,0,0,2,0,0,21,17,2,38,0
JJDSNLC9,15,1,1,15,0,0,3,0,0,3,0,0,12,1,1,12,0,0,3,0,0,3,0,0,3,13,3,16,0
AZNAOIMP,87,12,25,67,7,3,15,11,8,16,2,0,72,1,17,51,5,3,9,1,4,6,0,2,26,73,10,99,0
HMZD4XCX,53,16,17,45,5,4,17,3,3,14,3,1,36,13,14,31,2,3,8,5,3,10,0,1,20,49,13,69,0
17EM3HUH,44,0,15,29,0,2,13,0,5,8,0,0,31,0,10,21,0,2,2,0,0,2,0,0,13,31,2,44,0
FW3JJI9T,40,0,10,27,0,2,4,0,0,3,0,1,36,0,10,24,0,1,11,0,2,8,0,1,4,36,11,40,0
QGW1GBUD,4,0,1,3,0,0,2,0,1,1,0,0,2,0,0,2,0,0,0,0,0,0,0,0,2,2,0,4,0
JIT3GESW,19,6,2,16,1,6,7,3,1,3,1,5,12,3,1,13,0,1,2,0,1,1,0,0,10,15,2,25,0
LNHZCYG5,90,5,1,74,20,0,47,3,1,36,13,0,43,2,0,38,7,0,6,2,0,8,0,0,50,45,8,95,0
NYUNCJFX,20,4,3,18,3,0,16,4,1,16,3,0,4,0,2,2,0,0,0,0,0,0,0,0,20,4,0,24,0
UU2KYPLT,12,1,4,8,1,0,7,1,0,7,1,0,5,0,4,1,0,0,0,0,0,0,0,0,8,5,0,13,0
LWHKBGUK,33,2,3,32,0,0,6,2,1,7,0,0,27,0,2,25,0,0,4,0,0,4,0,0,8,27,4,35,0
UGJ2WJ3G,20,1,7,13,1,0,3,0,1,2,0,0,17,1,6,11,1,0,0,0,0,0,0,0,3,18,0,21,0
WMIDCGKD,76,2,25,53,0,5,30,0,14,16,0,3,46,2,11,37,0,2,9,0,3,6,0,1,30,48,9,78,0
FCBQRBNB,51,0,27,24,0,0,13,0,6,7,0,0,38,0,21,17,0,0,3,0,1,2,0,0,13,38,3,51,0
6YE3EXKB,0,1,0,1,0,0,0,1,0,1,0,0,0,0,0,0,0,0,0,0,0,0,0,0,1,0,0,1,0
9HXTWVCW,56,3,14,40,4,0,14,0,6,8,0,0,42,3,8,32,4,0,5,0,1,4,0,0,14,45,5,59,0
BAADWMYZ,37,0,3,32,2,1,10,0,0,8,2,0,27,0,3,24,0,1,8,0,0,8,0,0,10,27,8,37,0
NOX1HG3V,112,4,21,81,11,3,15,1,4,11,1,0,97,3,17,70,10,3,11,0,4,7,0,0,16,100,11,116,0
PBYJTXLZ,60,4,13,47,3,1,21,1,2,19,1,0,39,3,11,28,2,1,3,2,0,3,1,1,22,42,5,64,0
TC6PCXUT,46,1,4,32,11,0,16,0,2,8,6,0,30,1,2,24,5,0,1,0,0,1,0,0,16,31,1,47,0
UPA5WRPI,105,22,15,88,14,10,50,14,6,42,6,10,55,8,9,46,8,0,2,0,1,1,0,0,64,63,2,127,0
KMJEDL7R,21,0,2,19,0,0,7,0,2,5,0,0,14,0,0,14,0,0,2,0,0,2,0,0,7,14,2,21,0
HSCW5UDL,156,33,37,123,29,1,75,22,22,60,15,1,81,11,15,63,14,0,2,0,0,1,1,0,97,92,2,189,0
UVLKRXCV,15,1,3,13,0,0,5,0,2,3,0,0,10,1,1,10,0,0,1,0,0,1,0,0,5,11,1,16,0
G2IMKWA2,65,5,12,55,3,0,16,1,4,13,0,0,49,4,8,42,3,0,15,3,7,11,0,0,17,53,18,70,0
ACHCC4YB,4,0,0,4,0,0,2,0,0,2,0,0,2,0,0,2,0,0,0,0,0,0,0,0,2,2,0,4,0
YPVB3RRS,80,18,11,54,13,20,42,12,6,22,7,19,38,6,5,32,6,1,7,0,1,5,1,0,54,44,7,98,0
ACFID7BF,68,8,13,57,5,1,23,7,4,21,5,0,45,1,9,36,0,1,8,0,0,8,0,0,30,46,8,76,0
2YF3SDE8,11,0,1,10,0,0,1,0,0,1,0,0,10,0,1,9,0,0,1,0,0,1,0,0,1,10,1,11,0
9MFB1HGM,31,1,14,18,0,1,14,1,5,10,0,0,17,0,9,8,0,1,0,0,0,0,0,0,15,17,0,32,0
FHWFYXRQ,27,0,2,11,8,6,12,0,1,6,5,0,15,0,1,5,3,6,1,0,0,1,0,0,12,15,1,27,0
N6MC2JNM,4,0,2,2,0,0,3,0,2,1,0,0,1,0,0,1,0,0,0,0,0,0,0,0,3,1,0,4,0
DH3KCAQI,16,2,2,10,4,2,5,1,1,3,2,0,11,1,1,7,2,2,8,0,1,7,0,0,6,12,8,18,1
FOL3VAL4,1,3,2,2,0,0,0,3,2,1,0,0,1,0,0,1,0,0,0,0,0,0,0,0,3,1,0,4,0
APSZTHRG,57,16,18,54,1,0,25,8,14,19,0,0,32,8,4,35,1,0,3,0,0,2,1,0,33,40,3,73,0
A5TBPFVM,48,0,5,42,1,0,15,0,1,13,1,0,33,0,4,29,0,0,7,0,1,6,0,0,15,33,7,48,0
UYZAUTM9,2,0,0,0,2,0,1,0,0,0,1,0,1,0,0,0,1,0,0,0,0,0,0,0,1,1,0,2,0
RIZUPR7N,39,11,8,32,9,1,11,3,0,9,4,1,28,8,8,23,5,0,7,2,1,5,3,0,14,36,9,50,0
CPE5ZBB1,4,0,2,1,1,0,0,0,0,0,0,0,4,0,2,1,1,0,0,0,0,0,0,0,0,4,0,4,0
XHWGZ2YX,115,24,37,86,16,0,60,15,24,44,7,0,55,9,13,42,9,0,3,0,0,3,0,0,75,64,3,139,0
HHHNAWRE,7,1,4,4,0,1,2,0,2,0,0,0,5,1,2,4,0,1,0,0,0,0,0,0,2,6,0,8,0
WM79PN4V,103,16,22,76,21,0,35,5,10,24,6,0,68,11,12,52,15,0,9,0,3,5,1,0,40,79,9,119,0
GQUVFFTY,15,0,2,11,2,0,8,0,0,7,1,0,7,0,2,4,1,0,2,0,1,0,1,0,8,7,2,15,0
NC3HY1DM,12,8,6,13,1,0,6,7,4,9,0,0,6,1,2,4,1,0,1,0,0,1,0,0,13,7,1,20,0
EAA87ZBN,24,4,4,15,9,0,13,4,3,5,9,0,11,0,1,10,0,0,4,0,0,4,0,0,17,11,4,28,0
N1MBRYQE,2,1,3,0,0,1,1,0,1,0,0,0,1,1,2,0,0,1,1,0,1,0,0,1,1,2,1,3,0
MNFQENEG,80,22,19,62,20,2,44,11,15,29,10,2,36,11,4,33,10,0,3,0,0,3,0,0,55,47,3,102,0
DJBFXPOS,42,7,4,40,5,0,29,5,2,28,4,0,13,2,2,12,1,0,2,0,0,2,0,0,34,15,2,49,0
CKCJ3INH,72,16,18,63,7,0,46,13,14,41,4,0,26,3,4,22,3,0,5,0,0,4,1,0,59,29,5,88,0
FUZKNENX,24,0,3,21,0,0,10,0,2,8,0,0,14,0,1,13,0,0,2,0,0,2,0,0,10,14,2,24,0
KG8VZU3Q,119,27,33,94,12,7,39,15,15,32,5,2,80,12,18,62,7,5,15,3,0,13,3,2,54,92,18,146,0
32WZ6EQV,47,0,12,33,2,0,7,0,2,5,0,0,40,0,10,28,2,0,7,0,1,6,0,0,7,40,7,47,0
WAQHVWUI,3,1,1,3,0,1,2,1,0,3,0,0,1,0,1,0,0,1,0,0,0,0,0,0,3,1,0,4,0
B8FYVKKY,21,0,9,12,0,1,6,0,2,4,0,1,15,0,7,8,0,0,3,0,0,3,0,0,6,15,3,21,0
L4GFK2AW,28,1,8,21,0,0,7,1,1,7,0,0,21,0,7,14,0,0,2,0,0,2,0,0,8,21,2,29,0
DHXJLCRL,46,3,15,24,7,3,14,1,4,6,2,3,32,2,11,18,5,0,5,2,1,6,0,0,15,34,7,49,0
RQEXGIXE,16,2,2,14,1,0,8,0,1,6,0,0,8,2,1,8,1,0,0,0,0,0,0,0,8,10,0,18,0
TNTYDKVN,24,0,9,12,3,0,4,0,2,2,0,0,20,0,7,10,3,0,5,0,0,4,1,0,4,20,5,24,0
MVK4LG3P,28,6,0,33,1,0,12,4,0,15,1,0,16,2,0,18,0,0,2,0,0,2,0,0,16,18,2,34,0
4IQFERCY,22,3,3,18,4,0,14,3,1,12,4,0,8,0,2,6,0,0,0,0,0,0,0,0,17,8,0,25,0
YZGKKLVD,3,2,1,4,0,0,0,0,0,0,0,0,3,2,1,4,0,0,1,0,0,1,0,0,0,5,1,5,0
6GMAIKFL,27,2,6,23,0,0,6,1,2,5,0,0,21,1,4,18,0,0,5,0,2,3,0,0,7,22,5,29,0
G4K93VV4,37,0,5,30,2,1,18,0,2,14,2,1,19,0,3,16,0,0,5,0,0,5,0,0,18,19,5,37,0
OUXZ4R3J,43,4,9,31,7,1,32,4,9,23,4,1,11,0,0,8,3,0,2,0,0,2,0,0,36,11,2,47,0
L71AV5HU,43,2,10,30,5,0,17,2,4,10,5,0,26,0,6,20,0,0,3,0,1,2,0,0,19,26,3,45,0
P4V1JFTU,37,0,11,19,0,5,5,0,2,3,0,0,32,0,9,16,0,5,8,0,4,3,0,1,5,32,8,37,0
QIJJS2OI,36,1,6,30,0,1,16,1,3,13,0,1,20,0,3,17,0,0,3,0,2,1,0,0,17,20,3,37,0
2I4HBM8V,28,1,15,14,0,1,4,1,2,3,0,0,24,0,13,11,0,1,5,0,3,2,0,0,5,24,5,29,0
WIPPACQW,29,2,7,21,3,0,13,0,3,9,1,0,16,2,4,12,2,0,0,0,0,0,0,0,13,18,0,31,0
FTBPBHWG,36,1,4,30,3,0,14,1,1,11,3,0,22,0,3,19,0,0,1,0,0,1,0,0,15,22,1,37,0
DG5QNUZT,16,0,1,12,2,1,5,0,0,5,0,0,11,0,1,7,2,1,1,0,0,1,0,0,5,11,1,16,0
MD1JPRBV,2,0,0,2,0,0,2,0,0,2,0,0,0,0,0,0,0,0,0,0,0,0,0,0,2,0,0,2,0
MCFEWJM7,33,0,2,31,0,0,6,0,0,6,0,0,27,0,2,25,0,0,6,0,0,6,0,0,6,27,6,33,0
EYEL4KJG,16,2,3,13,2,0,5,0,0,4,1,0,11,2,3,9,1,0,1,0,0,1,0,0,5,13,1,18,0
HFESJ98H,51,4,19,34,0,4,15,1,6,10,0,0,36,3,13,24,0,4,9,0,2,7,0,0,16,39,9,55,0
PTDNSDMX,163,36,13,139,47,0,31,11,2,35,5,0,132,25,11,104,42,0,34,3,3,24,10,0,42,157,37,199,0
A1GJOIWW,26,2,4,16,7,4,14,0,2,11,1,2,12,2,2,5,6,2,3,2,1,2,1,1,14,14,5,28,0
KDXXHJAG,73,19,22,64,5,1,18,9,6,18,2,1,55,10,16,46,3,0,2,1,1,2,0,0,27,65,3,92,0
KJBINPNP,19,0,9,10,0,0,5,0,1,4,0,0,14,0,8,6,0,0,1,0,1,0,0,0,5,14,1,19,1
AZHEBEOH,39,31,4,44,22,0,17,12,1,17,11,0,22,19,3,27,11,0,9,3,0,10,2,0,29,41,12,70,0
MNI9LAQ4,18,3,6,8,7,0,16,3,6,8,5,0,2,0,0,0,2,0,0,0,0,0,0,0,19,2,0,21,0
98ERCD2I,9,5,2,11,0,1,5,3,2,5,0,1,4,2,0,6,0,0,0,0,0,0,0,0,8,6,0,14,0
HCRVGAIV,6,0,4,2,0,0,2,0,2,0,0,0,4,0,2,2,0,0,0,0,0,0,0,0,2,4,0,6,0
H6XVXMRW,67,14,19,61,1,1,31,6,9,28,0,1,36,8,10,33,1,0,3,0,0,3,0,0,37,44,3,81,0
6DJM7L3U,5,1,5,1,0,1,1,1,2,0,0,1,4,0,3,1,0,0,1,0,1,0,0,0,2,4,1,6,0
KAGN4NBT,56,1,2,52,3,0,13,0,0,12,1,0,43,1,2,40,2,0,4,0,0,4,0,0,13,44,4,57,0
QNXXSPN7,12,0,5,7,0,1,1,0,1,0,0,1,11,0,4,7,0,0,0,0,0,0,0,0,1,11,0,12,0
OTDVVWYB,26,8,3,18,13,0,9,0,1,5,3,0,17,8,2,13,10,0,0,0,0,0,0,0,9,25,0,34,0
LAZTGX2I,102,7,38,70,1,1,27,4,12,18,1,1,75,3,26,52,0,0,14,0,2,12,0,0,31,78,14,109,0
NNYX2P1D,47,4,16,32,3,0,14,1,4,10,1,0,33,3,12,22,2,0,9,0,0,9,0,0,15,36,9,51,0
AXZISSRZ,34,0,5,29,0,0,23,0,3,20,0,0,11,0,2,9,0,0,2,0,0,2,0,0,23,11,2,34,0
EXQEUVJZ,6,0,0,6,0,0,1,0,0,1,0,0,5,0,0,5,0,0,1,0,0,1,0,0,1,5,1,6,0
TLH4FMPG,66,6,17,51,4,0,23,4,8,18,1,0,43,2,9,33,3,0,3,0,1,2,0,0,27,45,3,72,0
52BRIMBZ,3,0,3,0,0,0,3,0,3,0,0,0,0,0,0,0,0,0,0,0,0,0,0,0,3,0,0,3,0
7H2Y13G8,24,1,2,14,6,3,9,0,1,4,3,1,15,1,1,10,3,2,4,0,0,3,1,0,9,16,4,25,0
B8TUK1MP,81,8,18,69,2,5,31,3,4,30,0,0,50,5,14,39,2,5,9,1,4,6,0,1,34,55,10,89,0
CN2QOPHI,5,0,1,1,1,2,5,0,1,1,1,2,0,0,0,0,0,0,0,0,0,0,0,0,5,0,0,5,0
YPONGNDZ,30,0,9,21,0,0,8,0,2,6,0,0,22,0,7,15,0,0,2,0,1,1,0,0,8,22,2,30,0
KIFSEYYW,10,4,2,12,0,0,7,4,1,10,0,0,3,0,1,2,0,0,0,0,0,0,0,0,11,3,0,14,0
DRXUC5BJ,73,2,25,44,6,0,20,1,6,11,4,0,53,1,19,33,2,0,12,0,4,8,0,0,21,54,12,75,0
211Q87IM,47,3,14,35,1,0,13,0,3,9,1,0,34,3,11,26,0,0,5,0,2,3,0,0,13,37,5,50,0
7LESQHS5,50,14,15,40,9,1,15,5,9,11,0,0,35,9,6,29,9,1,13,2,2,10,3,1,20,44,15,64,0
3UTIWDLB,5,0,1,4,0,0,1,0,0,1,0,0,4,0,1,3,0,0,0,0,0,0,0,0,1,4,0,5,0
WXIKZHAL,35,1,3,28,5,0,10,0,0,8,2,0,25,1,3,20,3,0,3,0,0,3,0,0,10,26,3,36,0
JJ2RAAFV,9,1,1,6,3,0,5,1,1,3,2,0,4,0,0,3,1,0,0,0,0,0,0,0,6,4,0,10,0
HMGGCAOL,47,9,19,35,1,2,14,7,6,14,1,0,33,2,13,21,0,2,11,0,4,6,0,1,21,35,11,56,0
F5QVB1O5,52,25,0,50,15,12,35,14,0,36,13,0,17,11,0,14,2,12,0,0,0,0,0,0,49,28,0,77,0
EYC8WJUQ,36,8,2,39,3,0,13,4,2,15,0,0,23,4,0,24,3,0,2,0,0,2,0,0,17,27,2,44,0
CSXZ4EXL,5,0,2,3,0,0,2,0,0,2,0,0,3,0,2,1,0,0,0,0,0,0,0,0,2,3,0,5,0
33K28CRS,28,2,12,18,0,0,3,0,2,1,0,0,25,2,10,17,0,0,3,2,2,3,0,0,3,27,5,30,0
1JEXGBLI,6,0,0,4,2,0,5,0,0,3,2,0,1,0,0,1,0,0,1,0,0,1,0,0,5,1,1,6,0
PVCBOA7K,79,12,10,75,6,1,22,7,6,21,2,0,57,5,4,54,4,1,5,0,0,5,0,0,29,62,5,91,0
XRGMO95C,29,5,4,20,9,1,14,2,2,7,6,1,15,3,2,13,3,0,2,0,0,2,0,0,16,18,2,34,0
NYH9UQFH,51,2,7,43,2,1,10,1,2,9,0,0,41,1,5,34,2,1,8,0,0,8,0,0,11,42,8,53,0
W47KMFWE,14,1,1,5,1,8,6,1,0,2,1,4,8,0,1,3,0,4,0,0,0,0,0,0,7,8,0,15,0
VNLPRHYS,132,15,33,109,4,1,53,5,13,45,0,0,79,10,20,64,4,1,13,0,2,10,0,1,58,89,13,147,0
3PBTG1I8,101,9,25,82,3,0,32,0,8,23,1,0,69,9,17,59,2,0,8,0,2,5,1,0,32,78,8,110,0
45LUVMYV,32,0,9,19,3,1,27,0,9,14,3,1,5,0,0,5,0,0,0,0,0,0,0,0,27,5,0,32,1
F8JVEL9W,58,14,15,40,13,4,12,6,2,9,5,2,46,8,13,31,8,2,10,0,0,8,2,0,18,54,10,72,0
ZVLHC7PA,7,0,1,6,0,0,1,0,1,0,0,0,6,0,0,6,0,0,1,0,0,1,0,0,1,6,1,7,0
SG3A6IOA,107,14,20,74,25,2,35,2,8,20,9,0,72,12,12,54,16,2,15,1,1,11,4,0,37,84,16,121,0
EJRVN94A,3,0,1,2,0,0,2,0,0,2,0,0,1,0,1,0,0,0,0,0,0,0,0,0,2,1,0,3,0
DOIWUTK7,113,18,68,62,0,13,49,12,29,31,0,5,64,6,39,31,0,8,9,1,6,4,0,2,61,70,10,131,0
BSRVIH5F,183,27,50,119,38,6,87,21,26,54,26,2,96,6,24,65,12,4,10,0,1,9,0,0,108,102,10,210,0
BJWOWWZT,44,12,17,37,2,1,44,11,17,36,2,1,0,1,0,1,0,0,0,0,0,0,0,0,55,1,0,56,0
AWJDRGGZ,19,5,3,14,7,0,19,5,3,14,7,0,0,0,0,0,0,0,0,0,0,0,0,0,24,0,0,24,0
HRZGUYZL,41,2,21,21,1,0,8,0,2,6,0,0,33,2,19,15,1,0,4,0,4,0,0,0,8,35,4,43,0
SFMHTSEP,196,14,63,116,22,11,55,7,15,33,7,7,141,7,48,83,15,4,25,0,8,16,1,0,62,148,25,210,0
KAHRZ8VE,16,1,5,11,1,0,9,1,2,8,0,0,7,0,3,3,1,0,0,0,0,0,0,0,10,7,0,17,0
BNH7GXBP,26,1,14,13,0,0,5,1,3,3,0,0,21,0,11,10,0,0,6,0,2,4,0,0,6,21,6,27,0
FIEBOCUS,10,0,5,5,0,0,3,0,1,2,0,0,7,0,4,3,0,0,2,0,0,2,0,0,3,7,2,10,0
KMZB38BB,159,2,37,118,6,1,47,0,14,33,0,0,112,2,23,85,6,1,24,0,5,19,0,0,47,114,24,161,0
RJTY3ALI,162,40,45,135,15,8,71,22,29,56,4,5,91,18,16,79,11,3,13,0,4,9,0,0,93,109,13,202,0
HEEIWVBG,92,10,22,65,15,1,42,9,12,31,8,1,50,1,10,34,7,0,1,0,0,1,0,0,51,51,1,102,0
STGNFEFK,91,14,15,83,7,0,24,10,5,24,5,0,67,4,10,59,2,0,9,0,1,8,0,0,34,71,9,105,0
AMUCHKUC,33,4,4,33,0,0,11,0,1,10,0,0,22,4,3,23,0,0,2,0,1,1,0,0,11,26,2,37,0
B1KBQ5RX,112,17,22,91,16,0,15,5,3,15,2,0,97,12,19,76,14,0,18,5,3,17,3,0,20,109,23,129,0
XUZQ7IZK,65,6,9,59,3,0,19,2,1,18,2,0,46,4,8,41,1,0,7,0,0,7,0,0,21,50,7,71,0
6QO9LTX9,68,8,12,56,8,0,15,2,4,12,1,0,53,6,8,44,7,0,2,0,1,1,0,0,17,59,2,76,0
JUPUVRSR,10,1,2,8,1,0,4,0,1,3,0,0,6,1,1,5,1,0,0,0,0,0,0,0,4,7,0,11,0
R5XCZVBV,17,0,3,14,0,0,3,0,1,2,0,0,14,0,2,12,0,0,2,0,0,2,0,0,3,14,2,17,0
MBOBIP9A,33,4,7,29,1,0,10,2,1,11,0,0,23,2,6,18,1,0,2,0,1,1,0,0,12,25,2,37,0
HEBOJQTG,5,1,1,4,0,1,2,0,1,1,0,0,3,1,0,3,0,1,0,0,0,0,0,0,2,4,0,6,0
1KQFIFHZ,72,4,26,47,3,0,22,2,4,17,3,0,50,2,22,30,0,0,11,0,6,5,0,0,24,52,11,76,0
VNOTGLUP,14,0,0,14,0,0,3,0,0,3,0,0,11,0,0,11,0,0,3,0,0,3,0,0,3,11,3,14,0
UYZOXHDP,6,1,0,7,0,0,3,1,0,4,0,0,3,0,0,3,0,0,0,0,0,0,0,0,4,3,0,7,0
1R1VFO5T,34,9,15,17,9,2,21,3,11,8,3,2,13,6,4,9,6,0,3,4,1,5,1,0,24,19,7,43,1
PBYNJGPI,151,11,39,114,6,6,38,7,12,28,2,5,113,4,27,86,4,1,20,1,5,16,0,0,45,117,21,162,0
3EJUNTBB,24,2,7,19,0,0,18,2,4,16,0,0,6,0,3,3,0,0,2,0,2,0,0,0,20,6,2,26,0
S885NZ5K,78,0,24,53,1,0,22,0,7,14,1,0,56,0,17,39,0,0,13,0,4,9,0,0,22,56,13,78,0
Q62NQKTN,50,10,17,34,9,2,13,6,7,9,3,1,37,4,10,25,6,1,3,0,0,3,0,0,19,41,3,60,0
BU27OJMA,16,0,3,12,1,0,7,0,1,5,1,0,9,0,2,7,0,0,1,0,0,1,0,0,7,9,1,16,1
PKN1B5MT,1,0,0,1,0,0,0,0,0,0,0,0,1,0,0,1,0,0,1,0,0,1,0,0,0,1,1,1,0
EHFSCI5P,8,3,1,10,0,0,4,3,1,6,0,0,4,0,0,4,0,0,2,0,0,2,0,0,7,4,2,11,0
LGLVJEKF,84,5,21,61,7,0,32,1,8,22,3,0,52,4,13,39,4,0,8,0,1,6,1,0,33,56,8,89,0
GU6GGJV9,19,2,2,19,0,0,9,2,1,10,0,0,10,0,1,9,0,0,2,0,0,2,0,0,11,10,2,21,0
8IRAGJQC,10,2,7,4,0,1,2,2,2,1,0,1,8,0,5,3,0,0,2,0,2,0,0,0,4,8,2,12,0
QTYJE2U5,64,3,12,47,8,1,25,1,5,17,4,1,39,2,7,30,4,0,0,0,0,0,0,0,26,41,0,67,0
NKIJCEGB,29,6,15,19,1,0,14,2,3,12,1,0,15,4,12,7,0,0,9,3,7,5,0,0,16,19,12,35,0
IMKGJNHJ,202,35,38,149,46,4,64,16,9,52,17,2,138,19,29,97,29,2,12,0,2,9,1,0,80,157,12,237,0
JNE1GBGT,4,0,3,1,0,0,1,0,1,0,0,0,3,0,2,1,0,0,0,0,0,0,0,0,1,3,0,4,0
GCN5KAZT,88,13,20,59,20,3,34,3,13,16,8,1,54,10,7,43,12,2,10,1,1,9,1,0,37,64,11,101,0
XGT5EKLW,81,4,25,58,1,1,23,4,12,13,1,1,58,0,13,45,0,0,5,0,2,3,0,0,27,58,5,85,0
PZNNFEQT,14,4,2,15,1,0,9,1,0,9,1,0,5,3,2,6,0,0,0,0,0,0,0,0,10,8,0,18,0
PYZOHDIC,29,3,6,23,3,0,7,3,4,6,0,0,22,0,2,17,3,0,4,0,0,4,0,0,10,22,4,32,0
ROSBXZKM,11,1,3,9,0,0,2,1,1,2,0,0,9,0,2,7,0,0,1,0,0,1,0,0,3,9,1,12,0
9WWCOGUS,100,31,38,82,11,0,27,11,16,21,1,0,73,20,22,61,10,0,13,2,5,10,0,0,38,93,15,131,0
JNS5AC7V,34,2,15,21,0,0,12,1,5,8,0,0,22,1,10,13,0,0,6,0,3,3,0,0,13,23,6,36,0
CAHY9BAG,4,3,1,6,0,0,3,0,1,2,0,0,1,3,0,4,0,0,1,0,0,1,0,0,3,4,1,7,0
QYF72XJI,28,0,4,19,3,3,4,0,2,0,2,1,24,0,2,19,1,2,4,0,0,4,0,0,4,24,4,28,0
WXQY1A4J,37,1,6,31,1,0,10,1,4,7,0,0,27,0,2,24,1,0,2,0,0,1,1,0,11,27,2,38,0
KYL3R2NF,7,2,0,8,1,0,6,2,0,7,1,0,1,0,0,1,0,0,0,0,0,0,0,0,8,1,0,9,1
YYCWA9C2,12,2,4,9,1,0,2,0,0,2,0,0,10,2,4,7,1,0,1,0,0,1,0,0,2,12,1,14,0
6KFSC3MS,121,40,12,121,28,1,52,24,7,50,19,1,69,16,5,71,9,0,10,0,1,9,0,0,76,85,10,161,0
M5K1BDYC,14,0,4,9,1,0,11,0,1,9,1,0,3,0,3,0,0,0,0,0,0,0,0,0,11,3,0,14,0
JPDGMWTF,28,2,4,23,3,0,5,0,0,3,2,0,23,2,4,20,1,0,2,1,2,1,0,0,5,25,3,30,0
Y6BBOHSG,2,0,2,0,0,0,0,0,0,0,0,0,2,0,2,0,0,0,0,0,0,0,0,0,0,2,0,2,0
7QM1LKK8,2,0,1,1,0,0,0,0,0,0,0,0,2,0,1,1,0,0,0,0,0,0,0,0,0,2,0,2,0
CRVCLHRH,114,18,36,81,15,6,30,8,11,23,4,4,84,10,25,58,11,2,14,1,4,9,2,0,38,94,15,132,0
8RJTONKG,66,12,14,56,8,0,12,4,1,13,2,0,54,8,13,43,6,0,10,2,1,9,2,0,16,62,12,78,0
VRC3KPRC,5,1,1,3,2,0,0,0,0,0,0,0,5,1,1,3,2,0,5,1,1,3,2,0,0,6,6,6,0
ULAZ4KJ4,1,0,0,1,0,0,0,0,0,0,0,0,1,0,0,1,0,0,1,0,0,1,0,0,0,1,1,1,0
JNTCEVDP,14,1,3,12,0,0,7,0,0,7,0,0,7,1,3,5,0,0,1,1,1,1,0,0,7,8,2,15,0
SZVGYWHH,31,2,8,22,1,2,12,1,2,8,1,2,19,1,6,14,0,0,0,0,0,0,0,0,13,20,0,33,0
HFWBWZX5,26,0,1,23,1,1,13,0,0,11,1,1,13,0,1,12,0,0,3,0,0,3,0,0,13,13,3,26,0
TBYC67GQ,30,3,4,25,4,0,10,1,2,9,0,0,20,2,2,16,4,0,0,2,0,1,1,0,11,22,2,33,0
H6B74VU2,6,6,2,6,4,0,4,0,0,2,2,0,2,6,2,4,2,0,2,0,1,1,0,0,4,8,2,12,0
SFIJ9W7Z,46,3,14,33,2,0,5,2,2,5,0,0,41,1,12,28,2,0,9,0,4,5,0,0,7,42,9,49,0
ZC1VKI5T,6,0,1,5,0,0,2,0,0,2,0,0,4,0,1,3,0,0,0,0,0,0,0,0,2,4,0,6,0
DPFQYL9M,85,8,17,36,34,6,19,4,6,9,7,1,66,4,11,27,27,5,7,2,1,4,4,0,23,70,9,93,0
RBW9CQJT,25,0,2,19,4,0,8,0,1,6,1,0,17,0,1,13,3,0,0,0,0,0,0,0,8,17,0,25,0
UNXRESOC,27,1,4,24,0,0,13,0,0,13,0,0,14,1,4,11,0,0,1,0,1,0,0,0,13,15,1,28,0
UCBYOGJA,9,0,1,8,0,0,1,0,0,1,0,0,8,0,1,7,0,0,0,0,0,0,0,0,1,8,0,9,0
SD77TI5N,37,1,6,30,2,0,16,0,2,12,2,0,21,1,4,18,0,0,1,0,0,1,0,0,16,22,1,38,0
BTRYCYSR,47,3,16,34,0,0,23,1,5,19,0,0,24,2,11,15,0,0,2,0,2,0,0,0,24,26,2,50,0
GRE1X5AE,96,18,3,35,36,40,44,6,2,12,16,20,52,12,1,23,20,20,4,0,0,3,1,0,50,64,4,114,0
CFU8HONN,7,0,1,6,0,0,3,0,0,3,0,0,4,0,1,3,0,0,2,0,0,2,0,0,3,4,2,7,1
MHIRQBVF,3,0,1,2,0,0,1,0,1,0,0,0,2,0,0,2,0,0,0,0,0,0,0,0,1,2,0,3,0
TVIMBKCN,22,0,10,6,3,4,7,0,5,2,0,0,15,0,5,4,3,4,2,0,1,1,0,0,7,15,2,22,0
HK8FVI83,5,2,4,3,0,0,0,2,0,2,0,0,5,0,4,1,0,0,1,0,0,1,0,0,2,5,1,7,0
KCLML4F7,47,1,13,35,0,0,13,1,2,12,0,0,34,0,11,23,0,0,4,0,1,3,0,0,14,34,4,48,0
E3YBNOD6,7,0,2,5,0,1,1,0,1,0,0,1,6,0,1,5,0,0,0,0,0,0,0,0,1,6,0,7,0
5HDWUMPU,8,1,0,9,0,0,3,0,0,3,0,0,5,1,0,6,0,0,3,0,0,3,0,0,3,6,3,9,0
IYDL8KAF,14,1,1,14,0,0,1,0,1,0,0,0,13,1,0,14,0,0,1,0,0,1,0,0,1,14,1,15,0
4T4YUEBI,18,1,6,13,0,0,4,1,2,3,0,0,14,0,4,10,0,0,2,0,1,1,0,0,5,14,2,19,0
QABHLY8A,42,5,13,32,2,0,13,1,5,9,0,0,29,4,8,23,2,0,4,0,1,3,0,0,14,33,4,47,0
XVMCGNU9,73,13,13,54,14,5,51,12,8,40,12,3,22,1,5,14,2,2,4,0,2,2,0,0,63,23,4,86,0
PW1KJWDW,85,3,28,52,7,1,20,0,6,13,1,0,65,3,22,39,6,1,13,0,6,7,0,0,20,68,13,88,0
LPYBM3SN,41,4,13,24,2,5,20,0,9,6,0,4,21,4,4,18,2,1,1,0,0,1,0,0,20,25,1,45,0
TTMSXTSG,53,2,13,40,2,0,21,2,5,17,1,0,32,0,8,23,1,0,4,0,0,4,0,0,23,32,4,55,0
4AZNVE8K,9,1,3,7,0,0,1,1,0,2,0,0,8,0,3,5,0,0,0,0,0,0,0,0,2,8,0,10,0
II7TI4OC,29,5,9,23,2,0,4,2,1,5,0,0,25,3,8,18,2,0,5,0,2,3,0,0,6,28,5,34,0
TBAVHTLS,68,2,7,60,3,0,10,0,1,9,0,0,58,2,6,51,3,0,17,1,1,14,3,0,10,60,18,70,0
DTDCIKQR,32,6,6,32,0,0,8,2,3,7,0,0,24,4,3,25,0,0,7,0,2,5,0,0,10,28,7,38,0
DNOV5U3W,36,4,2,34,3,1,11,4,0,12,2,1,25,0,2,22,1,0,2,0,0,2,0,0,15,25,2,40,0
3PLTH78M,32,0,8,24,0,0,8,0,3,5,0,0,24,0,5,19,0,0,3,0,0,3,0,0,8,24,3,32,0
SA63EMXJ,16,5,7,13,1,0,9,1,3,7,0,0,7,4,4,6,1,0,0,0,0,0,0,0,10,11,0,21,0
SKTFPBLD,46,11,12,34,9,3,21,3,6,14,4,0,25,8,6,20,5,3,4,0,0,3,1,0,24,33,4,57,0
1VCYVRNM,29,1,2,27,1,0,11,0,1,9,1,0,18,1,1,18,0,0,2,0,0,2,0,0,11,19,2,30,0
RCZC1IL6,89,5,16,78,0,0,27,3,6,24,0,0,62,2,10,54,0,0,9,0,0,9,0,0,30,64,9,94,0
G6AXZFYT,3,0,1,2,0,0,2,0,1,1,0,0,1,0,0,1,0,0,0,0,0,0,0,0,2,1,0,3,0
GIFPBOVB,8,4,3,8,1,0,3,0,2,1,0,0,5,4,1,7,1,0,0,0,0,0,0,0,3,9,0,12,0
ZKW7RWWJ,52,1,9,41,3,1,29,0,7,19,3,1,23,1,2,22,0,0,0,0,0,0,0,0,29,24,0,53,0
1GEGGF2Z,32,10,6,26,6,4,25,3,6,18,4,0,7,7,0,8,2,4,1,0,0,1,0,0,28,14,1,42,0
YUHKHSXW,31,2,8,20,3,2,4,0,2,1,1,0,27,2,6,19,2,2,5,0,2,1,0,2,4,29,5,33,0
FOAVRMO2,17,3,2,15,2,1,3,1,0,4,0,0,14,2,2,11,2,1,1,0,0,1,0,0,4,16,1,20,0
LK99YRP3,43,2,1,42,2,0,10,1,0,9,2,0,33,1,1,33,0,0,0,0,0,0,0,0,11,34,0,45,0
QIO7I28K,15,7,5,17,0,0,6,3,2,7,0,0,9,4,3,10,0,0,1,0,1,0,0,0,9,13,1,22,0
RLPGCGBL,52,5,13,43,1,0,24,2,9,16,1,0,28,3,4,27,0,0,6,1,1,6,0,0,26,31,7,57,0
SJWRUGME,57,2,22,36,1,0,13,1,4,10,0,0,44,1,18,26,1,0,6,0,3,3,0,0,14,45,6,59,0
2OGXGC9U,4,3,0,5,2,0,0,0,0,0,0,0,4,3,0,5,2,0,0,0,0,0,0,0,0,7,0,7,0
HG5YXYBD,4,2,2,2,2,0,2,2,2,2,0,0,2,0,0,0,2,0,0,0,0,0,0,0,4,2,0,6,0
ZJ8MFXSS,21,1,4,16,0,2,7,1,0,6,0,2,14,0,4,10,0,0,2,0,2,0,0,0,8,14,2,22,0
1PUEDQGU,21,11,7,14,10,1,12,8,4,9,7,0,9,3,3,5,3,1,0,0,0,0,0,0,20,12,0,32,0
W5Y8QTTZ,81,3,8,65,11,0,30,2,1,22,9,0,51,1,7,43,2,0,5,0,2,3,0,0,32,52,5,84,0
B3NMTWDH,55,2,6,51,0,0,18,2,3,17,0,0,37,0,3,34,0,0,7,0,2,5,0,0,20,37,7,57,0
OMJQVG9I,7,1,3,4,1,0,1,1,0,2,0,0,6,0,3,2,1,0,0,0,0,0,0,0,2,6,0,8,0
SZPQIUFG,116,12,14,107,7,0,37,3,5,31,4,0,79,9,9,76,3,0,14,0,0,14,0,0,40,88,14,128,0
I9CL4WNL,24,0,7,17,0,0,0,0,0,0,0,0,24,0,7,17,0,0,2,0,1,1,0,0,0,24,2,24,0
WBXZNEAN,33,5,5,30,1,2,19,5,3,20,1,0,14,0,2,10,0,2,6,0,0,6,0,0,24,14,6,38,0
3JEDRMYO,8,0,2,3,3,0,5,0,2,2,1,0,3,0,0,1,2,0,1,0,0,1,0,0,5,3,1,8,0
RS4TEDNG,127,31,13,112,33,2,50,14,4,46,14,0,77,17,9,66,19,2,24,6,3,20,7,0,64,94,30,158,0
GOEPKPCK,3,0,0,3,0,0,0,0,0,0,0,0,3,0,0,3,0,0,1,0,0,1,0,0,0,3,1,3,0
WV5MUELD,2,0,0,2,0,0,1,0,0,1,0,0,1,0,0,1,0,0,0,0,0,0,0,0,1,1,0,2,0
GYQBVDLT,193,19,62,120,30,1,81,12,28,45,20,1,112,7,34,75,10,0,22,0,7,15,0,0,93,119,22,212,0
92JI3AP7,41,0,18,23,0,0,8,0,3,5,0,0,33,0,15,18,0,0,7,0,2,5,0,0,8,33,7,41,0
RUYOURPU,147,19,13,130,23,1,56,15,3,57,11,0,91,4,10,73,12,1,22,0,1,19,2,0,71,95,22,166,0
6GNN9XKU,37,1,0,35,3,0,16,1,0,15,2,0,21,0,0,20,1,0,0,0,0,0,0,0,17,21,0,38,0
9DCBLIPB,12,0,3,9,0,1,2,0,0,2,0,0,10,0,3,7,0,1,0,0,0,0,0,0,2,10,0,12,0
KGLOIIQB,5,0,0,5,0,0,3,0,0,3,0,0,2,0,0,2,0,0,0,0,0,0,0,0,3,2,0,5,0
BXUCNWYD,90,15,19,67,15,6,56,14,11,41,14,6,34,1,8,26,1,0,5,0,1,4,0,0,70,35,5,105,0
YZNNIZTN,21,1,0,16,6,0,8,0,0,6,2,0,13,1,0,10,4,0,0,0,0,0,0,0,8,14,0,22,0
HSGT5JIH,95,12,24,75,8,1,19,7,7,16,3,0,76,5,17,59,5,1,18,2,4,15,1,1,26,81,20,107,0
NKVGSQZD,27,5,0,24,8,0,8,3,0,8,3,0,19,2,0,16,5,0,2,0,0,1,1,0,11,21,2,32,0
JAJOCF21,54,8,28,30,4,0,15,1,7,8,1,0,39,7,21,22,3,0,7,0,3,4,0,0,16,46,7,62,0
GOMKT2NO,44,5,3,35,11,0,27,3,0,23,7,0,17,2,3,12,4,0,4,0,2,2,0,0,30,19,4,49,0
2BHHS7YK,60,8,2,54,12,0,37,8,2,35,8,0,23,0,0,19,4,0,1,0,0,1,0,0,45,23,1,68,0
KQLFVJB2,11,0,2,8,1,0,2,0,0,1,1,0,9,0,2,7,0,0,2,0,0,2,0,0,2,9,2,11,0
Z4YRGADV,5,1,1,3,1,1,2,0,1,1,0,0,3,1,0,2,1,1,1,0,0,1,0,0,2,4,1,6,0
OGKJNQTG,76,25,19,63,19,0,41,8,12,29,8,0,35,17,7,34,11,0,1,0,0,1,0,0,49,52,1,101,0
VNRGBRDR,4,0,0,4,0,0,3,0,0,3,0,0,1,0,0,1,0,0,0,0,0,0,0,0,3,1,0,4,0
6NSZFOQP,21,0,4,17,0,0,2,0,0,2,0,0,19,0,4,15,0,0,2,0,0,2,0,0,2,19,2,21,0
B8BUTPVW,19,1,11,9,0,1,12,1,8,5,0,0,7,0,3,4,0,1,0,0,0,0,0,0,13,7,0,20,0
TYHS6GVU,45,2,11,33,3,0,14,0,3,10,1,0,31,2,8,23,2,0,11,0,2,7,2,0,14,33,11,47,0
SJNOMRES,69,3,4,64,4,0,18,0,1,16,1,0,51,3,3,48,3,0,11,0,2,9,0,0,18,54,11,72,0
JZRAFQQL,93,6,37,59,3,4,31,0,11,19,1,2,62,6,26,40,2,2,5,2,3,4,0,1,31,68,7,99,0
2HU397G9,8,0,3,5,0,0,3,0,0,3,0,0,5,0,3,2,0,0,1,0,1,0,0,0,3,5,1,8,0
PAZPYRWE,4,2,0,6,0,0,1,2,0,3,0,0,3,0,0,3,0,0,1,0,0,1,0,0,3,3,1,6,0
Y11HQDEU,9,1,0,10,0,0,5,1,0,6,0,0,4,0,0,4,0,0,1,0,0,1,0,0,6,4,1,10,0
RGAWMAMU,66,1,3,61,3,0,19,1,1,18,1,0,47,0,2,43,2,0,6,0,0,6,0,0,20,47,6,67,0
XIYQZ7HS,37,3,11,29,0,0,21,3,10,14,0,0,16,0,1,15,0,0,0,0,0,0,0,0,24,16,0,40,0
O49KGMFK,26,6,0,31,1,0,8,3,0,11,0,0,18,3,0,20,1,0,2,0,0,2,0,0,11,21,2,32,0
VR2RQLUW,2,0,0,2,0,0,0,0,0,0,0,0,2,0,0,2,0,0,0,0,0,0,0,0,0,2,0,2,0
INQALZOR,18,1,0,14,5,0,4,0,0,3,1,0,14,1,0,11,4,0,1,0,0,1,0,0,4,15,1,19,0
KD9YFEIV,64,2,12,46,5,3,14,0,1,11,1,1,50,2,11,35,4,2,8,0,3,5,0,0,14,52,8,66,0
9UTNOEGJ,12,0,4,8,0,0,1,0,1,0,0,0,11,0,3,8,0,0,1,0,0,1,0,0,1,11,1,12,0
93XGQXGL,45,4,4,38,6,1,12,3,2,10,2,1,33,1,2,28,4,0,3,0,0,3,0,0,15,34,3,49,0
TUZ6K9GV,64,2,21,44,1,0,13,2,6,9,0,0,51,0,15,35,1,0,7,0,1,5,1,0,15,51,7,66,0
1T6LGB73,28,0,7,19,2,0,3,0,0,3,0,0,25,0,7,16,2,0,3,0,0,2,1,0,3,25,3,28,0
FTRC8FTK,5,2,1,6,0,0,2,2,1,3,0,0,3,0,0,3,0,0,0,0,0,0,0,0,4,3,0,7,0
CKERROSR,5,1,2,4,0,0,4,0,0,4,0,0,1,1,2,0,0,0,0,0,0,0,0,0,4,2,0,6,0
PJKHFLZD,14,0,1,13,0,0,7,0,1,6,0,0,7,0,0,7,0,0,0,0,0,0,0,0,7,7,0,14,0
AP3YWEW5,80,23,33,66,3,2,34,18,21,30,1,2,46,5,12,36,2,0,6,1,2,4,0,0,52,51,7,103,0
L5LHUAEZ,1,0,0,1,0,0,0,0,0,0,0,0,1,0,0,1,0,0,0,0,0,0,0,0,0,1,0,1,0
2YLXYHLK,11,2,3,10,0,0,8,1,2,7,0,0,3,1,1,3,0,0,1,1,0,2,0,0,9,4,2,13,0
VZH86ZGI,3,0,0,0,2,1,0,0,0,0,0,0,3,0,0,0,2,1,0,0,0,0,0,0,0,3,0,3,0
YKTSJLB7,7,1,2,6,0,0,4,1,2,3,0,0,3,0,0,3,0,0,0,0,0,0,0,0,5,3,0,8,0
DLX7DNPY,106,4,19,87,4,0,28,3,8,22,1,0,78,1,11,65,3,0,13,0,3,10,0,0,31,79,13,110,0
SV2LL7DH,8,4,0,11,1,0,6,4,0,9,1,0,2,0,0,2,0,0,0,0,0,0,0,0,10,2,0,12,0
ROCEIGIU,5,2,0,4,3,0,5,2,0,4,3,0,0,0,0,0,0,0,0,0,0,0,0,0,7,0,0,7,0
JAU64LLK,9,0,2,4,3,0,7,0,2,3,2,0,2,0,0,1,1,0,0,0,0,0,0,0,7,2,0,9,0
NOIRUAB8,55,2,25,32,0,0,20,2,12,10,0,0,35,0,13,22,0,0,6,0,3,3,0,0,22,35,6,57,0
JFIJEKIJ,40,0,12,27,1,1,15,0,5,10,0,0,25,0,7,17,1,1,3,0,1,2,0,0,15,25,3,40,0
83O8GZIM,3,1,1,3,0,0,3,1,1,3,0,0,0,0,0,0,0,0,0,0,0,0,0,0,4,0,0,4,0
YGMW9IMM,8,1,5,3,1,3,2,1,0,3,0,0,6,0,5,0,1,3,1,0,1,0,0,0,3,6,1,9,0
3INFCKOQ,1,0,0,1,0,0,0,0,0,0,0,0,1,0,0,1,0,0,1,0,0,1,0,0,0,1,1,1,0
OYKKI3AF,26,2,3,18,6,1,11,0,1,7,2,1,15,2,2,11,4,0,1,0,1,0,0,0,11,17,1,28,0
FTROUNHH,1,1,0,0,0,2,0,0,0,0,0,0,1,1,0,0,0,2,0,0,0,0,0,0,0,2,0,2,0
TD1WMVWH,21,1,5,17,0,0,7,1,2,6,0,0,14,0,3,11,0,0,2,0,2,0,0,0,8,14,2,22,0
8KQ7YI5L,21,0,10,11,0,0,4,0,4,0,0,0,17,0,6,11,0,0,4,0,2,2,0,0,4,17,4,21,0
LX7APARM,29,0,6,21,2,0,9,0,1,6,2,0,20,0,5,15,0,0,3,0,1,2,0,0,9,20,3,29,0
X4IVFDNB,19,0,10,9,0,0,4,0,2,2,0,0,15,0,8,7,0,0,0,0,0,0,0,0,4,15,0,19,0
T3GC56PD,55,0,22,33,0,0,12,0,4,8,0,0,43,0,18,25,0,0,7,0,5,2,0,0,12,43,7,55,0
NYOM5MWV,61,1,4,54,4,0,19,0,1,16,2,0,42,1,3,38,2,0,5,0,1,3,1,0,19,43,5,62,0
NK6BNI3A,94,22,16,77,23,0,33,9,5,29,8,0,61,13,11,48,15,0,9,0,4,2,3,0,42,74,9,116,0
7TLPHLJH,7,0,5,2,0,0,3,0,2,1,0,0,4,0,3,1,0,0,0,0,0,0,0,0,3,4,0,7,0
J2N6SHQY,22,1,1,16,6,0,1,0,0,0,1,0,21,1,1,16,5,0,2,0,0,1,1,0,1,22,2,23,0
ZCLNQX9L,55,9,17,26,5,18,10,6,6,7,1,3,45,3,11,19,4,15,0,0,0,0,0,0,16,48,0,64,1
CXKGZC79,46,2,6,41,1,0,15,2,3,14,0,0,31,0,3,27,1,0,9,0,2,6,1,0,17,31,9,48,0
L3WGL2M2,20,1,3,15,3,0,9,1,2,5,3,0,11,0,1,10,0,0,2,0,0,2,0,0,10,11,2,21,0
8O7EYUX9,16,0,4,10,2,0,2,0,1,1,0,0,14,0,3,9,2,0,1,0,0,0,1,0,2,14,1,16,0
UKV37HUG,21,1,7,14,1,0,7,0,2,5,0,0,14,1,5,9,1,0,5,0,2,3,0,0,7,15,5,22,0
TWT1B8UZ,147,37,19,115,44,5,62,15,8,46,18,4,85,22,11,69,26,1,13,0,3,9,1,0,77,107,13,184,0
IKBXE3LY,4,0,1,1,2,0,1,0,0,0,1,0,3,0,1,1,1,0,0,0,0,0,0,0,1,3,0,4,0
W6INB8D3,21,2,1,18,4,0,7,2,1,6,2,0,14,0,0,12,2,0,1,0,0,1,0,0,9,14,1,23,0
4VS9YDDA,55,1,18,37,0,1,14,0,3,11,0,0,41,1,15,26,0,1,13,0,4,9,0,0,14,42,13,56,0
BFDMXLYJ,2,0,0,2,0,0,1,0,0,1,0,0,1,0,0,1,0,0,0,0,0,0,0,0,1,1,0,2,0
4TUSXXTL,25,1,8,18,0,0,7,0,1,6,0,0,18,1,7,12,0,0,7,0,4,3,0,0,7,19,7,26,0
OSBAKZ64,4,4,1,3,3,1,2,4,0,3,2,1,2,0,1,0,1,0,2,0,1,0,1,0,6,2,2,8,0
BY1MYMDI,17,8,4,12,9,0,15,8,4,11,8,0,2,0,0,1,1,0,1,0,0,1,0,0,23,2,1,25,0
AFUWV7BE,36,13,5,24,11,9,15,0,3,10,2,0,21,13,2,14,9,9,1,0,0,1,0,0,15,34,1,49,0
HIFSZ1DY,136,15,20,88,35,8,31,7,5,27,5,1,105,8,15,61,30,7,18,4,2,12,8,0,38,113,22,151,0
ZRJKYRON,4,0,0,4,0,0,2,0,0,2,0,0,2,0,0,2,0,0,0,0,0,0,0,0,2,2,0,4,0
XIIMCALR,21,0,2,19,0,0,3,0,1,2,0,0,18,0,1,17,0,0,0,0,0,0,0,0,3,18,0,21,0
KUVCTX1P,12,3,3,7,4,2,8,1,3,3,3,1,4,2,0,4,1,1,1,0,0,1,0,0,9,6,1,15,0
GBHSQKNM,45,6,12,37,2,2,21,6,8,17,2,2,24,0,4,20,0,0,3,0,0,3,0,0,27,24,3,51,0
QMEFWMWV,10,0,1,9,0,0,1,0,0,1,0,0,9,0,1,8,0,0,0,0,0,0,0,0,1,9,0,10,0
78Z6CFUO,19,0,3,16,0,0,11,0,2,9,0,0,8,0,1,7,0,0,1,0,0,1,0,0,11,8,1,19,0
ASQOUM79,8,0,3,5,0,0,4,0,2,2,0,0,4,0,1,3,0,0,0,0,0,0,0,0,4,4,0,8,0
IZVG7EVM,56,3,7,42,10,0,17,2,0,16,3,0,39,1,7,26,7,0,6,1,3,3,1,0,19,40,7,59,0
CSKVIZ2L,7,0,0,7,0,0,5,0,0,5,0,0,2,0,0,2,0,0,0,0,0,0,0,0,5,2,0,7,0
BDDKMSXT,16,0,0,12,4,0,7,0,0,4,3,0,9,0,0,8,1,0,2,0,0,2,0,0,7,9,2,16,0
HEFJID2I,50,5,6,39,10,0,28,3,5,19,7,0,22,2,1,20,3,0,1,0,0,1,0,0,31,24,1,55,0
OXNMPEBT,66,10,15,57,4,0,24,6,4,22,4,0,42,4,11,35,0,0,4,0,1,3,0,0,30,46,4,76,0
A885FSZG,1,0,1,0,0,0,0,0,0,0,0,0,1,0,1,0,0,0,0,0,0,0,0,0,0,1,0,1,0
JKEW42TI,2,0,1,1,0,0,0,0,0,0,0,0,2,0,1,1,0,0,0,0,0,0,0,0,0,2,0,2,0
XRMXTA4T,12,1,5,8,0,0,7,1,5,3,0,0,5,0,0,5,0,0,1,0,0,1,0,0,8,5,1,13,0
ZD9TGIK8,1,0,0,1,0,0,0,0,0,0,0,0,1,0,0,1,0,0,1,0,0,1,0,0,0,1,1,1,0
CDYBBUVI,64,11,4,45,3,23,23,8,3,11,2,15,41,3,1,34,1,8,0,2,0,2,0,0,31,44,2,75,0
XHYXBALI,58,5,2,39,14,8,35,1,0,20,8,8,23,4,2,19,6,0,4,0,1,3,0,0,36,27,4,63,0
F3KWFD1Q,109,14,11,100,11,1,28,5,5,23,5,0,81,9,6,77,6,1,6,0,1,5,0,0,33,90,6,123,0
L5GJFE7C,104,18,21,66,26,11,44,11,11,34,10,1,60,7,10,32,16,10,4,0,3,1,0,1,55,67,4,122,1
SIZYJMOG,35,2,9,28,0,0,14,2,5,11,0,0,21,0,4,17,0,0,1,0,1,0,0,0,16,21,1,37,0
RQ7DZG91,7,0,0,6,1,0,2,0,0,2,0,0,5,0,0,4,1,0,0,0,0,0,0,0,2,5,0,7,0
2DDPMJIG,26,3,13,16,0,0,6,1,4,3,0,0,20,2,9,13,0,0,7,0,3,4,0,0,7,22,7,29,0
SJL7ENTX,30,0,8,20,2,0,10,0,4,6,0,0,20,0,4,14,2,0,0,0,0,0,0,0,10,20,0,30,0
R9CYEC3E,30,0,3,27,0,0,1,0,0,1,0,0,29,0,3,26,0,0,5,0,0,5,0,0,1,29,5,30,0
HLUERTPQ,17,1,2,14,2,0,3,0,1,2,0,0,14,1,1,12,2,0,2,0,0,2,0,0,3,15,2,18,0
BFP4JU22,103,5,10,82,16,0,20,5,2,22,1,0,83,0,8,60,15,0,21,0,3,15,3,0,25,83,21,108,0
ZQMPHXDJ,6,0,3,3,0,0,1,0,1,0,0,0,5,0,2,3,0,0,0,0,0,0,0,0,1,5,0,6,0
UDFYF8S4,20,2,5,16,1,0,7,1,0,8,0,0,13,1,5,8,1,0,0,0,0,0,0,0,8,14,0,22,0
JFESWEQM,45,4,15,33,0,1,23,0,11,12,0,0,22,4,4,21,0,1,1,0,0,1,0,0,23,26,1,49,0
W4TPJH35,26,3,8,21,0,0,10,2,4,8,0,0,16,1,4,13,0,0,3,0,1,2,0,0,12,17,3,29,0
GDJS7QSE,12,4,0,14,2,0,7,2,0,7,2,0,5,2,0,7,0,0,0,0,0,0,0,0,9,7,0,16,0
EOYRZLGI,6,0,1,5,0,0,2,0,0,2,0,0,4,0,1,3,0,0,1,0,0,1,0,0,2,4,1,6,0
YIKSOMIU,156,10,20,135,9,3,81,10,14,70,5,2,75,0,6,65,4,1,5,0,1,4,0,0,91,75,5,166,0
OQYTKLYJ,12,1,1,12,0,0,3,0,0,3,0,0,9,1,1,9,0,0,2,0,0,2,0,0,3,10,2,13,0
T1PSBFJT,6,2,2,6,0,0,0,0,0,0,0,0,6,2,2,6,0,0,2,1,1,2,0,0,0,8,3,8,0
CBW2OSKG,23,0,3,17,1,2,7,0,0,7,0,0,16,0,3,10,1,2,3,0,0,1,0,2,7,16,3,23,0
CORH4OVX,12,1,0,10,2,1,0,0,0,0,0,0,12,1,0,10,2,1,1,0,0,1,0,0,0,13,1,13,0
M4QEFJWX,33,0,13,18,1,2,6,0,1,4,1,0,27,0,12,14,0,2,7,0,3,3,0,2,6,27,7,33,0
UU7WS2LB,56,7,19,30,0,17,21,5,6,13,0,6,35,2,13,17,0,11,7,0,4,3,0,1,26,37,7,63,0
RMRRTPAS,21,2,5,18,0,0,11,0,3,8,0,0,10,2,2,10,0,0,1,0,0,1,0,0,11,12,1,23,0
HFKVAKWK,18,1,4,15,0,1,5,1,4,2,0,1,13,0,0,13,0,0,3,0,0,3,0,0,6,13,3,19,0
FGKS8O6M,38,3,13,28,0,0,12,1,3,10,0,0,26,2,10,18,0,0,3,0,1,2,0,0,13,28,3,41,0
VVZCJCEC,1,1,0,2,0,0,1,1,0,2,0,0,0,0,0,0,0,0,0,0,0,0,0,0,2,0,0,2,0
JYDLVQFZ,5,1,2,3,1,0,1,0,1,0,0,0,4,1,1,3,1,0,3,0,1,2,0,0,1,5,3,6,0
GJ6ABEDX,5,0,1,4,0,0,2,0,1,1,0,0,3,0,0,3,0,0,0,0,0,0,0,0,2,3,0,5,0
WEKQ92K2,19,2,6,15,0,0,13,2,6,9,0,0,6,0,0,6,0,0,1,0,0,1,0,0,15,6,1,21,0
EJNGS3K8,1,0,0,1,0,0,0,0,0,0,0,0,1,0,0,1,0,0,0,0,0,0,0,0,0,1,0,1,0
O2UVMJ69,7,0,3,4,0,0,1,0,0,1,0,0,6,0,3,3,0,0,0,0,0,0,0,0,1,6,0,7,0
XFTKNS2T,14,0,2,11,0,2,7,0,2,4,0,2,7,0,0,7,0,0,1,0,0,1,0,0,7,7,1,14,0
5XH38QSF,0,1,0,1,0,0,0,1,0,1,0,0,0,0,0,0,0,0,0,0,0,0,0,0,1,0,0,1,0
STDLTNZM,171,27,29,131,20,18,87,13,8,60,14,18,84,14,21,71,6,0,13,0,6,7,0,0,100,98,13,198,0
CZ29JOXE,8,2,4,5,1,0,5,0,3,1,1,0,3,2,1,4,0,0,0,0,0,0,0,0,5,5,0,10,0
WFPN2O5M,26,10,4,16,7,9,9,2,1,3,1,6,17,8,3,13,6,3,5,3,2,4,2,0,11,25,8,36,0
XGVV3UHH,21,1,5,17,0,1,12,0,0,12,0,0,9,1,5,5,0,1,1,0,1,0,0,0,12,10,1,22,0
WGOBA3DQ,16,1,1,11,5,0,0,0,0,0,0,0,16,1,1,11,5,0,8,0,1,6,1,0,0,17,8,17,0
GISVFBVT,4,0,1,3,0,0,2,0,0,2,0,0,2,0,1,1,0,0,0,0,0,0,0,0,2,2,0,4,0
Z1B2FFKK,20,1,2,16,3,0,1,1,0,1,1,0,19,0,2,15,2,0,7,0,1,6,0,0,2,19,7,21,0
AZGTIFTH,27,0,10,17,0,0,3,0,1,2,0,0,24,0,9,15,0,0,7,0,2,5,0,0,3,24,7,27,0
LSIPPUEL,1,0,0,1,0,0,0,0,0,0,0,0,1,0,0,1,0,0,1,0,0,1,0,0,0,1,1,1,0
EVSZTZX7,58,0,6,37,12,5,31,0,4,17,7,5,27,0,2,20,5,0,3,0,0,3,0,0,31,27,3,58,0
CZ6SECYA,2,5,0,4,1,2,2,5,0,4,1,2,0,0,0,0,0,0,0,0,0,0,0,0,7,0,0,7,0
YWLBHFMG,25,11,4,29,3,0,5,4,2,7,0,0,20,7,2,22,3,0,0,0,0,0,0,0,9,27,0,36,0
DTKDWMOE,74,6,14,64,2,0,35,6,7,32,2,0,39,0,7,32,0,0,3,0,1,2,0,0,41,39,3,80,0
RLCH6SDW,34,3,3,18,13,4,22,3,2,10,10,4,12,0,1,8,3,0,0,0,0,0,0,0,25,12,0,37,0
YSDWRFKU,41,3,9,35,0,0,12,3,4,11,0,0,29,0,5,24,0,0,2,0,0,2,0,0,15,29,2,44,0
9KWYTHLV,24,2,7,19,0,0,6,1,1,6,0,0,18,1,6,13,0,0,3,0,2,1,0,0,7,19,3,26,0
99K3XMLZ,2,2,2,2,0,0,2,2,2,2,0,0,0,0,0,0,0,0,0,0,0,0,0,0,4,0,0,4,0
WTSVCCSC,70,12,16,63,3,1,20,5,9,15,1,1,50,7,7,48,2,0,10,0,0,9,1,0,25,57,10,82,0
E4UC5T6U,32,15,15,30,2,0,5,4,3,6,0,0,27,11,12,24,2,0,16,2,10,8,0,0,9,38,18,47,0
EEOFRORB,65,7,1,57,13,1,11,0,0,9,2,0,54,7,1,48,11,1,3,0,0,3,0,0,11,61,3,72,0
HTGXUKTW,26,1,6,21,0,0,9,1,3,7,0,0,17,0,3,14,0,0,4,0,1,3,0,0,10,17,4,27,0
9BAFIEBR,86,15,19,61,19,2,46,3,7,30,12,0,40,12,12,31,7,2,6,1,3,4,0,0,49,52,7,101,0
7AJJ5G4C,23,5,2,23,3,0,10,0,1,9,0,0,13,5,1,14,3,0,1,0,0,1,0,0,10,18,1,28,0
XNHT3BS1,1,0,0,1,0,0,1,0,0,1,0,0,0,0,0,0,0,0,0,0,0,0,0,0,1,0,0,1,0
EVYYPOFG,117,20,12,97,26,2,52,16,7,40,21,0,65,4,5,57,5,2,12,0,0,12,0,0,68,69,12,137,0
79LYZVNW,27,1,7,21,0,0,12,0,2,10,0,0,15,1,5,11,0,0,1,0,0,1,0,0,12,16,1,28,0
EVYQWCYN,13,0,4,9,0,0,7,0,2,5,0,0,6,0,2,4,0,0,0,0,0,0,0,0,7,6,0,13,0
PCH6PQNH,158,28,22,119,37,8,56,15,11,43,15,2,102,13,11,76,22,6,20,0,2,15,3,0,71,115,20,186,0
RVOOVZ3H,15,2,3,14,0,0,5,2,2,5,0,0,10,0,1,9,0,0,2,0,0,2,0,0,7,10,2,17,0
CKVYJJU2,51,0,14,36,0,1,11,0,3,8,0,0,40,0,11,28,0,1,3,0,2,1,0,0,11,40,3,51,0
MSW432CM,2,0,0,1,1,0,2,0,0,1,1,0,0,0,0,0,0,0,0,0,0,0,0,0,2,0,0,2,0
D5EUT2P2,27,2,4,17,8,0,8,2,1,8,1,0,19,0,3,9,7,0,11,0,1,6,4,0,10,19,11,29,0
X4XG87VL,1,0,0,1,0,0,0,0,0,0,0,0,1,0,0,1,0,0,1,0,0,1,0,0,0,1,1,1,0
JE6VOLV1,15,3,1,16,1,0,1,3,0,4,0,0,14,0,1,12,1,0,3,0,1,2,0,0,4,14,3,18,0
RQWGVJKN,4,0,0,1,1,2,2,0,0,1,1,0,2,0,0,0,0,2,0,0,0,0,0,0,2,2,0,4,0
BCPHMTZI,23,5,1,22,3,2,12,5,0,12,3,2,11,0,1,10,0,0,2,0,0,2,0,0,17,11,2,28,0
QKYQBSWJ,61,4,2,42,21,0,22,4,2,18,6,0,39,0,0,24,15,0,2,0,0,1,1,0,26,39,2,65,0
KOGRQENU,67,0,18,43,4,2,13,0,5,8,0,1,54,0,13,35,4,1,5,0,2,3,0,0,13,54,5,67,0
FPJOZSPN,9,1,7,3,0,1,1,0,0,1,0,0,8,1,7,2,0,1,2,0,1,1,0,0,1,9,2,10,0
KT4LC9V9,31,15,12,21,3,11,13,11,3,9,2,11,18,4,9,12,1,0,2,0,0,2,0,0,24,22,2,46,0
ZLNYHTCF,18,3,2,14,5,0,9,0,1,4,4,0,9,3,1,10,1,0,0,0,0,0,0,0,9,12,0,21,0
O4DF4CTG,59,14,6,64,3,0,10,2,1,11,0,0,49,12,5,53,3,0,8,0,2,6,0,0,12,61,8,73,0
XCBTDJ75,21,1,4,18,0,0,2,0,0,2,0,0,19,1,4,16,0,0,8,0,1,7,0,0,2,20,8,22,0
GAQLGGP9,11,2,5,7,1,0,8,0,4,3,1,0,3,2,1,4,0,0,0,0,0,0,0,0,8,5,0,13,0
FL5ZD8L3,28,2,10,19,1,0,5,0,3,2,0,0,23,2,7,17,1,0,4,0,1,3,0,0,5,25,4,30,0
QXQD217Y,17,2,5,13,1,0,7,1,2,6,0,0,10,1,3,7,1,0,0,0,0,0,0,0,8,11,0,19,0
QN4GGGQM,42,2,11,33,0,0,14,2,3,13,0,0,28,0,8,20,0,0,2,0,0,2,0,0,16,28,2,44,0
GIAWDC8C,86,20,9,36,35,27,18,3,4,16,1,0,68,17,5,20,34,27,30,7,1,3,14,19,21,85,37,106,0
OMT7793B,38,2,12,25,3,4,5,0,1,3,1,0,33,2,11,22,2,4,4,1,2,3,0,2,5,35,5,40,0
VEPK9R8Y,43,2,5,32,6,2,13,0,3,10,0,0,30,2,2,22,6,2,3,0,0,3,0,0,13,32,3,45,0
HOVFGEZA,4,1,1,4,0,0,1,1,0,2,0,0,3,0,1,2,0,0,0,0,0,0,0,0,2,3,0,5,0
WKQK3C5N,26,9,1,33,1,0,14,7,0,20,1,0,12,2,1,13,0,0,8,0,0,8,0,0,21,14,8,35,0
1FLJAJZN,40,3,8,33,0,2,10,3,4,9,0,0,30,0,4,24,0,2,7,0,1,6,0,0,13,30,7,43,0
LK5SMBNK,3,1,3,0,1,0,2,1,2,0,1,0,1,0,1,0,0,0,1,0,1,0,0,0,3,1,1,4,0
ZDCE84SP,13,1,1,8,5,0,10,0,1,6,3,0,3,1,0,2,2,0,0,0,0,0,0,0,10,4,0,14,0
QGOPNEAR,15,6,3,16,2,0,7,3,0,8,2,0,8,3,3,8,0,0,4,0,1,3,0,0,10,11,4,21,0
CCSEY953,31,1,4,24,4,0,10,1,3,6,2,0,21,0,1,18,2,0,4,0,1,3,0,0,11,21,4,32,0
OWGJXKVE,24,0,2,22,0,0,4,0,0,4,0,0,20,0,2,18,0,0,3,0,0,3,0,0,4,20,3,24,0
KRG9Q7AR,2,0,1,1,0,0,0,0,0,0,0,0,2,0,1,1,0,0,2,0,1,1,0,0,0,2,2,2,0
SQ4OE8E3,9,0,1,8,0,0,2,0,0,2,0,0,7,0,1,6,0,0,0,0,0,0,0,0,2,7,0,9,0
LLYUMSUS,7,2,1,6,2,0,3,0,1,1,1,0,4,2,0,5,1,0,0,0,0,0,0,0,3,6,0,9,0
NGAFRNIN,22,0,2,20,0,0,11,0,2,9,0,0,11,0,0,11,0,0,0,0,0,0,0,0,11,11,0,22,0
4XTTBZTI,26,1,2,22,3,0,14,1,0,13,2,0,12,0,2,9,1,0,1,0,0,1,0,0,15,12,1,27,0
1EVRPPY5,30,1,3,28,0,0,4,1,2,3,0,0,26,0,1,25,0,0,6,0,0,6,0,0,5,26,6,31,0
SLKXRPD6,7,2,5,2,2,0,1,2,1,1,1,0,6,0,4,1,1,0,2,0,0,1,1,0,3,6,2,9,0
UJ6OGY8X,73,5,21,43,5,9,18,2,4,9,2,5,55,3,17,34,3,4,5,0,3,2,0,0,20,58,5,78,0
MR1SVZJN,91,14,11,88,6,1,37,7,6,34,4,0,54,7,5,54,2,1,8,0,2,6,0,0,44,61,8,105,0
BZVYNHG3,26,0,9,17,0,0,5,0,1,4,0,0,21,0,8,13,0,0,6,0,1,5,0,0,5,21,6,26,0
DB9M4ZT8,8,0,1,7,0,0,3,0,1,2,0,0,5,0,0,5,0,0,0,0,0,0,0,0,3,5,0,8,0
KSJXD6YH,37,7,14,26,4,0,9,4,4,8,1,0,28,3,10,18,3,0,6,0,2,4,0,0,13,31,6,44,0
4CPVOPXC,23,1,1,21,2,0,4,1,0,4,1,0,19,0,1,17,1,0,4,0,0,4,0,0,5,19,4,24,0
SWNHJGZF,171,15,45,109,30,1,65,8,19,38,14,1,106,7,26,71,16,0,16,0,3,12,1,0,73,113,16,186,0
LJOYQB6H,60,2,17,45,0,0,34,0,9,25,0,0,26,2,8,20,0,0,7,0,2,5,0,0,34,28,7,62,0
HIHKSFWS,98,7,14,59,10,23,21,3,3,9,5,7,77,4,11,50,5,16,14,2,4,6,1,5,24,81,16,105,0
GVBFJORY,62,3,3,46,5,10,13,2,1,5,3,5,49,1,2,41,2,5,12,0,1,11,0,0,15,50,12,65,0
UCSMYSDW,2,0,0,1,1,0,0,0,0,0,0,0,2,0,0,1,1,0,2,0,0,1,1,0,0,2,2,2,0
WEYNAQZE,66,9,23,45,7,0,15,0,8,7,0,0,51,9,15,38,7,0,0,0,0,0,0,0,15,60,0,75,0
FJY3A4DO,3,0,1,2,0,0,1,0,0,1,0,0,2,0,1,1,0,0,0,0,0,0,0,0,1,2,0,3,0
OGANABRS,3,0,0,1,2,0,1,0,0,0,1,0,2,0,0,1,1,0,0,0,0,0,0,0,1,2,0,3,0
UZGNR465,35,13,6,15,12,14,27,2,5,11,4,9,8,11,1,4,8,5,1,1,1,0,1,0,29,19,2,48,0
3D8I1F45,49,0,11,37,0,1,7,0,2,4,0,1,42,0,9,33,0,0,4,0,1,3,0,0,7,42,4,49,0
XR8YUZJV,5,1,0,6,0,0,1,1,0,2,0,0,4,0,0,4,0,0,0,0,0,0,0,0,2,4,0,6,0
49KTKSGG,11,0,0,11,0,0,4,0,0,4,0,0,7,0,0,7,0,0,4,0,0,4,0,0,4,7,4,11,0
Y5X2H1B6,33,1,2,28,4,0,14,1,1,12,2,0,19,0,1,16,2,0,0,0,0,0,0,0,15,19,0,34,0
PKVIKIIP,31,0,10,21,0,0,8,0,4,4,0,0,23,0,6,17,0,0,1,0,0,1,0,0,8,23,1,31,0
53BH7HDR,51,2,17,36,0,0,17,1,4,14,0,0,34,1,13,22,0,0,6,0,2,4,0,0,18,35,6,53,0
YK7E5XA2,81,5,0,67,10,9,17,3,0,16,3,1,64,2,0,51,7,8,9,1,0,10,0,0,20,66,10,86,0
MMO7GCDM,14,0,0,14,0,0,4,0,0,4,0,0,10,0,0,10,0,0,0,0,0,0,0,0,4,10,0,14,0
MVORTX9D,5,0,1,4,0,0,2,0,1,1,0,0,3,0,0,3,0,0,0,0,0,0,0,0,2,3,0,5,0
LDVW6JDY,3,0,0,2,0,1,0,0,0,0,0,0,3,0,0,2,0,1,1,0,0,1,0,0,0,3,1,3,0
MGBGRQAH,10,2,2,9,1,0,5,0,1,4,0,0,5,2,1,5,1,0,2,0,0,2,0,0,5,7,2,12,0
9KYRTC6B,31,2,4,28,1,0,12,0,2,10,0,0,19,2,2,18,1,0,6,0,2,3,1,0,12,21,6,33,0
DG3QMSWL,13,0,3,9,1,0,5,0,1,3,1,0,8,0,2,6,0,0,4,0,2,2,0,0,5,8,4,13,0
HLPSRJA7,7,0,0,7,0,0,7,0,0,7,0,0,0,0,0,0,0,0,0,0,0,0,0,0,7,0,0,7,0
CFIHBIHQ,29,0,4,25,0,0,4,0,1,3,0,0,25,0,3,22,0,0,2,0,0,2,0,0,4,25,2,29,0
EICN6WFS,7,0,2,5,0,0,1,0,1,0,0,0,6,0,1,5,0,0,2,0,1,1,0,0,1,6,2,7,0
QTQAJSWA,21,0,1,20,0,0,7,0,0,7,0,0,14,0,1,13,0,0,0,0,0,0,0,0,7,14,0,21,0
OLXZ9XPV,39,0,4,35,0,0,4,0,1,3,0,0,35,0,3,32,0,0,9,0,1,8,0,0,4,35,9,39,0
VYZZZQJT,41,0,5,28,8,0,8,0,0,7,1,0,33,0,5,21,7,0,7,0,1,4,2,0,8,33,7,41,0
C1VKDP3X,73,6,25,42,10,2,23,0,8,9,4,2,50,6,17,33,6,0,16,0,5,7,4,0,23,56,16,79,0
G1WQOIGM,59,2,8,43,5,5,23,2,5,11,4,5,36,0,3,32,1,0,12,0,2,10,0,0,25,36,12,61,0
XJAXBYP3,30,2,9,23,0,0,3,2,1,4,0,0,27,0,8,19,0,0,3,0,0,3,0,0,5,27,3,32,0
TPARA66X,14,1,7,8,0,0,3,1,2,2,0,0,11,0,5,6,0,0,0,0,0,0,0,0,4,11,0,15,0
E7CUQBLS,48,21,2,52,13,2,22,12,1,24,7,2,26,9,1,28,6,0,6,4,0,8,2,0,34,35,10,69,0
BGUUHFCD,58,3,4,53,4,0,19,1,2,15,3,0,39,2,2,38,1,0,9,0,2,7,0,0,20,41,9,61,0
G5ZB7KKI,62,0,6,50,6,0,28,0,1,23,4,0,34,0,5,27,2,0,0,0,0,0,0,0,28,34,0,62,0
SYC2ZISH,21,0,13,8,0,0,4,0,1,3,0,0,17,0,12,5,0,0,4,0,3,1,0,0,4,17,4,21,0
BFRYLLOF,40,5,6,30,6,4,23,3,5,15,3,4,17,2,1,15,3,0,1,0,0,1,0,0,26,19,1,45,0
D4JIFCVA,18,0,4,14,0,1,2,0,1,1,0,1,16,0,3,13,0,0,4,0,0,4,0,0,2,16,4,18,0
ZOPRNGVO,5,0,0,4,1,0,0,0,0,0,0,0,5,0,0,4,1,0,0,0,0,0,0,0,0,5,0,5,0
BBVIA7EM,32,2,6,25,3,0,25,2,4,20,3,0,7,0,2,5,0,0,0,0,0,0,0,0,27,7,0,34,0
JTIIV2XQ,105,8,23,57,12,21,35,4,5,17,5,12,70,4,18,40,7,9,16,0,7,9,0,0,39,74,16,113,0
ESDYD8Q9,11,0,1,10,0,0,4,0,1,3,0,0,7,0,0,7,0,0,4,0,0,4,0,0,4,7,4,11,0
P3O97FZM,75,6,13,59,9,0,33,2,6,26,3,0,42,4,7,33,6,0,6,0,1,4,1,0,35,46,6,81,0
IJDHSLSO,62,7,9,47,13,0,20,2,4,15,3,0,42,5,5,32,10,0,13,2,1,12,2,0,22,47,15,69,0
CYBZ5LNJ,23,3,7,18,1,2,22,3,7,17,1,2,1,0,0,1,0,0,0,0,0,0,0,0,25,1,0,26,0
1S899CLS,76,21,9,81,7,0,28,21,4,38,7,0,48,0,5,43,0,0,2,0,0,2,0,0,49,48,2,97,0
WSVFDXUG,84,17,13,43,15,26,23,1,2,14,0,7,61,16,11,29,15,19,20,13,2,15,8,6,24,77,33,101,0
WMAVGX64,27,0,1,26,0,0,8,0,0,8,0,0,19,0,1,18,0,0,1,0,0,1,0,0,8,19,1,27,0
JOOJ7UZG,129,12,28,86,11,15,58,12,12,33,10,14,71,0,16,53,1,1,7,0,1,6,0,0,70,71,7,141,0
ENPMB4J8,20,0,11,7,2,0,4,0,3,0,1,0,16,0,8,7,1,0,3,0,2,0,1,0,4,16,3,20,0
NBSP7AEI,7,0,5,2,0,1,7,0,5,2,0,1,0,0,0,0,0,0,0,0,0,0,0,0,7,0,0,7,0
PBK4KCZI,2,2,1,3,0,0,1,2,1,2,0,0,1,0,0,1,0,0,1,0,0,1,0,0,3,1,1,4,0
WMITGRQ6,21,0,6,12,3,0,5,0,0,3,2,0,16,0,6,9,1,0,5,0,3,2,0,0,5,16,5,21,0
WJ2HE44P,26,2,11,15,2,0,18,2,9,9,2,0,8,0,2,6,0,0,2,0,1,1,0,0,20,8,2,28,0
UXVNE9EL,10,0,2,8,0,0,3,0,0,3,0,0,7,0,2,5,0,0,3,0,1,2,0,0,3,7,3,10,0
HR18TS9U,52,4,3,14,12,27,15,0,0,7,4,4,37,4,3,7,8,23,4,0,2,2,0,0,15,41,4,56,0
OENT38FR,3,0,0,3,0,0,2,0,0,2,0,0,1,0,0,1,0,0,0,0,0,0,0,0,2,1,0,3,0
CEHBBGAO,56,5,4,37,20,0,18,4,0,16,6,0,38,1,4,21,14,0,2,0,0,1,1,0,22,39,2,61,0
T3H8NCMN,18,1,5,14,0,0,6,0,3,3,0,0,12,1,2,11,0,0,2,0,1,1,0,0,6,13,2,19,0
UU18Q5A7,41,4,8,31,6,0,4,2,0,6,0,0,37,2,8,25,6,0,1,0,1,0,0,0,6,39,1,45,0
CIOEZON5,10,0,1,9,0,0,2,0,1,1,0,0,8,0,0,8,0,0,2,0,0,2,0,0,2,8,2,10,0
Z6SAEKD2,214,33,80,127,36,4,70,14,25,45,13,1,144,19,55,82,23,3,27,0,9,17,1,0,84,163,27,247,0
DIJZCW4W,12,3,2,9,3,1,4,3,2,3,1,1,8,0,0,6,2,0,0,0,0,0,0,0,7,8,0,15,0
ZQT5DMDQ,1,0,0,1,0,0,0,0,0,0,0,0,1,0,0,1,0,0,0,0,0,0,0,0,0,1,0,1,0
X6YKQZNP,46,3,20,27,2,0,31,1,10,20,2,0,15,2,10,7,0,0,3,2,5,0,0,0,32,17,5,49,0
E9V6LDPQ,6,0,1,5,0,1,2,0,0,2,0,0,4,0,1,3,0,1,0,0,0,0,0,0,2,4,0,6,0
8FLFITIO,11,3,3,9,1,1,2,2,1,2,1,0,9,1,2,7,0,1,0,0,0,0,0,0,4,10,0,14,1
OJK6KDTH,50,6,14,40,2,0,13,3,3,13,0,0,37,3,11,27,2,0,4,0,1,3,0,0,16,40,4,56,0
U3ZHRHYN,18,0,7,11,0,1,8,0,2,6,0,0,10,0,5,5,0,1,3,0,2,1,0,1,8,10,3,18,0
NJKNUYMJ,70,5,28,42,4,3,29,5,12,18,4,1,41,0,16,24,0,2,3,0,0,3,0,0,34,41,3,75,0
H6XL8UIG,30,4,5,29,0,0,3,1,0,4,0,0,27,3,5,25,0,0,2,0,1,1,0,0,4,30,2,34,0
MDVJCQKY,7,11,3,15,0,0,0,5,2,3,0,0,7,6,1,12,0,0,2,0,0,2,0,0,5,13,2,18,0
IQ3KMA3D,106,13,30,80,9,1,75,13,23,58,7,1,31,0,7,22,2,0,6,0,1,5,0,0,88,31,6,119,1
OLILATCC,76,1,12,56,9,0,19,1,1,15,4,0,57,0,11,41,5,0,11,0,2,7,2,0,20,57,11,77,0
QIPE19CB,12,4,6,9,1,0,6,0,2,4,0,0,6,4,4,5,1,0,1,0,1,0,0,0,6,10,1,16,0
CPS4Z9IN,22,3,7,15,3,0,5,1,2,4,0,0,17,2,5,11,3,0,3,0,1,2,0,0,6,19,3,25,0
QL3SM379,253,96,16,125,150,58,105,59,3,65,67,29,148,37,13,60,83,29,57,10,0,15,31,21,164,185,67,349,0
P6PKOJDV,11,2,2,11,0,0,7,0,1,6,0,0,4,2,1,5,0,0,2,0,0,2,0,0,7,6,2,13,0
RAXEK2OV,4,0,0,4,0,0,0,0,0,0,0,0,4,0,0,4,0,0,1,0,0,1,0,0,0,4,1,4,0
ARKYP5DL,78,2,31,49,0,2,15,2,6,11,0,0,63,0,25,38,0,2,8,0,2,6,0,0,17,63,8,80,0
RRKPPTJE,78,6,36,47,1,0,31,6,18,18,1,0,47,0,18,29,0,0,7,0,1,6,0,0,37,47,7,84,0
KZYVZYEF,10,1,1,10,0,0,7,0,0,7,0,0,3,1,1,3,0,0,2,0,1,1,0,0,7,4,2,11,0
RWYGKZHR,63,10,25,44,4,2,24,9,12,20,1,2,39,1,13,24,3,0,6,0,2,3,1,0,33,40,6,73,0
DBJST2PB,21,0,11,9,1,1,10,0,6,4,0,0,11,0,5,5,1,1,1,0,0,1,0,0,10,11,1,21,0
SMAA4QKF,86,1,23,64,0,2,24,1,6,19,0,0,62,0,17,45,0,2,12,0,4,8,0,0,25,62,12,87,0
WIZVOY1S,65,10,13,58,2,2,18,7,4,17,2,2,47,3,9,41,0,0,12,1,3,10,0,0,25,50,13,75,0
EXAJIUKH,77,8,6,73,6,0,33,7,2,33,5,0,44,1,4,40,1,0,12,1,1,11,1,0,40,45,13,85,0
AYQ13SCM,102,6,23,76,9,0,47,2,12,33,4,0,55,4,11,43,5,0,9,0,1,8,0,0,49,59,9,108,0
H2RNKMDS,35,3,12,25,1,0,12,3,4,11,0,0,23,0,8,14,1,0,7,0,3,4,0,0,15,23,7,38,0
LKUOJMJR,3,0,0,3,0,0,3,0,0,3,0,0,0,0,0,0,0,0,0,0,0,0,0,0,3,0,0,3,0
3PULYAPJ,67,6,18,39,1,15,26,3,10,14,1,4,41,3,8,25,0,11,5,0,0,4,0,1,29,44,5,73,0
6SBLO7VU,4,1,0,2,3,0,2,1,0,1,2,0,2,0,0,1,1,0,1,0,0,0,1,0,3,2,1,5,0
AQYD9IFY,6,0,0,6,0,0,5,0,0,5,0,0,1,0,0,1,0,0,0,0,0,0,0,0,5,1,0,6,0
N4B9AEIO,51,7,11,38,8,1,26,2,4,20,4,0,25,5,7,18,4,1,11,0,2,7,2,0,28,30,11,58,0
L4VSUFFU,28,0,3,25,0,0,3,0,1,2,0,0,25,0,2,23,0,0,5,0,0,5,0,0,3,25,5,28,0
ZGNC8R98,5,0,1,4,0,0,2,0,0,2,0,0,3,0,1,2,0,0,0,0,0,0,0,0,2,3,0,5,0
NB3TD9DQ,15,1,1,15,0,0,2,0,0,2,0,0,13,1,1,13,0,0,2,0,0,2,0,0,2,14,2,16,0
T8G3BGB5,2,1,0,3,0,0,0,0,0,0,0,0,2,1,0,3,0,0,1,0,0,1,0,0,0,3,1,3,0
QHHVYVBS,32,2,9,16,4,5,12,2,1,4,4,5,20,0,8,12,0,0,3,0,1,2,0,0,14,20,3,34,0
NTKYAGB6,181,35,38,136,39,3,69,21,19,48,21,2,112,14,19,88,18,1,11,0,2,9,0,0,90,126,11,216,0
RGFLUYPI,9,2,2,9,0,0,5,1,1,5,0,0,4,1,1,4,0,0,1,0,0,1,0,0,6,5,1,11,0
H38HKBBV,35,3,7,28,3,0,5,1,0,5,1,0,30,2,7,23,2,0,4,0,0,4,0,0,6,32,4,38,0
SVAG1GP1,45,0,1,42,2,0,13,0,0,11,2,0,32,0,1,31,0,0,7,0,0,7,0,0,13,32,7,45,0
OIXGJOUB,20,1,0,20,1,0,12,0,0,11,1,0,8,1,0,9,0,0,2,0,0,2,0,0,12,9,2,21,0
KYWDSPZL,27,1,2,17,9,0,7,0,0,5,2,0,20,1,2,12,7,0,1,0,0,0,1,0,7,21,1,28,0
QZWRURIE,141,12,20,120,13,1,38,6,6,33,5,0,103,6,14,87,8,1,14,0,0,14,0,0,44,109,14,153,0
6QMKIURI,7,0,1,6,0,0,3,0,0,3,0,0,4,0,1,3,0,0,0,0,0,0,0,0,3,4,0,7,0
RBGUJIOO,21,0,6,14,1,0,8,0,3,4,1,0,13,0,3,10,0,0,0,0,0,0,0,0,8,13,0,21,0
EL8XKAVN,49,1,6,44,0,0,15,1,1,15,0,0,34,0,5,29,0,0,10,0,3,7,0,0,16,34,10,50,0
3NFS9P4N,4,0,1,3,0,0,2,0,1,1,0,0,2,0,0,2,0,0,1,0,0,1,0,0,2,2,1,4,0
UXCZFXOK,3,3,1,5,0,0,1,3,1,3,0,0,2,0,0,2,0,0,1,0,0,1,0,0,4,2,1,6,0
XRD1WJBH,33,1,16,17,1,1,12,0,8,4,0,1,21,1,8,13,1,0,3,1,2,2,0,0,12,22,4,34,0
S4K371ID,40,11,1,28,11,11,32,9,0,23,8,10,8,2,1,5,3,1,2,0,1,0,1,0,41,10,2,51,0
HCWT1RJD,44,11,16,33,6,0,14,5,7,12,0,0,30,6,9,21,6,0,2,0,0,2,0,0,19,36,2,55,0
NNOONOVN,7,1,3,5,0,0,4,1,1,4,0,0,3,0,2,1,0,0,0,0,0,0,0,0,5,3,0,8,0
ZPFVZZDZ,142,33,61,107,7,0,46,15,19,40,2,0,96,18,42,67,5,0,16,2,6,11,1,0,61,114,18,175,0
JQMTJAYP,64,41,10,70,16,9,36,15,2,30,10,9,28,26,8,40,6,0,2,1,2,1,0,0,51,54,3,105,0
KVWQWT7I,81,5,12,64,9,1,29,5,9,18,6,1,52,0,3,46,3,0,6,0,1,4,1,0,34,52,6,86,0
DTMQF1JF,23,5,1,14,4,9,13,5,0,7,4,7,10,0,1,7,0,2,0,0,0,0,0,0,18,10,0,28,0
4JFVVONS,47,3,11,38,1,0,16,2,4,13,1,0,31,1,7,25,0,0,5,0,1,4,0,0,18,32,5,50,0
GB3OOM2B,6,2,1,6,1,0,5,2,1,5,1,0,1,0,0,1,0,0,1,0,0,1,0,0,7,1,1,8,0
APCOMQXW,98,4,28,72,0,4,35,1,10,24,0,4,63,3,18,48,0,0,10,0,5,5,0,0,36,66,10,102,0
PNWH4YSX,22,2,5,17,2,0,6,2,2,4,2,0,16,0,3,13,0,0,5,0,0,5,0,0,8,16,5,24,0
B8OV75VJ,44,3,15,32,0,1,17,0,3,14,0,1,27,3,12,18,0,0,11,0,4,7,0,0,17,30,11,47,0
FCGQJIBW,4,1,0,4,1,0,3,1,0,3,1,0,1,0,0,1,0,0,0,0,0,0,0,0,4,1,0,5,0
QS4BQAIZ,63,1,14,36,14,0,33,0,10,20,3,0,30,1,4,16,11,0,4,1,0,3,2,0,33,31,5,64,0
JJGZA4Q6,16,1,3,13,1,1,4,1,1,4,0,1,12,0,2,9,1,0,0,0,0,0,0,0,5,12,0,17,0
PMDIEC3R,154,73,51,127,49,0,72,44,26,57,33,0,82,29,25,70,16,0,1,0,0,1,0,0,116,111,1,227,0
QFURWNBG,17,0,1,12,4,0,4,0,1,3,0,0,13,0,0,9,4,0,1,0,0,1,0,0,4,13,1,17,0
PIDL87VK,1,0,1,0,0,0,1,0,1,0,0,0,0,0,0,0,0,0,0,0,0,0,0,0,1,0,0,1,0
X9L9HCJF,29,6,1,19,4,11,5,5,1,2,3,4,24,1,0,17,1,7,2,1,0,3,0,0,10,25,3,35,0
UYHSPKSI,3,2,0,5,0,0,1,1,0,2,0,0,2,1,0,3,0,0,0,0,0,0,0,0,2,3,0,5,0
AYVDUL6F,77,19,20,61,15,0,26,8,7,25,2,0,51,11,13,36,13,0,8,4,6,6,0,0,34,62,12,96,0
4KLBLLWT,31,3,5,29,0,0,16,3,1,18,0,0,15,0,4,11,0,0,0,0,0,0,0,0,19,15,0,34,0
QKR6GXSZ,24,3,3,23,1,0,3,0,0,3,0,0,21,3,3,20,1,0,2,0,0,2,0,0,3,24,2,27,0
JNXLCSCP,1,3,0,2,2,0,1,1,0,1,1,0,0,2,0,1,1,0,0,0,0,0,0,0,2,2,0,4,0
X52W2XP6,16,0,5,11,0,0,6,0,0,6,0,0,10,0,5,5,0,0,5,0,2,3,0,0,6,10,5,16,0
RMMM9ISD,25,0,2,19,4,0,10,0,1,7,2,0,15,0,1,12,2,0,1,0,0,1,0,0,10,15,1,25,0
XQRQZCRJ,152,36,29,111,48,2,60,22,12,50,20,0,92,14,17,61,28,2,11,0,0,8,3,0,82,106,11,188,0
BNZ5KOZU,5,1,1,5,0,0,2,1,0,3,0,0,3,0,1,2,0,0,2,0,0,2,0,0,3,3,2,6,0
VWFLK4UL,12,0,0,9,3,0,4,0,0,3,1,0,8,0,0,6,2,0,0,0,0,0,0,0,4,8,0,12,0
ALTJMTWF,8,0,1,3,4,0,2,0,1,1,0,0,6,0,0,2,4,0,0,0,0,0,0,0,2,6,0,8,0
2QUY4USQ,6,0,1,5,0,0,2,0,0,2,0,0,4,0,1,3,0,0,0,0,0,0,0,0,2,4,0,6,0
55LLZV9A,25,0,4,21,0,0,9,0,2,7,0,0,16,0,2,14,0,0,1,0,0,1,0,0,9,16,1,25,0
9JIBXQRC,33,0,16,16,1,0,6,0,2,4,0,0,27,0,14,12,1,0,5,0,2,2,1,0,6,27,5,33,0
BH6WUXPM,14,5,1,12,2,4,6,0,0,6,0,0,8,5,1,6,2,4,1,0,0,1,0,0,6,13,1,19,0
F1SKAOU9,135,16,33,98,14,7,41,4,9,30,6,0,94,12,24,68,8,7,41,6,8,27,6,7,45,106,47,151,0
83WQ6NSF,16,2,8,10,0,0,7,0,2,5,0,0,9,2,6,5,0,0,0,0,0,0,0,0,7,11,0,18,0
RXCSCCEH,100,6,18,78,10,0,22,2,3,18,3,0,78,4,15,60,7,0,7,0,1,6,0,0,24,82,7,106,0
DCGNB2OE,81,8,9,73,7,0,15,1,0,15,1,0,66,7,9,58,6,0,15,0,2,13,0,0,16,73,15,89,0
KPYSAFIN,21,1,4,18,0,0,11,1,2,10,0,0,10,0,2,8,0,0,2,0,0,2,0,0,12,10,2,22,0
XZTKWMLE,31,5,5,31,0,1,10,2,1,11,0,0,21,3,4,20,0,1,3,1,0,4,0,0,12,24,4,36,0
MU4WYSVG,47,11,6,40,9,4,32,6,6,23,9,1,15,5,0,17,0,3,1,0,0,1,0,0,38,20,1,58,0
D8GNEFAT,22,4,0,24,2,0,6,0,0,6,0,0,16,4,0,18,2,0,5,0,0,5,0,0,6,20,5,26,0
X8MLBCJR,79,8,18,68,1,0,21,6,6,21,0,0,58,2,12,47,1,0,7,0,2,5,0,0,27,60,7,87,0
HEULK5HU,102,32,14,70,32,18,23,18,4,20,8,9,79,14,10,50,24,9,18,3,2,11,6,2,41,93,21,134,0
FP5JP71V,18,0,7,11,0,0,7,0,2,5,0,0,11,0,5,6,0,0,2,0,1,1,0,0,7,11,2,18,0
YP4HMORF,55,1,10,39,5,2,18,1,2,12,3,2,37,0,8,27,2,0,10,0,0,10,0,0,19,37,10,56,0
SZYOJD4M,94,7,18,82,1,0,51,1,11,40,1,0,43,6,7,42,0,0,7,4,3,8,0,0,52,49,11,101,0
IXDANH29,26,2,6,22,0,0,4,2,1,5,0,0,22,0,5,17,0,0,2,0,1,1,0,0,6,22,2,28,0
PMSHBKMZ,14,7,2,15,4,0,1,0,0,1,0,0,13,7,2,14,4,0,1,5,0,6,0,0,1,20,6,21,0
RCLIMHHD,50,1,6,41,2,1,19,1,3,16,0,0,31,0,3,25,2,1,8,0,0,8,0,0,20,31,8,51,0
LER7MP5B,3,0,1,2,0,0,0,0,0,0,0,0,3,0,1,2,0,0,0,0,0,0,0,0,0,3,0,3,0
Q12QKEGG,69,14,11,65,7,0,32,8,5,30,5,0,37,6,6,35,2,0,13,0,1,11,1,0,40,43,13,83,0
LJHHD356,10,0,0,10,0,0,4,0,0,4,0,0,6,0,0,6,0,0,0,0,0,0,0,0,4,6,0,10,0
UPRLOOBE,8,6,0,7,6,1,4,5,0,5,3,1,4,1,0,2,3,0,0,0,0,0,0,0,9,5,0,14,0
MBXWHDBK,22,6,6,19,3,0,9,3,4,8,0,0,13,3,2,11,3,0,0,0,0,0,0,0,12,16,0,28,0
PNLG2DEP,7,1,1,7,0,0,1,1,0,2,0,0,6,0,1,5,0,0,2,0,0,2,0,0,2,6,2,8,0
JTUDYCLL,21,6,16,10,1,0,4,3,3,3,1,0,17,3,13,7,0,0,1,0,1,0,0,0,7,20,1,27,0
3YTF3XV2,25,3,4,15,9,0,13,1,3,7,4,0,12,2,1,8,5,0,3,0,0,3,0,0,14,14,3,28,0
BK7SOHTP,14,3,4,13,0,0,6,1,0,7,0,0,8,2,4,6,0,0,1,0,0,1,0,0,7,10,1,17,0
M1LUMUTX,60,9,4,61,4,0,21,0,0,19,2,0,39,9,4,42,2,0,10,0,3,7,0,0,21,48,10,69,0
6H7UAN1Y,5,0,1,4,0,0,4,0,1,3,0,0,1,0,0,1,0,0,0,0,0,0,0,0,4,1,0,5,0
VEBNGFJA,27,8,6,16,6,7,14,7,3,5,6,7,13,1,3,11,0,0,1,0,0,1,0,0,21,14,1,35,0
RYLXV37G,21,0,9,11,1,2,7,0,3,4,0,1,14,0,6,7,1,1,3,0,2,1,0,0,7,14,3,21,0
IJ2LUECE,108,14,23,83,13,3,32,6,2,24,9,3,76,8,21,59,4,0,13,1,5,9,0,0,38,84,14,122,0
LUB8C2CP,20,2,5,15,2,0,5,0,1,3,1,0,15,2,4,12,1,0,3,0,0,3,0,0,5,17,3,22,0
V8NE1IU2,8,0,1,2,1,4,2,0,0,2,0,0,6,0,1,0,1,4,0,0,0,0,0,0,2,6,0,8,0
QETOFBS4,9,1,4,6,0,0,4,1,2,3,0,0,5,0,2,3,0,0,0,0,0,0,0,0,5,5,0,10,0
7EMK9NRU,18,8,7,17,2,0,6,5,2,7,2,0,12,3,5,10,0,0,2,0,0,2,0,0,11,15,2,26,0
6CMQSDPT,16,3,10,9,0,0,7,3,5,5,0,0,9,0,5,4,0,0,1,0,1,0,0,0,10,9,1,19,0
2LBHH5HT,61,3,14,49,1,0,21,0,2,19,0,0,40,3,12,30,1,0,11,0,4,7,0,0,21,43,11,64,0
4DVIPCBL,59,10,18,47,4,0,17,3,6,12,2,0,42,7,12,35,2,0,9,3,4,7,1,0,20,49,12,69,0
EEGIO7FV,114,8,26,91,5,0,41,4,13,29,3,0,73,4,13,62,2,0,11,0,3,8,0,0,45,77,11,122,0
K89IPBOE,172,30,21,117,41,23,74,16,8,45,20,17,98,14,13,72,21,6,15,0,1,14,0,0,90,112,15,202,0
APDRRDLR,107,7,13,97,4,0,25,0,4,20,1,0,82,7,9,77,3,0,13,0,2,11,0,0,25,89,13,114,0
F8VBAJYE,47,13,8,35,9,7,12,4,1,13,2,0,35,9,7,22,7,7,32,4,6,16,6,7,16,44,36,60,1
I3Z2WLCV,11,0,1,10,0,0,3,0,0,3,0,0,8,0,1,7,0,0,1,0,0,1,0,0,3,8,1,11,0
NB59KVJK,55,7,13,41,6,2,29,1,6,19,3,2,26,6,7,22,3,0,3,0,1,2,0,0,30,32,3,62,0
VXV5PE5X,23,6,5,17,4,4,5,0,1,4,0,0,18,6,4,13,4,4,2,0,0,2,0,0,5,24,2,29,0
ZYESQ1QC,39,2,14,26,1,1,18,2,3,16,1,0,21,0,11,10,0,1,3,0,3,0,0,1,20,21,3,41,0
GSTMKVOZ,10,4,1,10,3,0,4,3,0,4,3,0,6,1,1,6,0,0,1,0,0,1,0,0,7,7,1,14,1
XOIY7RWI,26,0,5,19,2,1,11,0,3,7,1,0,15,0,2,12,1,1,2,0,1,1,0,0,11,15,2,26,0
KD7IT5B2,1,2,2,1,0,0,1,1,1,1,0,0,0,1,1,0,0,0,0,0,0,0,0,0,2,1,0,3,0
TDU5KHGR,69,10,19,51,9,0,30,7,12,18,7,0,39,3,7,33,2,0,3,0,1,2,0,0,37,42,3,79,0
ELN6AWWK,19,1,2,18,0,0,7,1,1,7,0,0,12,0,1,11,0,0,6,0,1,5,0,0,8,12,6,20,0
BK85EYVO,9,3,4,5,3,0,2,0,0,2,0,0,7,3,4,3,3,0,1,0,1,0,0,0,2,10,1,12,0
BTVMUAI8,6,0,0,6,0,0,1,0,0,1,0,0,5,0,0,5,0,0,0,0,0,0,0,0,1,5,0,6,0
4VEX5NZ7,64,1,24,40,0,1,22,1,9,14,0,0,42,0,15,26,0,1,2,0,0,2,0,0,23,42,2,65,0
CKMNXISU,1,0,0,1,0,0,1,0,0,1,0,0,0,0,0,0,0,0,0,0,0,0,0,0,1,0,0,1,0
CFCNNJL8,26,3,1,20,5,3,10,3,0,8,3,2,16,0,1,12,2,1,1,0,0,1,0,0,13,16,1,29,0
2AG1IU4N,29,11,1,26,13,0,9,6,1,10,4,0,20,5,0,16,9,0,1,0,0,0,1,0,15,25,1,40,0
5NGJBKUU,0,1,1,0,0,0,0,1,1,0,0,0,0,0,0,0,0,0,0,0,0,0,0,0,1,0,0,1,0
XQE9EFID,47,10,9,40,5,3,9,2,1,9,1,0,38,8,8,31,4,3,15,5,4,12,3,1,11,46,20,57,0
9VBWSHMA,66,19,13,53,19,0,26,7,5,22,6,0,40,12,8,31,13,0,8,0,0,5,3,0,33,52,8,85,0
PKYTVUIX,34,0,6,26,2,0,6,0,1,5,0,0,28,0,5,21,2,0,15,0,1,12,2,0,6,28,15,34,0
NTV2CGUV,29,10,8,28,3,0,22,6,6,21,1,0,7,4,2,7,2,0,0,0,0,0,0,0,28,11,0,39,0
6EXBRQWO,14,1,7,8,0,0,4,0,1,3,0,0,10,1,6,5,0,0,1,0,1,0,0,0,4,11,1,15,0
BUGI95V2,36,0,6,27,3,0,9,0,1,7,1,0,27,0,5,20,2,0,1,0,1,0,0,0,9,27,1,36,0
KSQ3MOGI,120,43,31,102,28,3,70,37,20,61,24,2,50,6,11,41,4,1,7,0,2,5,0,0,107,56,7,163,0
ZRQWK6H4,15,0,4,10,1,0,5,0,2,2,1,0,10,0,2,8,0,0,0,0,0,0,0,0,5,10,0,15,0
RBNIZUNR,64,1,20,44,1,0,12,0,5,7,0,0,52,1,15,37,1,0,9,0,2,6,1,0,12,53,9,65,0
LSP9TTBW,2,1,1,1,1,0,1,0,1,0,0,0,1,1,0,1,1,0,0,0,0,0,0,0,1,2,0,3,0
VXCRQZJG,2,0,0,0,0,2,0,0,0,0,0,0,2,0,0,0,0,2,0,0,0,0,0,0,0,2,0,2,0
RPBKRGRT,3,0,0,3,0,0,1,0,0,1,0,0,2,0,0,2,0,0,0,0,0,0,0,0,1,2,0,3,0
TVKRNLXX,7,1,2,5,1,0,6,1,2,4,1,0,1,0,0,1,0,0,1,0,0,1,0,0,7,1,1,8,0
KJWAKG8Y,15,4,1,18,0,0,12,2,1,13,0,0,3,2,0,5,0,0,0,0,0,0,0,0,14,5,0,19,0
5NZZUK65,27,0,11,16,0,0,7,0,4,3,0,0,20,0,7,13,0,0,6,0,1,5,0,0,7,20,6,27,0
RV3FNECA,47,1,11,37,0,1,16,0,2,14,0,1,31,1,9,23,0,0,2,0,1,1,0,0,16,32,2,48,0
8L9YEDGJ,44,4,7,35,1,5,5,0,1,4,0,0,39,4,6,31,1,5,8,0,1,7,0,0,5,43,8,48,0
MAXMG8AA,70,21,32,52,7,0,25,7,10,19,3,0,45,14,22,33,4,0,22,4,10,16,0,0,32,59,26,91,0
MVXIEJMF,52,9,5,39,15,2,18,6,3,14,5,2,34,3,2,25,10,0,3,0,0,3,0,0,24,37,3,61,0
KNQF2SDK,7,0,0,7,0,0,2,0,0,2,0,0,5,0,0,5,0,0,1,0,0,1,0,0,2,5,1,7,0
U8QUDMIC,66,7,11,53,6,3,12,5,3,12,2,0,54,2,8,41,4,3,4,0,2,2,0,0,17,56,4,73,0
XMA3QOSU,140,3,82,54,7,5,31,2,18,14,1,2,109,1,64,40,6,3,24,0,14,8,2,1,33,110,24,143,0
XEGBVS3M,95,11,13,88,5,1,33,5,7,30,1,0,62,6,6,58,4,1,12,1,2,11,0,0,38,68,13,106,0
FV2XALYO,39,0,3,35,1,0,5,0,0,5,0,0,34,0,3,30,1,0,4,0,0,4,0,0,5,34,4,39,0
V53FKIKE,20,0,5,11,4,0,10,0,3,4,3,0,10,0,2,7,1,0,0,0,0,0,0,0,10,10,0,20,0
D22XYJ4R,7,0,0,7,0,0,2,0,0,2,0,0,5,0,0,5,0,0,1,0,0,1,0,0,2,5,1,7,0
VM6FY3WL,45,5,7,40,3,0,22,3,7,16,2,0,23,2,0,24,1,0,3,0,0,3,0,0,25,25,3,50,0
UU65PRXY,61,17,9,65,1,2,15,2,4,10,1,2,46,15,5,55,0,0,9,3,1,10,0,0,17,61,12,78,0
3XYWPTRG,43,0,8,31,4,0,17,0,3,12,2,0,26,0,5,19,2,0,3,0,0,3,0,0,17,26,3,43,0
72EPYXZQ,44,3,12,34,1,2,13,3,4,12,0,1,31,0,8,22,1,1,3,0,1,2,0,0,16,31,3,47,0
XIKFEE7N,7,0,3,4,0,2,6,0,3,3,0,2,1,0,0,1,0,0,0,0,0,0,0,0,6,1,0,7,0
GYAYMZCN,43,4,3,42,2,0,10,2,2,9,1,0,33,2,1,33,1,0,5,0,1,4,0,0,12,35,5,47,0
GPEB3VS9,8,5,1,11,1,0,2,2,0,3,1,0,6,3,1,8,0,0,3,0,0,3,0,0,4,9,3,13,0
R8A5CLVI,1,0,0,1,0,0,1,0,0,1,0,0,0,0,0,0,0,0,0,0,0,0,0,0,1,0,0,1,0
TJBTK2AB,9,0,2,7,0,0,4,0,1,3,0,0,5,0,1,4,0,0,2,0,0,2,0,0,4,5,2,9,0
JV6ODZXS,33,6,10,25,4,0,7,0,1,5,1,0,26,6,9,20,3,0,20,4,7,15,2,0,7,32,24,39,0
INC6FRPN,7,5,1,11,0,0,1,1,0,2,0,0,6,4,1,9,0,0,1,0,0,1,0,0,2,10,1,12,0
QUPRYVEJ,1,0,0,0,1,0,0,0,0,0,0,0,1,0,0,0,1,0,1,0,0,0,1,0,0,1,1,1,0
K615J2FU,14,1,0,14,1,0,7,0,0,7,0,0,7,1,0,7,1,0,0,0,0,0,0,0,7,8,0,15,0
CHKDHKD9,60,15,9,53,13,0,44,13,8,38,11,0,16,2,1,15,2,0,1,0,0,1,0,0,57,18,1,75,0
IPBYZKZO,30,4,0,32,2,0,7,2,0,8,1,0,23,2,0,24,1,0,6,0,0,6,0,0,9,25,6,34,0
J1UMB4WK,23,6,4,19,4,2,10,6,2,12,2,0,13,0,2,7,2,2,0,0,0,0,0,0,16,13,0,29,0
YYBJYBAK,9,7,1,10,5,0,8,6,1,9,4,0,1,1,0,1,1,0,1,0,0,1,0,0,14,2,1,16,0
9KTETD7P,4,0,2,2,0,0,2,0,0,2,0,0,2,0,2,0,0,0,0,0,0,0,0,0,2,2,0,4,0
KRJHRKSM,22,1,2,18,3,0,4,1,0,5,0,0,18,0,2,13,3,0,4,0,1,1,2,0,5,18,4,23,0
RNYRL8OJ,5,0,2,3,0,0,1,0,0,1,0,0,4,0,2,2,0,0,1,0,1,0,0,0,1,4,1,5,0
WN2VGCKG,14,3,1,13,3,0,5,2,0,5,2,0,9,1,1,8,1,0,0,0,0,0,0,0,7,10,0,17,0
DG6W8EB3,20,2,2,15,5,0,3,0,0,3,0,0,17,2,2,12,5,0,1,0,0,1,0,0,3,19,1,22,0
JAIFUGH8,4,10,2,12,0,0,2,7,2,7,0,0,2,3,0,5,0,0,0,0,0,0,0,0,9,5,0,14,0
G5BSDEPW,48,2,21,29,0,0,12,2,5,9,0,0,36,0,16,20,0,0,6,0,2,4,0,0,14,36,6,50,0
FCNWCRG8,137,18,32,92,24,9,53,9,12,30,13,9,84,9,20,62,11,0,13,1,3,8,3,0,62,93,14,155,0
EEQTLNIC,94,2,28,64,2,2,27,2,7,22,0,0,67,0,21,42,2,2,13,0,4,9,0,0,29,67,13,96,0
IA1Y11KL,3,0,0,3,0,0,0,0,0,0,0,0,3,0,0,3,0,0,0,0,0,0,0,0,0,3,0,3,0
GZXGWZCC,1,0,0,1,0,0,0,0,0,0,0,0,1,0,0,1,0,0,0,0,0,0,0,0,0,1,0,1,0
EGJCFGBP,99,4,34,67,2,1,27,2,14,14,1,1,72,2,20,53,1,0,8,0,4,4,0,0,29,74,8,103,0
MBIJGPWN,12,1,5,7,1,2,3,0,2,1,0,2,9,1,3,6,1,0,0,0,0,0,0,0,3,10,0,13,0
TKZE1TJT,29,2,3,26,2,0,11,0,1,10,0,0,18,2,2,16,2,0,0,0,0,0,0,0,11,20,0,31,0
Y3EGLB2U,19,0,1,17,1,0,6,0,0,6,0,0,13,0,1,11,1,0,0,0,0,0,0,0,6,13,0,19,1
QGSEOVBI,31,1,7,23,0,2,24,1,7,18,0,0,7,0,0,5,0,2,1,0,0,1,0,0,25,7,1,32,0
JND9QXEQ,78,4,26,55,1,0,16,0,5,10,1,0,62,4,21,45,0,0,9,1,2,8,0,0,16,66,10,82,0
FSASKBWR,11,0,6,5,0,0,2,0,1,1,0,0,9,0,5,4,0,0,1,0,1,0,0,0,2,9,1,11,0
ONVMNTWM,1,0,0,1,0,0,0,0,0,0,0,0,1,0,0,1,0,0,0,0,0,0,0,0,0,1,0,1,0
CHOYCA3R,51,2,20,31,2,0,17,2,7,12,0,0,34,0,13,19,2,0,3,0,1,2,0,0,19,34,3,53,0
VMCJFEDQ,3,0,0,3,0,0,0,0,0,0,0,0,3,0,0,3,0,0,0,0,0,0,0,0,0,3,0,3,0
YMPDSKBD,55,6,9,51,1,0,17,2,3,16,0,0,38,4,6,35,1,0,1,1,0,2,0,0,19,42,2,61,0
E3AIWO2S,47,3,8,40,2,0,17,3,6,12,2,0,30,0,2,28,0,0,6,0,0,6,0,0,20,30,6,50,0
AHRPNGLA,62,1,15,48,0,1,15,0,4,11,0,0,47,1,11,37,0,1,2,0,0,2,0,0,15,48,2,63,0
8VWHHFOH,3,0,1,1,1,0,0,0,0,0,0,0,3,0,1,1,1,0,1,0,1,0,0,0,0,3,1,3,0
NW4MAU3X,42,0,15,27,0,0,5,0,2,3,0,0,37,0,13,24,0,0,7,0,0,7,0,0,5,37,7,42,0
6PJV1NP1,53,8,11,42,8,0,24,6,2,21,7,0,29,2,9,21,1,0,4,0,0,4,0,0,30,31,4,61,0
DNV3NII9,50,0,22,28,0,0,6,0,4,2,0,0,44,0,18,26,0,0,8,0,3,5,0,0,6,44,8,50,0
THFZ13FZ,181,37,84,107,7,20,59,14,37,28,1,7,122,23,47,79,6,13,16,1,7,10,0,0,73,145,17,218,0
UEUW3L5F,62,0,4,58,0,2,14,0,0,14,0,0,48,0,4,44,0,2,7,0,1,6,0,0,14,48,7,62,0
4WEF2WWT,13,0,5,7,1,0,6,0,0,5,1,0,7,0,5,2,0,0,1,0,1,0,0,0,6,7,1,13,0
CBQCCATV,51,4,2,43,10,0,25,2,1,19,7,0,26,2,1,24,3,0,1,0,0,1,0,0,27,28,1,55,0
RZMKFUEQ,8,1,1,5,1,3,1,1,0,1,1,0,7,0,1,4,0,3,0,0,0,0,0,0,2,7,0,9,0
V8SNDUMB,49,0,19,29,0,2,15,0,6,8,0,2,34,0,13,21,0,0,3,0,1,2,0,0,15,34,3,49,0
OVETLPDS,6,1,0,6,1,0,1,0,0,1,0,0,5,1,0,5,1,0,0,0,0,0,0,0,1,6,0,7,0
LFXTUTYC,20,0,8,11,1,1,8,0,2,5,1,0,12,0,6,6,0,1,2,0,0,2,0,0,8,12,2,20,0
1WVMPQR5,18,16,12,13,5,5,5,12,2,10,4,1,13,4,10,3,1,4,2,1,0,3,0,0,17,17,3,34,0
Y7H5PV6V,9,5,2,4,8,1,4,5,2,3,4,1,5,0,0,1,4,0,0,0,0,0,0,0,9,5,0,14,0
EHJ5BA8R,21,22,3,33,7,0,3,2,0,4,1,0,18,20,3,29,6,0,1,8,1,7,1,0,5,38,9,43,0
5RILRLIO,10,0,0,10,0,0,1,0,0,1,0,0,9,0,0,9,0,0,0,0,0,0,0,0,1,9,0,10,0
JKIFUJKI,27,2,15,14,0,0,10,2,6,6,0,0,17,0,9,8,0,0,0,0,0,0,0,0,12,17,0,29,0
Q5VXRMEN,18,0,3,15,0,0,2,0,0,2,0,0,16,0,3,13,0,0,3,0,0,3,0,0,2,16,3,18,0
MMS4J6PZ,41,3,8,34,2,0,11,1,1,9,2,0,30,2,7,25,0,0,6,0,0,6,0,0,12,32,6,44,0
VOG8HBLS,65,3,21,45,1,1,13,0,2,10,1,0,52,3,19,35,0,1,13,0,9,4,0,0,13,55,13,68,0
DCWPVLKK,5,3,2,6,0,0,1,0,0,1,0,0,4,3,2,5,0,0,2,0,2,0,0,0,1,7,2,8,0
B51FW3IY,63,11,23,42,9,0,37,11,16,24,8,0,26,0,7,18,1,0,9,0,3,6,0,0,48,26,9,74,0
YQQGTYFR,7,0,1,5,1,0,1,0,0,1,0,0,6,0,1,4,1,0,3,0,0,2,1,0,1,6,3,7,0
YEGCJTAU,25,17,1,31,6,3,16,2,0,15,2,1,9,15,1,16,4,2,0,2,0,2,0,0,18,24,2,42,0
NGLJ7RHV,8,1,2,5,2,0,2,0,0,1,1,0,6,1,2,4,1,0,1,0,0,1,0,0,2,7,1,9,0
FHDVBYIF,73,6,15,40,22,1,51,5,13,30,13,0,22,1,2,10,9,1,0,1,0,1,0,0,56,23,1,79,0
Z3DH4UDZ,9,1,2,8,0,0,4,0,1,3,0,0,5,1,1,5,0,0,0,0,0,0,0,0,4,6,0,10,0
LFIRSTTU,3,1,0,4,0,0,2,0,0,2,0,0,1,1,0,2,0,0,0,0,0,0,0,0,2,2,0,4,0
NSADUDJE,21,0,5,16,0,0,7,0,2,5,0,0,14,0,3,11,0,0,1,0,0,1,0,0,7,14,1,21,0
96THP7BB,16,1,5,11,1,0,2,0,0,1,1,0,14,1,5,10,0,0,1,0,1,0,0,0,2,15,1,17,0
HZX5NWFF,10,1,3,7,1,0,2,1,0,2,1,0,8,0,3,5,0,0,1,0,0,1,0,0,3,8,1,11,0
KNSEMUIW,9,3,3,7,2,0,2,3,0,3,2,0,7,0,3,4,0,0,1,0,0,1,0,0,5,7,1,12,0
YQPJEYIW,5,0,1,3,1,0,2,0,1,0,1,0,3,0,0,3,0,0,2,0,0,2,0,0,2,3,2,5,0
KN9KHMDE,14,4,2,10,3,4,3,0,0,0,0,3,11,4,2,10,3,1,0,1,0,1,0,0,3,15,1,18,0
GTXDOWJ7,26,0,8,17,0,1,4,0,0,4,0,0,22,0,8,13,0,1,5,0,2,3,0,0,4,22,5,26,0
TZXHHFVM,6,0,1,5,0,0,1,0,1,0,0,0,5,0,0,5,0,0,0,0,0,0,0,0,1,5,0,6,0
A9CATRLJ,3,0,0,3,0,0,0,0,0,0,0,0,3,0,0,3,0,0,0,0,0,0,0,0,0,3,0,3,0
9LDRZANO,16,1,1,16,0,0,2,0,0,2,0,0,14,1,1,14,0,0,1,0,0,1,0,0,2,15,1,17,0
TCUFVFXJ,112,20,27,84,17,5,66,13,18,49,12,0,46,7,9,35,5,5,9,0,2,7,0,0,79,53,9,132,0
YZOXYJPM,4,1,0,3,2,0,4,1,0,3,2,0,0,0,0,0,0,0,0,0,0,0,0,0,5,0,0,5,0
7L4SAEIB,50,15,19,33,13,0,28,6,10,17,7,0,22,9,9,16,6,0,2,0,2,0,0,0,34,31,2,65,0
8P75P1ER,3,1,0,4,0,0,0,0,0,0,0,0,3,1,0,4,0,0,0,0,0,0,0,0,0,4,0,4,0
DUZBVZ26,9,0,1,5,3,0,4,0,1,1,2,0,5,0,0,4,1,0,1,0,0,1,0,0,4,5,1,9,0
QAHAIFI1,15,6,3,17,1,0,3,3,0,6,0,0,12,3,3,11,1,0,4,0,1,2,1,0,6,15,4,21,0
QG4Y2EFA,31,0,6,23,2,0,6,0,1,5,0,0,25,0,5,18,2,0,5,0,0,5,0,0,6,25,5,31,0
CZTYZ9SV,14,1,6,9,0,0,7,0,2,5,0,0,7,1,4,4,0,0,3,0,2,1,0,0,7,8,3,15,0
L8NNWDG8,19,0,0,9,10,0,4,0,0,1,3,0,15,0,0,8,7,0,6,0,0,4,2,0,4,15,6,19,0
RNYIZ65L,1,0,0,1,0,0,0,0,0,0,0,0,1,0,0,1,0,0,1,0,0,1,0,0,0,1,1,1,0
U5XEUCTN,23,4,2,25,0,0,3,0,1,2,0,0,20,4,1,23,0,0,5,3,0,8,0,0,3,24,8,27,0
OKVYVXK7,42,1,4,32,4,3,26,0,2,18,4,2,16,1,2,14,0,1,4,1,0,4,0,1,26,17,5,43,0
VJGHK4T5,5,0,1,4,0,0,2,0,1,1,0,0,3,0,0,3,0,0,0,0,0,0,0,0,2,3,0,5,0
GVQUHLA4,29,8,0,13,3,21,21,7,0,6,3,19,8,1,0,7,0,2,3,0,0,1,0,2,28,9,3,37,0
XZM2RQGR,30,0,5,20,3,2,7,0,4,3,0,0,23,0,1,17,3,2,1,0,0,1,0,0,7,23,1,30,0
LTKQY6K6,89,40,22,76,24,7,66,31,19,50,21,7,23,9,3,26,3,0,3,6,0,9,0,0,97,32,9,129,0
AMLMEPSY,15,5,1,16,3,0,5,2,0,6,1,0,10,3,1,10,2,0,3,3,0,4,2,0,7,13,6,20,0
YWW53ZBA,5,0,2,3,0,0,4,0,2,2,0,0,1,0,0,1,0,0,0,0,0,0,0,0,4,1,0,5,0
TXBFTNZD,3,0,1,0,2,0,1,0,1,0,0,0,2,0,0,0,2,0,1,0,0,0,1,0,1,2,1,3,0
LANEP29X,23,3,11,15,0,0,6,1,5,2,0,0,17,2,6,13,0,0,4,0,1,3,0,0,7,19,4,26,0
WR8SVURS,53,1,11,42,1,2,8,0,1,7,0,0,45,1,10,35,1,2,5,0,1,4,0,0,8,46,5,54,0
ASB49IBL,20,3,5,16,0,2,6,2,0,8,0,0,14,1,5,8,0,2,4,1,0,3,0,2,8,15,5,23,0
NB9PNZCU,1,0,0,1,0,0,1,0,0,1,0,0,0,0,0,0,0,0,0,0,0,0,0,0,1,0,0,1,0
3XXJZZVF,50,11,13,39,7,2,29,6,7,25,3,0,21,5,6,14,4,2,0,0,0,0,0,0,35,26,0,61,0
68X2LTTS,43,6,4,40,5,0,17,4,3,15,3,0,26,2,1,25,2,0,6,0,0,5,1,0,21,28,6,49,0
CTKFGNVJ,5,2,1,6,0,0,2,2,1,3,0,0,3,0,0,3,0,0,1,0,0,1,0,0,4,3,1,7,0
M1CFD772,31,7,8,29,1,0,8,2,1,9,0,0,23,5,7,20,1,0,0,0,0,0,0,0,10,28,0,38,0
M3TQOCKU,18,1,3,15,1,0,6,1,0,7,0,0,12,0,3,8,1,0,0,0,0,0,0,0,7,12,0,19,0
66ODFVDF,36,1,5,32,0,0,8,1,1,8,0,0,28,0,4,24,0,0,2,0,0,2,0,0,9,28,2,37,0
VEYLU3CM,9,0,4,4,1,0,3,0,1,1,1,0,6,0,3,3,0,0,2,0,1,1,0,0,3,6,2,9,0
EZCLCIGI,14,2,0,9,7,0,8,0,0,6,2,0,6,2,0,3,5,0,0,0,0,0,0,0,8,8,0,16,0
WNK92QDE,1,0,0,1,0,0,0,0,0,0,0,0,1,0,0,1,0,0,0,0,0,0,0,0,0,1,0,1,0
ARSECJ6N,5,0,2,2,1,0,0,0,0,0,0,0,5,0,2,2,1,0,5,0,2,2,1,0,0,5,5,5,0
SGLS35SB,9,2,1,7,3,0,2,1,0,2,1,0,7,1,1,5,2,0,1,0,0,1,0,0,3,8,1,11,0
HCWSHQB3,131,6,19,105,13,0,26,0,7,18,1,0,105,6,12,87,12,0,18,0,1,16,1,0,26,111,18,137,0
QS39LZ7B,6,2,2,6,0,0,0,2,0,2,0,0,6,0,2,4,0,0,1,0,1,0,0,0,2,6,1,8,0
VEOUADVV,65,17,9,61,12,0,45,15,5,45,10,0,20,2,4,16,2,0,5,0,1,4,0,0,60,22,5,82,0
P9HRDI4Y,35,7,11,26,5,0,13,7,1,14,5,0,22,0,10,12,0,0,5,0,3,2,0,0,20,22,5,42,0
ETELFTDN,1,0,1,0,0,0,1,0,1,0,0,0,0,0,0,0,0,0,0,0,0,0,0,0,1,0,0,1,0
DHGM39L3,32,0,6,25,1,0,12,0,4,7,1,0,20,0,2,18,0,0,5,0,1,4,0,0,12,20,5,32,0
K6EN9XF8,4,1,1,4,0,0,2,0,0,2,0,0,2,1,1,2,0,0,1,0,0,1,0,0,2,3,1,5,0
DP1NXN3L,43,4,13,33,1,0,13,4,4,12,1,0,30,0,9,21,0,0,3,0,0,3,0,0,17,30,3,47,0
QFGPJTXW,2,1,1,2,0,0,1,0,0,1,0,0,1,1,1,1,0,0,0,0,0,0,0,0,1,2,0,3,0
OX7IQIOL,2,0,0,2,0,0,1,0,0,1,0,0,1,0,0,1,0,0,0,0,0,0,0,0,1,1,0,2,0
RAGWFXPK,6,5,5,6,0,1,3,1,1,3,0,0,3,4,4,3,0,1,1,0,0,1,0,0,4,7,1,11,0
GCRRPSAJ,26,2,2,24,2,0,5,2,2,5,0,0,21,0,0,19,2,0,6,0,0,6,0,0,7,21,6,28,0
LVFEWHYT,89,10,13,63,22,2,37,3,6,24,9,1,52,7,7,39,13,1,9,0,1,6,2,0,40,59,9,99,0
CTTFJGLI,13,0,5,8,0,2,5,0,2,3,0,0,8,0,3,5,0,2,3,0,1,2,0,1,5,8,3,13,0
8AJSHFQX,5,0,2,3,0,0,0,0,0,0,0,0,5,0,2,3,0,0,0,0,0,0,0,0,0,5,0,5,0
QG7RNVIO,0,1,1,0,0,0,0,0,0,0,0,0,0,1,1,0,0,0,0,0,0,0,0,0,0,1,0,1,0
TJJDA2MM,13,8,0,17,4,0,6,3,0,6,3,0,7,5,0,11,1,0,0,0,0,0,0,0,9,12,0,21,0
8W3X3LTO,3,0,0,3,0,0,3,0,0,3,0,0,0,0,0,0,0,0,0,0,0,0,0,0,3,0,0,3,0
2FQYTTQT,63,8,27,42,2,2,22,8,13,17,0,1,41,0,14,25,2,1,4,0,0,4,0,0,30,41,4,71,0
FFQNTFAB,4,0,0,4,0,0,0,0,0,0,0,0,4,0,0,4,0,0,0,0,0,0,0,0,0,4,0,4,0
NAWZHOVD,8,0,3,5,0,0,7,0,2,5,0,0,1,0,1,0,0,0,0,0,0,0,0,0,7,1,0,8,0
OFWFYOSG,1,0,1,0,0,0,0,0,0,0,0,0,1,0,1,0,0,0,0,0,0,0,0,0,0,1,0,1,0
TPP7CLJ7,27,7,6,26,2,0,15,6,6,13,2,0,12,1,0,13,0,0,1,0,0,1,0,0,21,13,1,34,0
C3TVRN1Q,5,0,0,2,3,0,1,0,0,0,1,0,4,0,0,2,2,0,1,0,0,1,0,0,1,4,1,5,0
RN5SOJMQ,28,3,3,27,1,0,4,3,0,7,0,0,24,0,3,20,1,0,11,0,2,9,0,0,7,24,11,31,0
CSXOOBZG,28,0,2,9,2,15,20,0,1,3,1,15,8,0,1,6,1,0,1,0,0,1,0,0,20,8,1,28,0
XLGJM6NL,36,0,3,19,7,6,25,0,2,11,7,5,11,0,1,8,0,1,1,0,0,0,0,0,25,11,1,36,0
SEYUXYOJ,4,2,2,0,2,2,2,2,0,0,2,2,2,0,2,0,0,0,1,0,1,0,0,0,4,2,1,6,0
AGCW2DU3,5,0,0,5,0,0,5,0,0,5,0,0,0,0,0,0,0,0,0,0,0,0,0,0,5,0,0,5,0
CXPMC9LJ,14,0,7,7,0,1,5,0,2,3,0,0,9,0,5,4,0,1,3,0,2,1,0,1,5,9,3,14,0
XX8STBBT,14,13,8,17,2,1,10,3,5,8,0,0,4,10,3,9,2,1,1,0,0,1,0,0,13,14,1,27,0
B9MSHIFK,179,62,13,157,68,3,85,34,9,79,31,0,94,28,4,78,37,3,4,1,0,1,2,2,119,122,5,241,0
IUHHQOOT,26,0,9,17,0,0,13,0,3,10,0,0,13,0,6,7,0,0,1,0,0,1,0,0,13,13,1,26,0
PBMFY4L3,48,2,14,32,4,1,21,2,11,10,2,0,27,0,3,22,2,1,7,0,0,7,0,0,23,27,7,50,0
PLYRBJCO,9,9,2,9,7,0,5,1,1,5,0,0,4,8,1,4,7,0,0,0,0,0,0,0,6,12,0,18,0
HISD6GZM,45,4,5,36,8,1,23,3,4,15,7,1,22,1,1,21,1,0,0,1,0,1,0,0,26,23,1,49,0
QDDCKCWG,64,2,8,37,20,2,24,2,0,15,10,1,40,0,8,22,10,1,4,0,1,3,0,0,26,40,4,66,0
AMWVNCBX,1,0,0,1,0,0,0,0,0,0,0,0,1,0,0,1,0,0,0,0,0,0,0,0,0,1,0,1,0
FFGYM2CC,4,3,1,6,0,0,1,0,0,1,0,0,3,3,1,5,0,0,1,0,0,1,0,0,1,6,1,7,0
64QYIC6M,6,1,1,6,0,0,4,0,0,4,0,0,2,1,1,2,0,0,2,0,0,2,0,0,4,3,2,7,0
XPEK6NKE,42,0,0,41,1,0,6,0,0,6,0,0,36,0,0,35,1,0,8,0,0,8,0,0,6,36,8,42,0
YUUYDWDL,3,0,0,3,0,0,0,0,0,0,0,0,3,0,0,3,0,0,1,0,0,1,0,0,0,3,1,3,0
ENC1LXRG,9,1,0,10,0,0,1,1,0,2,0,0,8,0,0,8,0,0,0,0,0,0,0,0,2,8,0,10,0
QXULOVKP,16,3,1,16,2,0,5,2,1,5,1,0,11,1,0,11,1,0,3,0,0,2,1,0,7,12,3,19,0
DLIYIABT,12,0,5,6,1,0,4,0,0,3,1,0,8,0,5,3,0,0,3,0,1,2,0,0,4,8,3,12,0
8N3M9ZKQ,121,21,15,84,29,14,70,21,6,53,24,8,51,0,9,31,5,6,2,0,1,1,0,0,91,51,2,142,0
PWJI7NEI,19,0,5,14,0,0,4,0,3,1,0,0,15,0,2,13,0,0,3,0,0,3,0,0,4,15,3,19,0
F5FQVUTI,4,1,1,4,0,0,1,0,1,0,0,0,3,1,0,4,0,0,0,0,0,0,0,0,1,4,0,5,0
OVOCTLKH,163,23,19,100,50,18,75,13,14,49,18,8,88,10,5,51,32,10,2,1,1,1,1,0,88,98,3,186,0
HJDZB4K5,27,3,3,16,7,4,4,0,1,2,1,0,23,3,2,14,6,4,3,0,0,1,2,0,4,26,3,30,0
PSS5AKKF,22,2,3,20,1,0,7,1,3,5,0,0,15,1,0,15,1,0,1,0,0,1,0,0,8,16,1,24,0
WAHPGHGI,13,0,6,7,0,1,5,0,3,2,0,0,8,0,3,5,0,1,2,0,1,1,0,0,5,8,2,13,0
UNUYBEQY,17,0,5,12,0,0,8,0,1,7,0,0,9,0,4,5,0,0,4,0,1,3,0,0,8,9,4,17,0
NII1CKXI,74,11,8,71,6,0,26,7,4,24,5,0,48,4,4,47,1,0,14,0,1,12,1,0,33,52,14,85,0
KTIIAEKC,20,0,6,14,0,0,3,0,1,2,0,0,17,0,5,12,0,0,0,0,0,0,0,0,3,17,0,20,0
YSYJ8XMK,91,2,19,69,4,1,34,1,7,24,3,1,57,1,12,45,1,0,19,0,4,15,0,0,35,58,19,93,0
T8OO64JL,3,3,1,5,0,0,3,0,1,2,0,0,0,3,0,3,0,0,0,0,0,0,0,0,3,3,0,6,0
8R5J8V3G,24,7,3,23,5,0,3,1,1,3,0,0,21,6,2,20,5,0,2,0,0,2,0,0,4,27,2,31,0
KSYUZ3XB,126,1,27,95,5,0,29,1,5,21,4,0,97,0,22,74,1,0,27,0,8,19,0,0,30,97,27,127,0
HM86EQFO,47,10,3,51,3,0,11,2,1,11,1,0,36,8,2,40,2,0,4,0,0,4,0,0,13,44,4,57,0
CXWD66OP,103,25,36,80,12,2,52,14,15,45,6,2,51,11,21,35,6,0,4,2,1,5,0,0,66,62,6,128,0
TM3NPFXM,41,4,15,29,1,1,16,4,8,11,1,1,25,0,7,18,0,0,4,0,0,4,0,0,20,25,4,45,0
BXN2VJQZ,36,1,4,33,0,2,12,0,4,8,0,2,24,1,0,25,0,0,5,1,0,6,0,0,12,25,6,37,0
RVEHI1RY,10,2,4,7,1,0,8,2,4,5,1,0,2,0,0,2,0,0,1,0,0,1,0,0,10,2,1,12,0
CULQVTOS,38,0,3,33,2,1,8,0,1,6,1,0,30,0,2,27,1,1,11,0,1,9,1,1,8,30,11,38,0
IVV88WGJ,26,7,8,25,0,1,14,5,4,15,0,0,12,2,4,10,0,1,1,1,1,1,0,0,19,14,2,33,0
GEC9N98M,15,4,0,19,0,0,5,1,0,6,0,0,10,3,0,13,0,0,1,0,0,1,0,0,6,13,1,19,0
M7JNGZHN,0,1,0,1,0,0,0,0,0,0,0,0,0,1,0,1,0,0,0,0,0,0,0,0,0,1,0,1,0
CS1IUGL4,6,1,3,4,0,0,2,1,2,1,0,0,4,0,1,3,0,0,1,0,1,0,0,0,3,4,1,7,0
LMS1FESA,4,6,1,9,0,0,1,1,0,2,0,0,3,5,1,7,0,0,1,4,1,4,0,0,2,8,5,10,0
61FGSF35,1,4,0,4,1,0,0,3,0,2,1,0,1,1,0,2,0,0,0,0,0,0,0,0,3,2,0,5,0
7BRSI7WF,49,16,1,43,16,5,13,4,0,13,3,1,36,12,1,30,13,4,8,0,0,5,0,3,17,48,8,65,0
YZK1QVWM,6,3,2,5,2,0,2,0,1,1,0,0,4,3,1,4,2,0,1,0,0,1,0,0,2,7,1,9,0
DTSPLBL4,3,3,1,4,1,0,0,0,0,0,0,0,3,3,1,4,1,0,0,1,1,0,0,0,0,6,1,6,0
QBAALOIS,45,12,6,45,6,0,21,7,4,19,5,0,24,5,2,26,1,0,1,0,0,1,0,0,28,29,1,57,0
EQVXHNZ5,48,1,18,27,0,4,27,1,13,15,0,1,21,0,5,12,0,3,7,0,2,3,0,0,28,21,7,49,0
DJYM95KF,3,0,1,2,0,0,2,0,0,2,0,0,1,0,1,0,0,0,1,0,1,0,0,0,2,1,1,3,0
IKIISE1I,16,4,4,13,1,3,5,2,0,7,0,0,11,2,4,6,1,3,2,0,1,1,0,0,7,13,2,20,0
NCETKE8Z,8,0,0,8,0,0,4,0,0,4,0,0,4,0,0,4,0,0,0,0,0,0,0,0,4,4,0,8,0
DSWAJXQA,23,0,2,20,1,0,9,0,1,8,0,0,14,0,1,12,1,0,3,0,0,2,1,0,9,14,3,23,0
FHC76YIA,19,3,7,11,4,0,13,3,5,8,3,0,6,0,2,3,1,0,3,0,0,3,0,0,16,6,3,22,0
ED8PHXOM,39,2,5,30,6,0,23,0,2,16,5,0,16,2,3,14,1,0,3,0,0,2,1,0,23,18,3,41,0
F4PBJQIH,28,0,4,24,0,0,5,0,0,5,0,0,23,0,4,19,0,0,2,0,1,1,0,0,5,23,2,28,0
BVSXVYLJ,1,0,1,0,0,0,0,0,0,0,0,0,1,0,1,0,0,0,0,0,0,0,0,0,0,1,0,1,0
96OIABRT,6,0,0,6,0,0,2,0,0,2,0,0,4,0,0,4,0,0,3,0,0,3,0,0,2,4,3,6,0
DG2XVBTI,34,3,1,33,3,0,11,2,0,13,0,0,23,1,1,20,3,0,1,0,0,1,0,0,13,24,1,37,0
5WEC1TRB,24,2,3,20,3,1,3,1,0,4,0,0,21,1,3,16,3,1,4,0,1,3,0,0,4,22,4,26,0
9EQES6YR,21,1,9,13,0,0,12,1,6,7,0,0,9,0,3,6,0,0,2,0,0,2,0,0,13,9,2,22,0
UBS1AR3B,32,0,4,28,0,0,11,0,0,11,0,0,21,0,4,17,0,0,2,0,0,2,0,0,11,21,2,32,0
KDHJE7FF,72,3,6,45,18,6,10,0,0,7,2,1,62,3,6,38,16,5,5,0,0,4,1,0,10,65,5,75,0
FLDM9BBL,59,3,5,29,26,2,10,0,0,3,7,0,49,3,5,26,19,2,6,0,2,4,0,0,10,52,6,62,0
WTXOPKHF,17,4,3,14,1,3,5,0,0,5,0,0,12,4,3,9,1,3,0,0,0,0,0,0,5,16,0,21,0
E49VMVB8,18,0,6,11,1,1,9,0,2,6,1,0,9,0,4,5,0,1,0,0,0,0,0,0,9,9,0,18,0
QCJ8T4DI,28,1,3,17,8,1,11,1,2,5,5,0,17,0,1,12,3,1,1,0,0,1,0,0,12,17,1,29,0
BSM3LDUS,16,1,4,13,0,0,12,1,3,10,0,0,4,0,1,3,0,0,0,0,0,0,0,0,13,4,0,17,0
I5JJSFC8,37,0,3,34,0,0,5,0,1,4,0,0,32,0,2,30,0,0,5,0,1,4,0,0,5,32,5,37,0
ECR8JZ42,46,13,4,28,7,19,6,0,1,4,0,1,40,13,3,24,7,18,10,8,0,10,2,5,6,53,18,59,0
S4BPL5UK,12,2,5,9,0,0,6,0,4,2,0,0,6,2,1,7,0,0,0,0,0,0,0,0,6,8,0,14,0
P5AFBO7V,42,1,11,32,0,0,11,0,4,7,0,0,31,1,7,25,0,0,2,0,0,2,0,0,11,32,2,43,0
NPZQFBBI,47,2,17,27,2,6,15,1,5,9,0,2,32,1,12,18,2,4,15,1,4,9,2,1,16,33,16,49,0
ASHIZX42,2,0,1,1,0,0,0,0,0,0,0,0,2,0,1,1,0,0,2,0,1,1,0,0,0,2,2,2,0
PRCSTC1G,84,0,16,65,3,1,12,0,4,8,0,0,72,0,12,57,3,1,17,0,5,10,2,1,12,72,17,84,0
O2YA91UY,98,8,25,68,13,0,29,2,7,21,3,0,69,6,18,47,10,0,16,0,6,8,2,0,31,75,16,106,0
VIMKITBG,112,26,11,95,32,0,43,11,4,41,9,0,69,15,7,54,23,0,5,0,1,4,0,0,54,84,5,138,0
SE7GIH8D,22,2,11,13,0,0,5,2,2,5,0,0,17,0,9,8,0,0,6,0,2,4,0,0,7,17,6,24,0
EZBOAQYA,22,3,5,12,8,0,10,1,2,5,4,0,12,2,3,7,4,0,2,0,1,1,0,0,11,14,2,25,0
PLFXVNBK,14,6,8,11,1,0,1,4,4,1,0,0,13,2,4,10,1,0,1,0,1,0,0,0,5,15,1,20,0
DWNLJZIX,47,6,13,31,6,3,8,0,1,6,1,0,39,6,12,25,5,3,7,2,3,5,1,0,8,45,9,53,0
BQKQUCO3,42,1,28,15,0,2,9,0,5,4,0,0,33,1,23,11,0,2,5,0,3,2,0,1,9,34,5,43,0
N3UAFGF6,42,0,6,34,2,0,19,0,4,13,2,0,23,0,2,21,0,0,2,0,2,0,0,0,19,23,2,42,0
LLOJ4E9Q,43,4,8,39,0,0,1,3,1,3,0,0,42,1,7,36,0,0,8,0,3,5,0,0,4,43,8,47,0
IJZNGBEB,18,0,2,12,4,0,9,0,1,6,2,0,9,0,1,6,2,0,2,0,0,1,1,0,9,9,2,18,0
7B1PQWXA,10,1,4,5,2,0,6,0,2,2,2,0,4,1,2,3,0,0,1,0,0,1,0,0,6,5,1,11,0
DF1SBTSE,62,0,23,38,1,0,17,0,3,14,0,0,45,0,20,24,1,0,10,0,4,6,0,0,17,45,10,62,0
KZPVRNBJ,8,5,5,7,1,0,5,0,4,1,0,0,3,5,1,6,1,0,0,0,0,0,0,0,5,8,0,13,0
OZNLCULE,7,0,3,2,2,0,3,0,0,1,2,0,4,0,3,1,0,0,0,0,0,0,0,0,3,4,0,7,0
YZGWVVLB,21,2,10,11,2,0,2,2,2,2,0,0,19,0,8,9,2,0,4,0,3,1,0,0,4,19,4,23,0
UGJB9OQF,111,22,46,85,2,1,42,13,24,30,1,0,69,9,22,55,1,1,10,1,5,6,0,1,55,78,11,133,0
4EOSMONJ,24,2,5,18,2,1,9,2,2,9,0,0,15,0,3,9,2,1,0,0,0,0,0,0,11,15,0,26,0
R7HTAEAE,21,3,5,17,2,0,13,1,5,8,1,0,8,2,0,9,1,0,2,2,0,4,0,0,14,10,4,24,0
SOCF68GF,133,22,33,102,20,0,50,7,17,32,8,0,83,15,16,70,12,0,9,0,2,7,0,0,57,98,9,155,0
LMTHCZYD,45,1,12,28,6,0,12,0,3,6,3,0,33,1,9,22,3,0,2,0,0,2,0,0,12,34,2,46,0
ZCMAVUZN,89,10,24,52,21,2,34,5,10,16,13,0,55,5,14,36,8,2,8,0,3,5,0,0,39,60,8,99,0
KFYQRGCE,46,7,12,35,6,3,20,7,5,19,3,3,26,0,7,16,3,0,7,0,0,5,2,0,27,26,7,53,0
EBBSUX2X,141,17,19,121,18,0,53,9,6,44,12,0,88,8,13,77,6,0,5,0,1,4,0,0,62,96,5,158,0
WQYUI1PA,70,20,40,48,2,6,27,14,22,18,1,5,43,6,18,30,1,1,5,1,2,4,0,0,41,49,6,90,0
U8QAJZAK,16,4,2,10,3,5,1,0,0,1,0,0,15,4,2,9,3,5,2,3,1,4,0,0,1,19,5,20,0
MJLNXFR1,31,1,15,17,0,1,15,1,9,7,0,0,16,0,6,10,0,1,4,0,2,2,0,0,16,16,4,32,0
CY6KLDVI,26,4,3,26,1,0,12,4,2,13,1,0,14,0,1,13,0,0,3,0,0,3,0,0,16,14,3,30,0
MOOHVVOT,57,13,10,46,14,0,25,7,5,19,8,0,32,6,5,27,6,0,6,0,1,5,0,0,32,38,6,70,0
CEAG68DL,13,0,1,11,1,0,8,0,0,7,1,0,5,0,1,4,0,0,2,0,0,2,0,0,8,5,2,13,0
T7IF31RN,26,0,22,4,0,0,7,0,6,1,0,0,19,0,16,3,0,0,4,0,2,2,0,0,7,19,4,26,0
VBY7R6JL,4,2,0,4,1,1,1,0,0,1,0,0,3,2,0,3,1,1,1,1,0,1,0,1,1,5,2,6,0
8TMQYD3C,12,0,1,11,0,0,2,0,0,2,0,0,10,0,1,9,0,0,0,0,0,0,0,0,2,10,0,12,0
FBCCVHBA,28,0,1,18,9,0,10,0,0,5,5,0,18,0,1,13,4,0,1,0,0,1,0,0,10,18,1,28,0
5LG3VNDO,39,3,10,29,3,1,9,2,3,8,0,0,30,1,7,21,3,1,5,0,1,3,1,0,11,31,5,42,0
KHO5VPIK,79,19,18,79,1,0,27,7,4,30,0,0,52,12,14,49,1,0,14,0,1,13,0,0,34,64,14,98,0
FSAWPNE2,125,17,45,91,6,2,46,8,23,29,2,0,79,9,22,62,4,2,12,0,4,8,0,0,54,88,12,142,0
N2RJEHZC,68,5,10,63,0,0,23,1,4,20,0,0,45,4,6,43,0,0,9,0,2,7,0,0,24,49,9,73,0
FXGMDVLF,51,3,12,42,0,0,13,1,4,10,0,0,38,2,8,32,0,0,6,0,1,5,0,0,14,40,6,54,0
1SRRVQ3G,21,2,4,17,2,0,7,1,2,5,1,0,14,1,2,12,1,0,2,0,0,2,0,0,8,15,2,23,0
NX9B1BPM,31,8,16,23,0,0,9,6,7,8,0,0,22,2,9,15,0,0,1,0,1,0,0,0,15,24,1,39,0
NKABVONX,30,10,2,26,8,4,8,1,1,7,1,0,22,9,1,19,7,4,4,4,0,6,2,0,9,31,8,40,0
Z7PJ1VON,4,0,1,3,0,0,1,0,0,1,0,0,3,0,1,2,0,0,1,0,0,1,0,0,1,3,1,4,0
AX7Z1JIZ,35,2,2,33,2,0,9,0,0,8,1,0,26,2,2,25,1,0,1,0,0,1,0,0,9,28,1,37,0
LRUIQTWM,58,2,19,41,0,0,20,2,9,13,0,0,38,0,10,28,0,0,7,0,4,3,0,0,22,38,7,60,0
UD7QUXCW,216,35,29,124,67,31,87,31,18,55,30,14,129,4,11,69,37,17,34,0,2,19,11,2,118,133,34,251,0
9OTS2PKJ,4,0,1,3,0,0,3,0,1,2,0,0,1,0,0,1,0,0,0,0,0,0,0,0,3,1,0,4,0
GHRSYKH1,57,2,15,37,1,6,21,0,8,8,1,4,36,2,7,29,0,2,16,0,2,14,0,0,21,38,16,59,0
SBGXPGQ4,85,12,17,67,13,0,29,8,5,27,5,0,56,4,12,40,8,0,5,1,2,3,1,0,37,60,6,97,0
8P7MWXVD,17,8,0,18,7,0,7,4,0,7,4,0,10,4,0,11,3,0,3,2,0,2,3,0,11,14,5,25,0
NVZUJXJW,51,21,5,56,11,0,40,19,5,44,10,0,11,2,0,12,1,0,1,0,0,1,0,0,59,13,1,72,0
CBINRB7W,59,1,21,37,2,1,27,1,10,16,2,1,32,0,11,21,0,0,2,0,1,1,0,0,28,32,2,60,0
JKY4RFZC,5,0,1,2,2,0,3,0,0,1,2,0,2,0,1,1,0,0,0,0,0,0,0,0,3,2,0,5,0
EQZK4NPO,14,1,4,11,0,0,7,1,1,7,0,0,7,0,3,4,0,0,1,0,1,0,0,0,8,7,1,15,0
E35VYO2C,9,1,3,5,2,0,1,1,0,1,1,0,8,0,3,4,1,0,2,0,0,1,1,0,2,8,2,10,1
UMXE9XC1,16,0,2,14,0,0,2,0,0,2,0,0,14,0,2,12,0,0,5,0,1,4,0,0,2,14,5,16,0
PJOGVSLC,12,5,3,14,0,0,4,2,2,4,0,0,8,3,1,10,0,0,1,0,0,1,0,0,6,11,1,17,0
EHT4NF5C,79,14,23,66,4,1,25,9,9,23,2,1,54,5,14,43,2,0,8,2,2,7,1,0,34,59,10,93,0
HVRDJWXH,8,1,5,4,0,0,6,1,4,3,0,0,2,0,1,1,0,0,0,0,0,0,0,0,7,2,0,9,0
P9DDCZCF,12,1,4,8,1,0,6,0,3,3,0,0,6,1,1,5,1,0,0,0,0,0,0,0,6,7,0,13,0
GYAJCQ2Z,7,0,0,4,1,2,2,0,0,0,1,1,5,0,0,4,0,1,0,0,0,0,0,0,2,5,0,7,0
JYL3GFYS,6,1,0,7,0,0,5,1,0,6,0,0,1,0,0,1,0,0,0,0,0,0,0,0,6,1,0,7,0
IS55EHF1,45,4,20,26,3,1,14,3,7,8,2,1,31,1,13,18,1,0,1,0,0,1,0,0,17,32,1,49,0
FZANECYL,8,0,1,7,0,0,5,0,0,5,0,0,3,0,1,2,0,0,0,0,0,0,0,0,5,3,0,8,0
ZQIK2EZM,1,0,0,1,0,0,0,0,0,0,0,0,1,0,0,1,0,0,1,0,0,1,0,0,0,1,1,1,0
HLIY5PJB,24,1,3,22,0,0,4,1,2,3,0,0,20,0,1,19,0,0,5,0,0,5,0,0,5,20,5,25,0
AGAYX9TT,10,0,1,5,4,0,3,0,1,0,2,0,7,0,0,5,2,0,4,0,0,3,1,0,3,7,4,10,0
JRWJTGZI,16,1,2,14,1,0,4,1,0,5,0,0,12,0,2,9,1,0,3,0,0,3,0,0,5,12,3,17,0
TGUYDPV2,29,0,13,14,0,2,8,0,4,4,0,0,21,0,9,10,0,2,1,0,0,1,0,0,8,21,1,29,0
ZWNOQILR,57,27,5,58,10,12,23,12,1,22,2,10,34,15,4,36,8,2,14,6,1,17,2,0,35,49,20,84,0
X3RI6BBG,13,1,9,5,0,0,4,1,4,1,0,0,9,0,5,4,0,0,0,0,0,0,0,0,5,9,0,14,0
S6ZPYVNF,94,0,12,82,0,0,15,0,0,15,0,0,79,0,12,67,0,0,16,0,3,13,0,0,15,79,16,94,0
23ADVM4E,21,4,4,18,3,0,3,1,0,4,0,0,18,3,4,14,3,0,1,0,0,1,0,0,4,21,1,25,0
IAZCWJ6A,18,1,1,18,0,0,3,0,0,3,0,0,15,1,1,15,0,0,1,0,0,1,0,0,3,16,1,19,0
S1OHBXL8,2,2,1,3,0,0,0,2,0,2,0,0,2,0,1,1,0,0,0,0,0,0,0,0,2,2,0,4,0
PF6KXG9C,93,22,14,72,29,1,46,5,9,29,13,1,47,17,5,43,16,0,0,0,0,0,0,0,51,64,0,115,0
BRDUCIIQ,79,16,22,66,6,1,20,1,4,16,1,0,59,15,18,50,5,1,5,0,1,4,0,0,21,74,5,95,0
WVUA9LH9,10,0,5,5,0,0,4,0,1,3,0,0,6,0,4,2,0,0,0,0,0,0,0,0,4,6,0,10,0
WTI4XHUL,1,0,0,1,0,0,1,0,0,1,0,0,0,0,0,0,0,0,0,0,0,0,0,0,1,0,0,1,0
TF79SOEJ,17,2,5,13,1,0,4,2,1,4,1,0,13,0,4,9,0,0,3,0,1,2,0,0,6,13,3,19,0
VWYHXXC8,3,0,0,3,0,0,1,0,0,1,0,0,2,0,0,2,0,0,1,0,0,1,0,0,1,2,1,3,0
MIKLUY18,36,0,7,28,0,1,11,0,3,7,0,1,25,0,4,21,0,0,6,0,0,6,0,0,11,25,6,36,0
ZCHZMKRA,22,7,8,17,4,0,9,6,5,6,4,0,13,1,3,11,0,0,2,0,0,2,0,0,15,14,2,29,0
IRJYJOTR,7,0,3,3,1,0,4,0,2,2,0,0,3,0,1,1,1,0,0,0,0,0,0,0,4,3,0,7,0
OVA4LRTE,12,1,3,9,1,0,0,0,0,0,0,0,12,1,3,9,1,0,10,0,3,7,0,0,0,13,10,13,0
ZEDD7LZN,108,25,39,86,8,0,57,13,23,45,2,0,51,12,16,41,6,0,3,1,2,2,0,0,70,63,4,133,0
ZB6DKDLL,77,23,34,58,7,8,56,23,29,42,7,8,21,0,5,16,0,0,2,0,0,2,0,0,79,21,2,100,0
JXLN47EG,44,5,12,37,0,0,24,0,8,16,0,0,20,5,4,21,0,0,5,0,0,5,0,0,24,25,5,49,0
HNWIFCO8,9,0,1,6,2,0,5,0,1,2,2,0,4,0,0,4,0,0,0,0,0,0,0,0,5,4,0,9,0
UDGBKODP,20,3,9,11,3,2,8,3,2,8,1,0,12,0,7,3,2,2,4,0,2,2,0,1,11,12,4,23,0
LRYL1KGB,37,0,5,31,1,0,6,0,2,3,1,0,31,0,3,28,0,0,3,0,0,3,0,0,6,31,3,37,0
E2AFBIBR,7,7,4,10,0,1,3,0,0,3,0,0,4,7,4,7,0,1,2,0,0,2,0,0,3,11,2,14,0
SHEYTP5I,29,4,2,18,6,7,12,4,0,3,6,7,17,0,2,15,0,0,0,0,0,0,0,0,16,17,0,33,0
K7WLLKPP,52,0,3,39,10,0,26,0,2,16,8,0,26,0,1,23,2,0,4,0,1,3,0,0,26,26,4,52,0
XIN5S9ET,58,1,18,41,0,0,19,0,10,9,0,0,39,1,8,32,0,0,3,0,1,2,0,0,19,40,3,59,0
KORUA7TB,40,4,2,41,1,0,20,3,2,20,1,0,20,1,0,21,0,0,3,0,0,3,0,0,23,21,3,44,0
LHGSDY23,27,4,5,15,4,7,14,1,3,6,3,3,13,3,2,9,1,4,1,3,0,0,0,4,15,16,4,31,0
MJFHEG9C,14,6,1,14,5,0,8,4,1,10,1,0,6,2,0,4,4,0,0,0,0,0,0,0,12,8,0,20,0
NTGB2WGK,44,0,22,22,0,0,13,0,4,9,0,0,31,0,18,13,0,0,5,0,3,2,0,0,13,31,5,44,0
WFQKOJPM,385,138,55,194,157,117,163,70,17,86,78,54,222,68,38,108,79,63,48,13,2,20,17,21,233,290,61,523,0
4DCZ3MZO,78,13,45,45,1,1,53,9,36,25,1,0,25,4,9,20,0,1,1,1,2,0,0,0,62,29,2,91,0
5ZBY8LMA,5,0,4,0,1,0,1,0,0,0,1,0,4,0,4,0,0,0,0,0,0,0,0,0,1,4,0,5,0
IODVILOV,45,0,11,28,6,0,7,0,3,3,1,0,38,0,8,25,5,0,7,0,2,5,0,0,7,38,7,45,0
FUUZGPXA,10,0,6,4,0,0,1,0,0,1,0,0,9,0,6,3,0,0,1,0,0,1,0,0,1,9,1,10,0
X46P5Q96,26,2,2,26,0,0,14,2,1,15,0,0,12,0,1,11,0,0,0,0,0,0,0,0,16,12,0,28,0
WTNKGL6T,29,2,11,20,0,0,10,2,4,8,0,0,19,0,7,12,0,0,3,0,1,2,0,0,12,19,3,31,0
UTK4NHVD,3,1,1,3,0,0,1,0,0,1,0,0,2,1,1,2,0,0,0,0,0,0,0,0,1,3,0,4,0
WYMJFG3T,4,5,0,8,1,0,1,1,0,2,0,0,3,4,0,6,1,0,0,0,0,0,0,0,2,7,0,9,0
RFQYPX8P,73,8,10,70,1,0,24,6,2,28,0,0,49,2,8,42,1,0,9,0,1,7,1,0,30,51,9,81,0
3YCZEJOS,0,1,1,0,0,0,0,0,0,0,0,0,0,1,1,0,0,0,0,0,0,0,0,0,0,1,0,1,0
VRQYURNW,2,3,2,2,1,0,1,0,0,0,1,0,1,3,2,2,0,0,0,1,0,1,0,0,1,4,1,5,0
XHUR9JNU,8,3,2,8,1,0,4,2,1,5,0,0,4,1,1,3,1,0,0,0,0,0,0,0,6,5,0,11,0
CD51GC3A,27,9,1,25,10,0,10,5,0,10,5,0,17,4,1,15,5,0,3,0,0,3,0,0,15,21,3,36,0
TUXXDDK4,102,12,20,75,18,1,21,2,8,13,2,0,81,10,12,62,16,1,17,0,1,14,1,1,23,91,17,114,0
WVVEB3XU,19,1,1,9,10,0,5,1,0,3,3,0,14,0,1,6,7,0,0,0,0,0,0,0,6,14,0,20,0
PWH41WGN,31,2,5,14,14,0,9,1,4,2,4,0,22,1,1,12,10,0,1,0,0,0,1,0,10,23,1,33,0
LQU4A7CZ,41,1,12,30,0,1,9,0,3,6,0,1,32,1,9,24,0,0,6,0,2,4,0,0,9,33,6,42,0
FXQ2XCB9,40,9,6,35,7,1,26,5,6,19,5,1,14,4,0,16,2,0,1,0,0,1,0,0,31,18,1,49,0
UUMHKQE6,43,0,4,34,5,0,17,0,4,11,2,0,26,0,0,23,3,0,3,0,0,2,1,0,17,26,3,43,0
RBC5WAM9,26,4,15,15,0,0,7,4,7,4,0,0,19,0,8,11,0,0,4,0,2,2,0,0,11,19,4,30,0
BNL54SY2,31,3,9,18,7,0,13,2,8,4,3,0,18,1,1,14,4,0,3,0,1,2,0,0,15,19,3,34,0
QFUHHZYA,90,15,8,89,8,0,40,13,8,44,1,0,50,2,0,45,7,0,2,0,0,2,0,0,53,52,2,105,0
KQSX8ES7,15,2,5,12,0,0,4,1,2,3,0,0,11,1,3,9,0,0,0,0,0,0,0,0,5,12,0,17,0
GSOA8BW1,70,0,17,46,7,1,22,0,8,11,3,0,48,0,9,35,4,1,5,0,2,2,1,1,22,48,5,70,0
PMOLOQBZ,1,1,0,2,0,0,1,0,0,1,0,0,0,1,0,1,0,0,0,0,0,0,0,0,1,1,0,2,0
AAXQUFSR,6,0,0,6,0,0,4,0,0,4,0,0,2,0,0,2,0,0,0,0,0,0,0,0,4,2,0,6,0
KSEF96R7,76,5,19,45,15,2,22,1,4,14,5,0,54,4,15,31,10,2,5,0,2,3,0,0,23,58,5,81,0
NK1KJS7V,77,10,12,62,13,0,28,5,3,21,9,0,49,5,9,41,4,0,10,0,1,8,1,0,33,54,10,87,0
U6BO3WNP,61,0,20,40,1,0,30,0,11,19,0,0,31,0,9,21,1,0,3,0,0,2,1,0,30,31,3,61,0
Z9ORALHE,53,2,5,26,23,1,11,1,2,5,5,0,42,1,3,21,18,1,5,0,1,3,1,0,12,43,5,55,0
M3SCV9BL,82,4,12,69,5,0,22,1,3,19,1,0,60,3,9,50,4,0,7,0,0,4,3,0,23,63,7,86,0
6S3IZTEK,32,3,10,25,0,0,10,1,6,5,0,0,22,2,4,20,0,0,2,0,0,2,0,0,11,24,2,35,0
LRJCNJX7,18,2,0,20,0,0,9,2,0,11,0,0,9,0,0,9,0,0,1,0,0,1,0,0,11,9,1,20,0
QWQLLAXI,10,0,1,5,2,2,4,0,0,1,2,1,6,0,1,4,0,1,2,0,1,1,0,0,4,6,2,10,1
KRBLWU8Q,23,7,13,17,0,0,5,0,4,1,0,0,18,7,9,16,0,0,2,0,0,2,0,0,5,25,2,30,0
HYK1MK5R,135,14,16,93,37,3,44,7,8,21,19,3,91,7,8,72,18,0,7,0,0,6,1,0,51,98,7,149,0
OMF2XOJ6,49,7,7,37,11,1,37,7,6,27,10,1,12,0,1,10,1,0,3,0,0,3,0,0,44,12,3,56,0
BJ1SJVTH,23,3,10,16,0,0,4,3,3,4,0,0,19,0,7,12,0,0,4,0,3,1,0,0,7,19,4,26,0
76ZATUV9,11,0,0,10,1,0,3,0,0,3,0,0,8,0,0,7,1,0,0,0,0,0,0,0,3,8,0,11,0
ES1IKYA4,24,3,13,14,0,0,8,3,6,5,0,0,16,0,7,9,0,0,3,0,1,2,0,0,11,16,3,27,0
OAKH9ICM,3,2,0,3,2,0,1,2,0,2,1,0,2,0,0,1,1,0,0,0,0,0,0,0,3,2,0,5,0
SUXQSBI8,6,0,1,4,1,0,2,0,0,1,1,0,4,0,1,3,0,0,1,0,0,1,0,0,2,4,1,6,0
EMULOV7Z,5,0,0,5,0,0,3,0,0,3,0,0,2,0,0,2,0,0,1,0,0,1,0,0,3,2,1,5,0
SWXTRYUE,5,0,1,4,0,0,1,0,0,1,0,0,4,0,1,3,0,0,1,0,0,1,0,0,1,4,1,5,0
LKTNIWGQ,36,0,18,18,0,0,6,0,4,2,0,0,30,0,14,16,0,0,7,0,2,5,0,0,6,30,7,36,0
VANLXQ34,19,1,15,5,0,0,3,0,3,0,0,0,16,1,12,5,0,0,4,0,3,1,0,0,3,17,4,20,0
AXDHXIMX,15,1,2,14,0,0,6,0,2,4,0,0,9,1,0,10,0,0,2,0,0,2,0,0,6,10,2,16,0
NNS2BR4G,25,1,10,14,2,1,6,0,2,4,0,0,19,1,8,10,2,1,1,0,0,1,0,0,6,20,1,26,0
JAFVQBFY,47,1,6,41,1,0,18,1,2,16,1,0,29,0,4,25,0,0,3,0,2,1,0,0,19,29,3,48,0
KNMRMLEL,36,4,3,31,5,1,5,4,0,6,2,1,31,0,3,25,3,0,4,0,0,4,0,0,9,31,4,40,0
DNMKUQMM,52,3,5,49,1,0,14,0,2,11,1,0,38,3,3,38,0,0,1,0,0,1,0,0,14,41,1,55,0
U9YQWIWD,96,9,28,56,6,17,24,5,6,11,1,11,72,4,22,45,5,6,12,0,4,8,0,1,29,76,12,105,0
E4YQFMPJ,3,1,0,3,1,0,2,1,0,2,1,0,1,0,0,1,0,0,0,0,0,0,0,0,3,1,0,4,0
IGTQ1QKF,1,0,0,1,0,0,0,0,0,0,0,0,1,0,0,1,0,0,0,0,0,0,0,0,0,1,0,1,0
URJV8Z1S,15,4,0,14,2,3,6,0,0,6,0,0,9,4,0,8,2,3,1,0,0,1,0,0,6,13,1,19,0
Z26MK5RD,18,9,7,19,1,0,12,8,7,12,1,0,6,1,0,7,0,0,4,0,0,4,0,0,20,7,4,27,0
YMJ1BXRA,2,0,1,1,0,0,1,0,1,0,0,0,1,0,0,1,0,0,1,0,0,1,0,0,1,1,1,2,0
N625IRFV,17,3,3,17,0,0,2,3,1,4,0,0,15,0,2,13,0,0,7,0,2,5,0,0,5,15,7,20,0
DVXKWYZE,48,3,10,39,2,0,25,3,5,21,2,0,23,0,5,18,0,0,4,0,1,3,0,0,28,23,4,51,0
SSYNCPKN,37,0,11,26,0,0,9,0,4,5,0,0,28,0,7,21,0,0,5,0,1,4,0,0,9,28,5,37,0
BIG85COZ,32,3,5,29,1,0,6,3,2,7,0,0,26,0,3,22,1,0,6,0,0,6,0,0,9,26,6,35,0
ME1MRXYD,40,3,5,37,1,0,12,2,0,14,0,0,28,1,5,23,1,0,2,0,0,2,0,0,14,29,2,43,0
V57UERYX,17,0,2,14,1,0,9,0,1,8,0,0,8,0,1,6,1,0,1,0,0,1,0,0,9,8,1,17,0
1MGQOMM8,48,6,6,37,6,5,9,2,0,8,2,1,39,4,6,29,4,4,15,4,2,12,1,4,11,43,19,54,0
AEE5HYFW,2,0,2,0,0,0,2,0,2,0,0,0,0,0,0,0,0,0,0,0,0,0,0,0,2,0,0,2,0
F7NRPLYA,40,3,10,33,0,0,15,0,5,10,0,0,25,3,5,23,0,0,6,0,2,4,0,0,15,28,6,43,0
ENLFZVFB,4,0,2,2,0,0,1,0,0,1,0,0,3,0,2,1,0,0,0,0,0,0,0,0,1,3,0,4,0
WHE63HBN,10,0,5,5,0,0,2,0,2,0,0,0,8,0,3,5,0,0,2,0,0,2,0,0,2,8,2,10,0
K4HXUNID,7,1,2,6,0,0,3,0,2,1,0,0,4,1,0,5,0,0,0,0,0,0,0,0,3,5,0,8,0
UDVCS2QJ,37,0,2,35,0,0,11,0,0,11,0,0,26,0,2,24,0,0,5,0,0,5,0,0,11,26,5,37,0
NBUDWLLE,15,2,2,11,3,1,5,0,1,1,2,1,10,2,1,10,1,0,2,1,0,3,0,0,5,12,3,17,0
IOJ9Y58H,10,2,6,5,0,0,6,2,6,2,0,0,4,0,0,3,0,0,1,0,0,1,0,0,8,4,1,12,0
NUP7IAB5,13,0,5,8,0,0,5,0,1,4,0,0,8,0,4,4,0,0,2,0,1,1,0,0,5,8,2,13,0
MIPYZ6I6,28,2,5,23,2,1,5,2,0,7,0,0,23,0,5,16,2,1,2,0,1,1,0,0,7,23,2,30,0
TDWSWXAV,31,2,6,19,8,0,13,1,1,7,6,0,18,1,5,12,2,0,0,0,0,0,0,0,14,19,0,33,0
NAZYGYAA,13,1,8,6,0,1,6,1,3,4,0,0,7,0,5,2,0,1,2,0,1,1,0,0,7,7,2,14,0
UXWAHLIN,43,5,18,29,1,0,21,4,7,17,1,0,22,1,11,12,0,0,2,0,1,1,0,0,25,23,2,48,0
1TUGJRBF,2,0,0,2,0,0,0,0,0,0,0,0,2,0,0,2,0,0,2,0,0,2,0,0,0,2,2,2,0
KUXHCFDC,11,0,5,6,0,0,3,0,1,2,0,0,8,0,4,4,0,0,0,0,0,0,0,0,3,8,0,11,0
YOKKMEYK,48,8,6,3,4,44,27,6,4,3,4,22,21,2,2,0,0,22,0,0,0,0,0,0,33,23,0,56,0
FQ7ZL7E6,29,4,8,18,7,0,16,2,2,10,6,0,13,2,6,8,1,0,2,0,1,1,0,0,18,15,2,33,0
KYJ217BG,34,1,3,29,3,0,11,0,1,7,3,0,23,1,2,22,0,0,6,0,1,5,0,0,11,24,6,35,0
NWVRV5SL,6,0,0,4,2,0,4,0,0,4,0,0,2,0,0,0,2,0,0,0,0,0,0,0,4,2,0,6,0
FE6MYYNK,61,4,15,45,5,2,20,4,4,20,0,1,41,0,11,25,5,1,6,0,1,5,0,0,24,41,6,65,0
WLFULSCB,4,1,1,3,1,0,2,0,1,1,0,0,2,1,0,2,1,0,0,0,0,0,0,0,2,3,0,5,0
IDDDVGWC,20,6,1,20,2,3,3,0,0,2,1,0,17,6,1,18,1,3,9,0,0,9,0,0,3,23,9,26,0
A1DLOCNE,20,0,6,14,0,0,5,0,1,4,0,0,15,0,5,10,0,0,2,0,2,0,0,0,5,15,2,20,0
OPDBSMN5,68,15,7,64,12,0,44,15,6,42,11,0,24,0,1,22,1,0,2,0,0,2,0,0,59,24,2,83,1
DLQBFJHZ,23,1,5,18,1,0,10,1,2,8,1,0,13,0,3,10,0,0,2,0,0,2,0,0,11,13,2,24,0
DWWEVFIX,63,9,13,48,7,4,16,4,1,16,0,3,47,5,12,32,7,1,5,1,1,5,0,0,20,52,6,72,0
8DGEYUPT,40,0,20,20,0,0,6,0,3,3,0,0,34,0,17,17,0,0,9,0,3,6,0,0,6,34,9,40,0
OUGZPIEN,36,2,10,28,0,0,16,0,3,13,0,0,20,2,7,15,0,0,3,0,2,1,0,0,16,22,3,38,0
K9AZ2KK4,18,0,7,9,2,1,8,0,4,3,1,0,10,0,3,6,1,1,4,0,1,3,0,0,8,10,4,18,0
OUQU3PNB,27,2,8,21,0,0,11,0,3,8,0,0,16,2,5,13,0,0,1,0,1,0,0,0,11,18,1,29,0
HSZBGVG3,124,10,26,83,25,0,34,3,6,19,12,0,90,7,20,64,13,0,18,0,2,13,3,0,37,97,18,134,0
BZCBJEGE,1,0,0,1,0,0,0,0,0,0,0,0,1,0,0,1,0,0,0,0,0,0,0,0,0,1,0,1,0
LCZ1V1M9,28,0,7,18,2,1,9,0,1,7,1,0,19,0,6,11,1,1,4,0,1,3,0,0,9,19,4,28,0
7FEKKBUD,36,0,11,24,1,0,4,0,2,2,0,0,32,0,9,22,1,0,4,0,0,4,0,0,4,32,4,36,0
EHILTYCH,99,16,19,88,8,2,15,4,6,13,0,0,84,12,13,75,8,2,15,3,2,11,5,1,19,96,18,115,0
QVTOTFDR,1,0,0,1,0,0,0,0,0,0,0,0,1,0,0,1,0,0,0,0,0,0,0,0,0,1,0,1,0
7QUAPITC,133,8,33,104,4,0,50,4,16,38,0,0,83,4,17,66,4,0,18,1,2,15,2,0,54,87,19,141,0
QHIDLJF1,97,11,7,75,16,10,19,4,2,19,1,1,78,7,5,56,15,9,7,2,0,7,1,1,23,85,9,108,0
99FJUJOJ,37,1,15,22,1,0,12,1,3,9,1,0,25,0,12,13,0,0,7,0,3,4,0,0,13,25,7,38,0
NDFVCDON,69,3,8,54,10,1,31,3,2,25,7,0,38,0,6,29,3,1,6,0,0,6,0,0,34,38,6,72,0
SEP4K1BY,11,3,1,10,3,0,5,3,0,7,1,0,6,0,1,3,2,0,1,0,1,0,0,0,8,6,1,14,1
T5QCIBVO,50,0,3,41,6,0,12,0,1,11,0,0,38,0,2,30,6,0,6,0,1,5,0,0,12,38,6,50,0
WRWX7XCN,29,1,10,17,3,0,24,1,8,14,3,0,5,0,2,3,0,0,0,0,0,0,0,0,25,5,0,30,0
DMOL5JLV,21,2,2,20,1,0,7,1,1,7,0,0,14,1,1,13,1,0,5,0,0,5,0,0,8,15,5,23,0
FOBTJPYZ,10,0,3,7,0,0,1,0,0,1,0,0,9,0,3,6,0,0,2,0,1,1,0,0,1,9,2,10,0
X7LVTSTV,12,0,3,9,0,0,4,0,1,3,0,0,8,0,2,6,0,0,2,0,1,1,0,0,4,8,2,12,0
6NMP7WXX,43,0,14,29,0,0,16,0,6,10,0,0,27,0,8,19,0,0,4,0,2,2,0,0,16,27,4,43,0
YMMIBVTY,8,1,0,7,1,1,6,0,0,6,0,0,2,1,0,1,1,1,1,0,0,0,1,0,6,3,1,9,0
WBCWZV5G,34,2,10,22,4,0,13,2,2,11,2,0,21,0,8,11,2,0,3,0,2,1,0,0,15,21,3,36,0
Z7EZRZOK,24,0,5,18,1,0,5,0,2,3,0,0,19,0,3,15,1,0,5,0,2,2,1,0,5,19,5,24,0
F9UAHZVZ,62,2,13,45,6,0,22,1,5,18,0,0,40,1,8,27,6,0,2,0,1,1,0,0,23,41,2,64,0
QPCI2IRY,46,0,12,34,0,1,12,0,3,9,0,0,34,0,9,25,0,1,7,0,2,5,0,0,12,34,7,46,0
ZBV1KMKM,52,1,8,44,1,0,23,1,6,17,1,0,29,0,2,27,0,0,3,0,0,3,0,0,24,29,3,53,0
T5JEU9GB,112,13,27,82,15,1,31,8,6,26,7,0,81,5,21,56,8,1,18,2,9,10,1,0,39,86,20,125,0
BCLWRKS5,40,1,10,29,2,0,10,0,1,8,1,0,30,1,9,21,1,0,5,0,0,5,0,0,10,31,5,41,0
W7S2NO7P,29,0,7,22,0,1,4,0,4,0,0,1,25,0,3,22,0,0,3,0,0,3,0,0,4,25,3,29,0
IGMKU5CB,65,6,5,63,3,0,16,2,2,14,2,0,49,4,3,49,1,0,6,0,0,6,0,0,18,53,6,71,0
MLCWD4BB,45,2,16,31,0,0,20,2,4,18,0,0,25,0,12,13,0,0,7,0,4,3,0,0,22,25,7,47,0
HGASYVDZ,120,9,27,87,13,3,35,0,9,23,3,0,85,9,18,64,10,3,16,2,5,9,4,1,35,94,18,129,0
G4ZZNRJM,7,3,0,9,1,0,2,2,0,4,0,0,5,1,0,5,1,0,0,0,0,0,0,0,4,6,0,10,0
3ZVBADV5,20,0,4,12,4,0,7,0,3,4,0,0,13,0,1,8,4,0,0,0,0,0,0,0,7,13,0,20,0
BBKOJP3E,7,0,0,7,0,0,2,0,0,2,0,0,5,0,0,5,0,0,1,0,0,1,0,0,2,5,1,7,0
VUNJMUXZ,97,0,11,84,2,0,26,0,2,24,0,0,71,0,9,60,2,0,13,0,1,12,0,0,26,71,13,97,0
E7FZSOXQ,13,1,0,14,0,0,2,0,0,2,0,0,11,1,0,12,0,0,2,1,0,3,0,0,2,12,3,14,0
DT3X2Z2M,17,5,2,14,2,4,6,1,0,6,0,1,11,4,2,8,2,3,6,3,1,3,2,3,7,15,9,22,0
JTA64NUU,12,0,7,4,1,0,1,0,1,0,0,0,11,0,6,4,1,0,1,0,1,0,0,0,1,11,1,12,0
KJILNERW,9,0,4,5,0,0,3,0,2,1,0,0,6,0,2,4,0,0,0,0,0,0,0,0,3,6,0,9,0
RKM6DRGG,78,2,12,61,7,0,28,1,5,20,4,0,50,1,7,41,3,0,9,0,0,9,0,0,29,51,9,80,0
YM16NXYX,3,0,2,1,0,0,1,0,0,1,0,0,2,0,2,0,0,0,0,0,0,0,0,0,1,2,0,3,0
JXKJNQXJ,50,7,11,24,9,15,5,0,1,4,0,0,45,7,10,20,9,15,39,6,9,15,8,15,5,52,45,57,0
D6ABZQGS,24,1,4,21,0,0,6,0,0,6,0,0,18,1,4,15,0,0,4,0,0,4,0,0,6,19,4,25,0
MH8Z3NAI,13,5,5,8,3,2,4,1,1,3,1,0,9,4,4,5,2,2,5,3,2,2,2,2,5,13,8,18,0
RRZINQD6,73,4,12,55,8,2,23,1,1,15,6,2,50,3,11,40,2,0,5,0,1,4,0,0,24,53,5,77,0
RZV4YHYC,45,1,7,39,0,0,14,0,3,11,0,0,31,1,4,28,0,0,4,1,0,5,0,0,14,32,5,46,0
CEUZ2GKJ,18,0,7,11,0,0,3,0,0,3,0,0,15,0,7,8,0,0,2,0,0,2,0,0,3,15,2,18,0
QM6CDN2I,28,3,6,25,0,0,11,2,3,10,0,0,17,1,3,15,0,0,2,0,0,2,0,0,13,18,2,31,0
7GFNEXKN,40,0,7,32,1,0,19,0,4,15,0,0,21,0,3,17,1,0,3,0,1,1,1,0,19,21,3,40,1
FECFPOFW,88,5,3,67,20,3,39,3,1,31,8,2,49,2,2,36,12,1,0,0,0,0,0,0,42,51,0,93,0
QTYOMRQ8,5,0,0,5,0,0,3,0,0,3,0,0,2,0,0,2,0,0,0,0,0,0,0,0,3,2,0,5,0
77CZQIK7,16,0,4,11,1,0,9,0,2,6,1,0,7,0,2,5,0,0,2,0,1,1,0,0,9,7,2,16,0
CUZJHIWV,4,1,1,4,0,0,3,1,0,4,0,0,1,0,1,0,0,0,0,0,0,0,0,0,4,1,0,5,0
TIZIHXJF,10,2,2,10,0,0,5,0,0,5,0,0,5,2,2,5,0,0,3,1,1,3,0,0,5,7,4,12,0
YNN5B9IY,76,3,22,57,0,0,27,3,9,21,0,0,49,0,13,36,0,0,3,0,1,2,0,0,30,49,3,79,0
65U48HRJ,16,13,9,12,6,2,7,13,8,9,3,0,9,0,1,3,3,2,2,0,0,2,0,0,20,9,2,29,0
HIUGICDB,37,1,4,33,0,2,8,1,0,9,0,0,29,0,4,24,0,2,8,0,0,7,0,1,9,29,8,38,0
YAWBPTVZ,6,0,2,4,0,0,1,0,0,1,0,0,5,0,2,3,0,0,0,0,0,0,0,0,1,5,0,6,0
LX1FNLNU,21,1,13,9,0,1,11,1,7,5,0,1,10,0,6,4,0,0,1,0,1,0,0,0,12,10,1,22,0
RASJOXQJ,55,3,10,41,7,1,20,3,2,15,6,0,35,0,8,26,1,1,3,0,2,1,0,1,23,35,3,58,0
5B63B5KK,66,10,12,49,11,4,19,5,6,15,3,0,47,5,6,34,8,4,3,0,0,3,0,0,24,52,3,76,0
F1NHTSZD,139,21,16,76,39,28,40,12,2,19,15,15,99,9,14,57,24,13,13,0,3,8,2,0,52,108,13,160,0
ZH3PGJPE,21,0,5,12,4,0,3,0,1,2,0,0,18,0,4,10,4,0,1,0,0,1,0,0,3,18,1,21,0
RAM7KUD1,84,6,19,66,5,1,25,1,9,15,2,1,59,5,10,51,3,0,9,0,2,7,0,0,26,64,9,90,0
XQ6IVREW,33,7,0,24,16,0,17,0,0,12,5,0,16,7,0,12,11,0,1,0,0,1,0,0,17,23,1,40,0
OCMLFWRW,72,22,10,62,15,7,25,11,1,23,8,4,47,11,9,39,7,3,9,1,0,9,1,0,36,58,10,94,0
LJ42LLEZ,73,7,6,72,2,0,33,5,2,34,2,0,40,2,4,38,0,0,3,0,1,2,0,0,38,42,3,80,0
L4FITB55,14,2,3,13,0,0,7,2,2,7,0,0,7,0,1,6,0,0,1,0,0,1,0,0,9,7,1,16,0
R6EBGW8V,3,3,0,5,0,1,0,0,0,0,0,0,3,3,0,5,0,1,0,0,0,0,0,0,0,6,0,6,0
HF6HUDUF,79,13,4,69,17,3,26,4,1,16,11,2,53,9,3,53,6,1,1,0,0,1,0,0,30,62,1,92,0
UNPXGSQA,113,23,23,102,11,0,44,13,10,42,5,0,69,10,13,60,6,0,8,0,1,7,0,0,57,79,8,136,0
NCXIYSDZ,2,0,1,1,0,0,0,0,0,0,0,0,2,0,1,1,0,0,1,0,1,0,0,0,0,2,1,2,0
4UNMRKZS,33,8,11,29,1,1,24,5,10,18,1,1,9,3,1,11,0,0,0,0,0,0,0,0,29,12,0,41,0
ORX42YAB,16,0,4,12,0,0,4,0,0,4,0,0,12,0,4,8,0,0,1,0,0,1,0,0,4,12,1,16,0
JZ53FDQ7,5,2,1,6,0,0,2,2,1,3,0,0,3,0,0,3,0,0,0,0,0,0,0,0,4,3,0,7,0
JMELAVQC,76,5,18,57,6,1,17,1,5,12,1,0,59,4,13,45,5,1,5,0,0,5,0,0,18,63,5,81,0
FWKWEGDL,32,10,5,37,0,0,12,6,2,16,0,0,20,4,3,21,0,0,0,0,0,0,0,0,18,24,0,42,0
VXPKUCG1,21,3,0,18,5,1,10,2,0,8,3,1,11,1,0,10,2,0,0,1,0,1,0,0,12,12,1,24,0
5S8XJORH,7,1,2,4,2,0,4,0,0,3,1,0,3,1,2,1,1,0,0,0,0,0,0,0,4,4,0,8,0
JOTIDDXB,28,10,0,26,8,4,10,3,0,8,5,0,18,7,0,18,3,4,0,0,0,0,0,0,13,25,0,38,0
RBID3UHY,2,0,0,2,0,0,0,0,0,0,0,0,2,0,0,2,0,0,0,0,0,0,0,0,0,2,0,2,0
XESMKOJL,16,1,0,15,2,0,10,1,0,10,1,0,6,0,0,5,1,0,2,0,0,2,0,0,11,6,2,17,1
RQGYCKBI,35,1,8,28,0,1,10,0,0,10,0,0,25,1,8,18,0,1,1,0,0,1,0,0,10,26,1,36,0
A6A9HOMD,38,0,20,18,0,0,7,0,4,3,0,0,31,0,16,15,0,0,4,0,2,2,0,0,7,31,4,38,0
MHZRYAI3,32,4,8,28,0,1,8,0,1,7,0,1,24,4,7,21,0,0,5,0,0,5,0,0,8,28,5,36,0
KJMIX48I,14,4,0,11,4,3,1,4,0,4,1,0,13,0,0,7,3,3,1,0,0,1,0,0,5,13,1,18,0
GKXANPYC,52,2,12,41,1,0,14,1,3,12,0,0,38,1,9,29,1,0,2,0,1,1,0,0,15,39,2,54,0
MLFLFXKN,49,2,18,31,2,1,11,1,4,7,1,0,38,1,14,24,1,1,8,0,0,8,0,0,12,39,8,51,0
LTYZ1OVD,19,1,1,19,0,0,5,0,0,5,0,0,14,1,1,14,0,0,5,0,1,4,0,0,5,15,5,20,0
VFNSJLCL,0,3,3,0,0,0,0,3,3,0,0,0,0,0,0,0,0,0,0,0,0,0,0,0,3,0,0,3,0
CY7NLR1U,33,1,12,22,0,0,10,0,2,8,0,0,23,1,10,14,0,0,1,0,0,1,0,0,10,24,1,34,0
WKXKNUDV,2,1,0,2,1,0,0,1,0,1,0,0,2,0,0,1,1,0,2,0,0,1,1,0,1,2,2,3,0
NQPRWW5K,3,0,2,1,0,0,2,0,2,0,0,0,1,0,0,1,0,0,0,0,0,0,0,0,2,1,0,3,0
TSA2XMYR,24,1,3,18,4,0,6,0,2,4,0,0,18,1,1,14,4,0,1,0,0,1,0,0,6,19,1,25,0
EJEKGJTS,6,0,0,6,0,0,2,0,0,2,0,0,4,0,0,4,0,0,0,0,0,0,0,0,2,4,0,6,0
QJRHULBO,9,0,0,9,0,0,2,0,0,2,0,0,7,0,0,7,0,0,5,0,0,5,0,0,2,7,5,9,0
VTSZOKPQ,5,1,0,5,1,0,0,0,0,0,0,0,5,1,0,5,1,0,1,0,0,0,1,0,0,6,1,6,0
JJSK2JHG,27,0,10,17,0,0,1,0,1,0,0,0,26,0,9,17,0,0,8,0,4,4,0,0,1,26,8,27,0
J7VMIDJS,9,0,1,8,0,0,0,0,0,0,0,0,9,0,1,8,0,0,1,0,1,0,0,0,0,9,1,9,0
MQLGDZVK,57,19,14,62,0,0,32,9,11,30,0,0,25,10,3,32,0,0,12,0,0,12,0,0,41,35,12,76,0
DY5C4VRI,2,1,0,3,0,0,0,0,0,0,0,0,2,1,0,3,0,0,2,1,0,3,0,0,0,3,3,3,0
YOF3YAQA,27,0,11,16,0,0,4,0,2,2,0,0,23,0,9,14,0,0,6,0,5,1,0,0,4,23,6,27,0
A6BK8CQZ,123,4,31,94,2,0,29,1,6,23,1,0,94,3,25,71,1,0,16,2,4,14,0,0,30,97,18,127,0
KISPMUQQ,25,1,5,10,8,3,10,1,3,1,4,3,15,0,2,9,4,0,0,0,0,0,0,0,11,15,0,26,0
UQWRJMV9,14,0,6,8,0,0,5,0,2,3,0,0,9,0,4,5,0,0,1,0,1,0,0,0,5,9,1,14,0
KNIAUBHJ,6,0,0,4,1,1,0,0,0,0,0,0,6,0,0,4,1,1,2,0,0,1,0,1,0,6,2,6,0
BM9RMF7R,91,5,9,69,17,1,38,4,5,25,11,1,53,1,4,44,6,0,7,0,1,6,0,0,42,54,7,96,0
SZVP7JIO,21,2,6,17,0,0,8,1,2,7,0,0,13,1,4,10,0,0,2,0,2,0,0,0,9,14,2,23,0
NE9KA1NM,11,1,0,12,0,0,5,0,0,5,0,0,6,1,0,7,0,0,1,0,0,1,0,0,5,7,1,12,0
XAVR5CTR,9,0,4,4,1,0,4,0,1,2,1,0,5,0,3,2,0,0,1,0,0,1,0,0,4,5,1,9,0
IHVKZJ83,101,2,4,77,22,0,21,1,1,15,6,0,80,1,3,62,16,0,13,0,1,10,2,0,22,81,13,103,0
8HPTZJK5,90,9,16,75,8,0,21,3,6,17,1,0,69,6,10,58,7,0,12,0,1,9,2,0,24,75,12,99,0
TYKEFURY,95,6,15,48,27,12,35,3,4,12,13,9,60,3,11,36,14,3,3,0,1,2,0,0,38,63,3,101,0
MRLHJIZF,18,0,1,10,4,3,1,0,0,1,0,0,17,0,1,9,4,3,0,0,0,0,0,0,1,17,0,18,0
V4IIAQ8P,49,3,9,39,3,1,23,1,7,17,0,1,26,2,2,22,3,0,3,0,0,1,2,0,24,28,3,52,0
1WSSLFZR,26,1,11,15,1,0,11,1,4,7,1,0,15,0,7,8,0,0,4,0,2,2,0,0,12,15,4,27,0
A8JX6HCP,45,5,18,30,2,0,24,4,11,16,1,0,21,1,7,14,1,0,1,0,0,1,0,0,28,22,1,50,0
7E4KRV2I,17,1,0,8,2,8,13,0,0,5,2,6,4,1,0,3,0,2,1,1,0,0,0,2,13,5,2,18,0
AWN2IIID,144,27,23,113,33,2,45,11,9,36,9,2,99,16,14,77,24,0,10,3,2,9,2,0,56,115,13,171,0
6LHSZ7XO,31,6,12,22,3,0,12,2,4,10,0,0,19,4,8,12,3,0,4,0,1,1,2,0,14,23,4,37,0
JRD7XRXC,6,0,1,4,1,0,2,0,0,2,0,0,4,0,1,2,1,0,1,0,1,0,0,0,2,4,1,6,0
V14DVIOA,12,0,1,11,0,0,5,0,0,5,0,0,7,0,1,6,0,0,0,0,0,0,0,0,5,7,0,12,0
LIMRCHET,52,1,19,30,1,3,11,1,5,7,0,0,41,0,14,23,1,3,7,0,0,3,1,3,12,41,7,53,0
4JSELGG5,1,0,1,0,0,0,0,0,0,0,0,0,1,0,1,0,0,0,0,0,0,0,0,0,0,1,0,1,0
1OTTOQZZ,36,3,4,25,9,1,8,0,0,4,4,0,28,3,4,21,5,1,3,0,0,3,0,0,8,31,3,39,0
GHBO7RNK,111,3,29,70,15,1,35,3,11,21,6,0,76,0,18,49,9,1,4,0,2,2,0,0,38,76,4,114,0
ALDA6JWI,57,7,7,46,10,1,36,6,7,28,6,1,21,1,0,18,4,0,1,1,0,2,0,0,42,22,2,64,0
FSKU96SI,13,5,8,8,1,1,0,0,0,0,0,0,13,5,8,8,1,1,13,5,8,8,1,1,0,18,18,18,0
TWSMVVN8,45,2,10,37,0,0,15,0,3,12,0,0,30,2,7,25,0,0,5,0,1,4,0,0,15,32,5,47,0
ECTEV1P2,10,2,4,8,0,0,2,2,1,3,0,0,8,0,3,5,0,0,1,0,0,1,0,0,4,8,1,12,0
LTHKSGW3,6,0,0,6,0,0,0,0,0,0,0,0,6,0,0,6,0,0,2,0,0,2,0,0,0,6,2,6,0
DKZDKDZV,45,13,9,30,17,2,20,11,3,20,8,0,25,2,6,10,9,2,5,0,1,3,1,0,31,27,5,58,0
8OBFAQGK,53,2,15,39,1,0,28,1,10,19,0,0,25,1,5,20,1,0,1,1,1,1,0,0,29,26,2,55,0
8Y1J3G3F,66,0,18,46,2,0,16,0,5,9,2,0,50,0,13,37,0,0,3,0,1,2,0,0,16,50,3,66,0
QQVWVGOG,1,0,0,1,0,0,0,0,0,0,0,0,1,0,0,1,0,0,0,0,0,0,0,0,0,1,0,1,0
LMZLUTDK,10,0,1,7,2,0,4,0,1,2,1,0,6,0,0,5,1,0,2,0,0,2,0,0,4,6,2,10,0
KERY7QXW,26,3,1,10,3,15,19,3,1,5,3,13,7,0,0,5,0,2,3,0,0,3,0,0,22,7,3,29,0
QG12GDWH,1,0,1,0,0,1,1,0,1,0,0,1,0,0,0,0,0,0,0,0,0,0,0,0,1,0,0,1,0
M5YLYW9U,1,0,0,0,1,0,1,0,0,0,1,0,0,0,0,0,0,0,0,0,0,0,0,0,1,0,0,1,0
AAQHAADY,192,13,45,151,9,3,54,2,16,38,2,0,138,11,29,113,7,3,16,3,4,15,0,0,56,149,19,205,0
HPJD9RRT,140,47,15,133,36,3,64,26,6,65,19,0,76,21,9,68,17,3,7,0,0,6,1,0,90,97,7,187,0
PUFYPY52,30,9,5,22,10,2,8,1,1,5,1,2,22,8,4,17,9,0,1,0,0,1,0,0,9,30,1,39,0
ZJHO2IXT,17,1,7,11,0,0,6,1,4,3,0,0,11,0,3,8,0,0,0,0,0,0,0,0,7,11,0,18,0
GFKVSO5Y,10,1,0,7,2,2,8,1,0,5,2,2,2,0,0,2,0,0,0,0,0,0,0,0,9,2,0,11,0
BX6UYTND,49,11,8,43,7,3,21,9,3,21,4,3,28,2,5,22,3,0,2,0,0,2,0,0,30,30,2,60,0
GFN1TLLA,43,2,6,38,1,0,13,2,4,11,0,0,30,0,2,27,1,0,4,0,0,3,1,0,15,30,4,45,0
XKJFGQ9M,13,0,4,9,0,0,3,0,1,2,0,0,10,0,3,7,0,0,2,0,1,1,0,0,3,10,2,13,0
KAYUDIDS,42,2,2,37,4,1,9,0,2,7,0,0,33,2,0,30,4,1,4,0,0,4,0,0,9,35,4,44,0
GY2LIWYC,20,2,4,17,1,0,5,2,0,6,1,0,15,0,4,11,0,0,7,0,3,4,0,0,7,15,7,22,0
L8YVFLOJ,12,2,3,11,0,0,8,1,2,7,0,0,4,1,1,4,0,0,0,0,0,0,0,0,9,5,0,14,0
ADWNVG3J,67,19,44,41,1,8,37,9,25,21,0,6,30,10,19,20,1,2,1,0,0,1,0,0,46,40,1,86,0
4NT2U3HM,16,0,0,14,2,0,5,0,0,5,0,0,11,0,0,9,2,0,1,0,0,1,0,0,5,11,1,16,0
XX38XKHG,122,27,8,112,26,3,35,10,3,29,10,3,87,17,5,83,16,0,17,5,0,20,2,0,45,104,22,149,0
IHPXIE7A,1,0,1,0,0,0,0,0,0,0,0,0,1,0,1,0,0,0,1,0,1,0,0,0,0,1,1,1,0
KKEAHY9L,12,0,8,4,0,0,0,0,0,0,0,0,12,0,8,4,0,0,5,0,3,2,0,0,0,12,5,12,0
M1HTWVVH,78,6,22,60,1,1,35,3,9,28,1,0,43,3,13,32,0,1,2,0,0,1,0,1,38,46,2,84,0
FFI7DDF7,12,2,0,11,3,0,3,2,0,4,1,0,9,0,0,7,2,0,1,0,0,1,0,0,5,9,1,14,0
PMPMSJAC,117,6,33,89,1,1,51,6,18,38,1,0,66,0,15,51,0,1,3,0,1,2,0,0,57,66,3,123,0
HCEEQKCD,2,0,0,2,0,0,2,0,0,2,0,0,0,0,0,0,0,0,0,0,0,0,0,0,2,0,0,2,0
SRQO7ROP,33,7,24,15,1,2,16,4,12,7,1,1,17,3,12,8,0,1,3,0,0,3,0,0,20,20,3,40,0
ZY8C5BRJ,75,8,12,67,4,0,35,4,7,30,2,0,40,4,5,37,2,0,5,0,1,4,0,0,39,44,5,83,0
OBC59GSS,23,4,8,19,0,0,10,2,4,8,0,0,13,2,4,11,0,0,1,0,0,1,0,0,12,15,1,27,0
4LVWOTXK,6,0,0,6,0,0,2,0,0,2,0,0,4,0,0,4,0,0,0,0,0,0,0,0,2,4,0,6,0
TYMSFUKG,17,5,8,12,2,0,7,0,4,3,0,0,10,5,4,9,2,0,0,0,0,0,0,0,7,15,0,22,0
PXYIQUEN,86,9,53,42,0,2,32,4,21,15,0,1,54,5,32,27,0,1,9,0,6,3,0,0,36,59,9,95,0
UGIMCXCY,38,3,7,28,6,0,21,3,5,16,3,0,17,0,2,12,3,0,1,0,0,1,0,0,24,17,1,41,0
G4CKHT8E,124,20,36,96,12,0,60,15,20,47,8,0,64,5,16,49,4,0,16,3,2,17,0,0,75,69,19,144,0
JRYGM5RB,22,0,7,15,0,0,5,0,4,1,0,0,17,0,3,14,0,0,2,0,0,2,0,0,5,17,2,22,0
UKXBMELC,4,0,0,2,2,0,0,0,0,0,0,0,4,0,0,2,2,0,1,0,0,1,0,0,0,4,1,4,0
JNMOGJBU,11,0,1,10,0,0,4,0,0,4,0,0,7,0,1,6,0,0,1,0,0,1,0,0,4,7,1,11,0
VTFIS29D,86,9,13,67,14,1,51,8,5,44,10,0,35,1,8,23,4,1,8,0,1,5,1,1,59,36,8,95,0
4T3NXJ8K,44,0,15,29,0,0,10,0,4,6,0,0,34,0,11,23,0,0,3,0,1,2,0,0,10,34,3,44,0
EZOK4RBF,21,5,2,15,7,2,9,3,1,6,4,1,12,2,1,9,3,1,5,2,1,5,1,0,12,14,7,26,0
KRHLWXUP,68,4,5,54,10,3,24,0,1,23,0,0,44,4,4,31,10,3,15,4,2,8,6,3,24,48,19,72,0
BS9IKUZB,53,2,5,39,8,3,25,2,3,16,5,3,28,0,2,23,3,0,0,0,0,0,0,0,27,28,0,55,1
ZCHM8PC8,5,1,4,2,0,0,3,0,2,1,0,0,2,1,2,1,0,0,0,0,0,0,0,0,3,3,0,6,0
5NVBSQ3O,11,0,1,9,1,0,6,0,0,5,1,0,5,0,1,4,0,0,0,0,0,0,0,0,6,5,0,11,0
RWOEBDWC,110,12,18,81,20,3,33,6,5,26,8,0,77,6,13,55,12,3,12,2,3,11,0,0,39,83,14,122,0
FSTO9XHL,63,8,18,41,12,0,0,0,0,0,0,0,63,8,18,41,12,0,10,0,2,6,2,0,0,71,10,71,1
XX64COGN,17,4,2,9,4,6,6,4,0,0,4,6,11,0,2,9,0,0,3,0,1,2,0,0,10,11,3,21,0
HBCIIBLU,16,2,2,16,0,0,5,1,0,6,0,0,11,1,2,10,0,0,0,0,0,0,0,0,6,12,0,18,0
5EYEVCI1,26,2,5,22,1,0,5,1,2,4,0,0,21,1,3,18,1,0,3,0,1,2,0,0,6,22,3,28,0
N4QGULRB,100,21,32,81,8,3,12,8,5,13,2,1,88,13,27,68,6,2,7,3,4,6,0,0,20,101,10,121,0
WVQCASQC,151,25,31,124,21,0,74,17,21,63,7,0,77,8,10,61,14,0,8,0,2,6,0,0,91,85,8,176,0
BLKAG8O4,48,7,10,36,3,6,22,2,4,19,1,0,26,5,6,17,2,6,2,0,1,1,0,0,24,31,2,55,0
HF4XQW9X,71,8,13,63,3,3,18,3,4,17,0,0,53,5,9,46,3,3,1,0,0,1,0,0,21,58,1,79,0
MKRUAUZE,85,17,6,75,17,4,56,11,2,45,16,4,29,6,4,30,1,0,0,0,0,0,0,0,67,35,0,102,0
LG4CHQ1K,56,4,11,48,1,0,14,1,4,11,0,0,42,3,7,37,1,0,2,1,1,2,0,0,15,45,3,60,0
N5KJZ2VC,1,0,1,0,0,0,0,0,0,0,0,0,1,0,1,0,0,0,1,0,1,0,0,0,0,1,1,1,0
ENILTBSP,14,0,2,11,1,0,7,0,0,6,1,0,7,0,2,5,0,0,3,0,0,3,0,0,7,7,3,14,0
RDXT9UEM,18,4,6,16,0,0,16,4,6,14,0,0,2,0,0,2,0,0,0,0,0,0,0,0,20,2,0,22,0
VVK2QALC,10,0,4,6,0,0,8,0,2,6,0,0,2,0,2,0,0,0,1,0,1,0,0,0,8,2,1,10,0
WUHKBRRB,27,1,8,19,1,1,7,0,1,5,1,0,20,1,7,14,0,1,0,0,0,0,0,0,7,21,0,28,0
MVGSTWEJ,37,5,8,33,1,0,14,3,3,14,0,0,23,2,5,19,1,0,4,0,0,4,0,0,17,25,4,42,0
G6LHUXMJ,10,3,3,10,0,0,9,3,3,9,0,0,1,0,0,1,0,0,0,0,0,0,0,0,12,1,0,13,0
VOJFZLGY,38,5,10,32,1,0,17,2,4,14,1,0,21,3,6,18,0,0,1,0,1,0,0,0,19,24,1,43,0
ZUL8UBKZ,55,3,19,34,1,4,18,0,7,11,0,0,37,3,12,23,1,4,9,0,3,5,0,1,18,40,9,58,0
X9UFSGUJ,16,0,7,9,0,0,6,0,4,2,0,0,10,0,3,7,0,0,2,0,1,1,0,0,6,10,2,16,0
UYDN5MCX,36,12,14,33,1,0,14,6,7,12,1,0,22,6,7,21,0,0,5,0,3,2,0,0,20,28,5,48,0
NVRFJH15,45,7,3,36,8,5,27,7,2,20,7,5,18,0,1,16,1,0,2,0,0,2,0,0,34,18,2,52,0
J34SOJIV,89,8,10,81,6,2,27,8,2,30,3,1,62,0,8,51,3,1,15,0,3,11,1,0,35,62,15,97,0
CO7JYYNH,3,1,2,2,0,0,1,1,1,1,0,0,2,0,1,1,0,0,1,0,1,0,0,0,2,2,1,4,0
5MI4RJ5S,33,2,7,27,1,1,4,0,1,3,0,0,29,2,6,24,1,1,10,0,0,10,0,0,4,31,10,35,0
HXAVCEPB,21,2,4,13,3,3,9,2,3,6,0,2,12,0,1,7,3,1,4,0,0,4,0,0,11,12,4,23,0
IX9UKYNR,23,6,5,21,3,0,15,4,3,14,2,0,8,2,2,7,1,0,0,0,0,0,0,0,19,10,0,29,0
L2X9PDXB,50,15,8,41,16,0,8,3,2,8,1,0,42,12,6,33,15,0,8,5,3,4,6,0,11,54,13,65,0
KMKBDZ9X,55,15,16,43,11,0,16,5,6,14,1,0,39,10,10,29,10,0,2,0,0,1,1,0,21,49,2,70,0
HHN3QDLL,4,0,2,2,0,0,3,0,1,2,0,0,1,0,1,0,0,0,1,0,1,0,0,0,3,1,1,4,0
RH8MGPNL,4,0,2,2,0,0,0,0,0,0,0,0,4,0,2,2,0,0,0,0,0,0,0,0,0,4,0,4,0
YN7HXEHS,62,5,8,53,6,0,16,0,2,12,2,0,46,5,6,41,4,0,7,0,0,7,0,0,16,51,7,67,0
H8PNHSSB,21,0,0,19,1,1,4,0,0,2,1,1,17,0,0,17,0,0,3,0,0,3,0,0,4,17,3,21,0
PXOAH3XI,68,5,23,44,6,0,11,2,4,9,0,0,57,3,19,35,6,0,12,0,4,7,1,0,13,60,12,73,0
GOCLYMEJ,47,0,1,46,0,0,7,0,0,7,0,0,40,0,1,39,0,0,5,0,0,5,0,0,7,40,5,47,0
NWBMKNG2,140,22,61,96,5,5,42,13,21,33,1,2,98,9,40,63,4,3,14,0,4,10,0,0,55,107,14,162,0
FS5WO8ZN,26,0,5,21,0,0,4,0,2,2,0,0,22,0,3,19,0,0,2,0,0,2,0,0,4,22,2,26,0
H3OAB4AP,37,2,7,30,2,0,12,1,3,10,0,0,25,1,4,20,2,0,5,0,0,4,1,0,13,26,5,39,0
XRHPCGNV,42,2,5,36,3,0,12,2,0,13,1,0,30,0,5,23,2,0,8,0,1,7,0,0,14,30,8,44,0
1E4LBOBI,19,2,2,15,4,0,7,2,1,4,4,0,12,0,1,11,0,0,2,0,1,1,0,0,9,12,2,21,0
YAKOGTHP,17,1,1,17,0,0,6,0,1,5,0,0,11,1,0,12,0,0,3,0,0,3,0,0,6,12,3,18,0
5HYQGIBE,34,0,8,26,0,0,10,0,4,6,0,0,24,0,4,20,0,0,1,0,0,1,0,0,10,24,1,34,0
B59FBSLQ,115,6,15,85,21,0,33,3,2,27,7,0,82,3,13,58,14,0,13,0,1,11,1,0,36,85,13,121,0
JDH8WYTS,26,3,1,27,1,0,8,1,1,8,0,0,18,2,0,19,1,0,4,0,0,4,0,0,9,20,4,29,0
U3AOJUQJ,227,80,46,171,72,21,115,38,22,84,37,11,112,42,24,87,35,10,17,6,5,14,3,1,153,154,23,307,0
Q36EKMJP,51,1,8,35,8,1,29,1,4,17,8,1,22,0,4,18,0,0,4,0,1,3,0,0,30,22,4,52,0
VJVNMABT,60,3,6,38,15,4,10,1,1,8,2,0,50,2,5,30,13,4,3,1,0,3,1,0,11,52,4,63,0
D2PKDLM4,65,22,9,43,14,21,22,4,3,13,2,8,43,18,6,30,12,13,6,1,2,5,0,0,26,61,7,87,0
FUWAGKIG,23,2,3,21,1,0,7,0,2,5,0,0,16,2,1,16,1,0,4,0,0,4,0,0,7,18,4,25,0
9VANJKEY,2,0,1,1,0,0,2,0,1,1,0,0,0,0,0,0,0,0,0,0,0,0,0,0,2,0,0,2,1
7KTPEZDC,7,0,1,6,0,0,2,0,0,2,0,0,5,0,1,4,0,0,0,0,0,0,0,0,2,5,0,7,1
TCFISPBY,25,12,4,22,9,2,20,12,1,20,9,2,5,0,3,2,0,0,0,0,0,0,0,0,32,5,0,37,0
6ACUFETF,43,2,11,34,0,0,4,2,2,4,0,0,39,0,9,30,0,0,8,0,4,4,0,0,6,39,8,45,0
5YURFBEB,25,1,5,21,0,0,11,0,2,9,0,0,14,1,3,12,0,0,1,0,0,1,0,0,11,15,1,26,0
UFA3USI8,60,2,7,41,14,0,16,2,1,12,5,0,44,0,6,29,9,0,6,0,0,6,0,0,18,44,6,62,0
C9FNIGVI,6,0,1,4,0,1,0,0,0,0,0,0,6,0,1,4,0,1,6,0,1,4,0,1,0,6,6,6,0
FZ7FXLPE,57,3,19,40,1,2,23,2,9,16,0,1,34,1,10,24,1,1,1,0,0,1,0,0,25,35,1,60,0
GFIE4EDC,104,14,25,82,7,5,41,12,7,36,6,4,63,2,18,46,1,1,2,1,2,1,0,0,53,65,3,118,0
OCNI5RYH,48,3,16,34,1,0,11,2,5,7,1,0,37,1,11,27,0,0,4,0,2,2,0,0,13,38,4,51,0
3GUWAYPY,80,1,18,62,1,1,26,0,7,18,1,0,54,1,11,44,0,1,9,1,2,8,0,0,26,55,10,81,0
ZPTPVDLA,33,7,11,23,1,5,17,7,8,16,0,0,16,0,3,7,1,5,0,0,0,0,0,0,24,16,0,40,0
CMRZJIO6,7,1,0,7,1,0,3,1,0,3,1,0,4,0,0,4,0,0,0,0,0,0,0,0,4,4,0,8,0
8HITIUBZ,100,10,10,67,11,22,31,2,6,14,4,9,69,8,4,53,7,13,0,0,0,0,0,0,33,77,0,110,0
XP1TFZ3Y,72,21,22,68,3,2,25,9,15,18,1,2,47,12,7,50,2,0,4,0,0,4,0,0,34,59,4,93,0
CZYS8RXO,54,16,18,52,0,0,18,8,5,21,0,0,36,8,13,31,0,0,6,0,3,3,0,0,26,44,6,70,0
GIYI7YBT,4,0,0,3,1,0,0,0,0,0,0,0,4,0,0,3,1,0,1,0,0,1,0,0,0,4,1,4,0
828QLPP2,39,16,14,38,3,1,19,6,9,16,0,1,20,10,5,22,3,0,0,0,0,0,0,0,25,30,0,55,0
ZE7OXRO4,40,9,3,45,1,0,4,3,1,6,0,0,36,6,2,39,1,0,2,0,0,2,0,0,7,42,2,49,0
3BVFM8MA,7,0,0,6,1,0,0,0,0,0,0,0,7,0,0,6,1,0,1,0,0,1,0,0,0,7,1,7,0
PIRCQRA4,40,4,4,34,6,0,7,0,2,4,1,0,33,4,2,30,5,0,17,3,0,18,2,0,7,37,20,44,0
NEQ6VNYT,15,1,1,11,4,0,7,1,0,6,2,0,8,0,1,5,2,0,1,0,1,0,0,0,8,8,1,16,0
CBVK4MBJ,41,1,16,23,3,0,16,0,4,10,2,0,25,1,12,13,1,0,5,0,2,2,1,0,16,26,5,42,0
WEDKDUOR,42,6,6,36,6,0,14,2,2,11,3,0,28,4,4,25,3,0,2,1,0,3,0,0,16,32,3,48,0
DTR9ZMZI,20,2,2,20,0,0,8,2,2,8,0,0,12,0,0,12,0,0,2,0,0,2,0,0,10,12,2,22,0
Q6KFWO2Z,39,4,3,38,2,0,12,3,2,13,0,0,27,1,1,25,2,0,2,1,0,3,0,0,15,28,3,43,0
2L1QUEIQ,42,10,4,38,10,0,20,3,0,16,7,0,22,7,4,22,3,0,4,1,1,4,0,0,23,29,5,52,0
ZIBSVHBX,26,2,2,24,2,0,6,0,0,5,1,0,20,2,2,19,1,0,7,0,0,6,1,0,6,22,7,28,0
OTLRTGLE,8,3,3,8,0,0,0,1,0,1,0,0,8,2,3,7,0,0,1,0,0,1,0,0,1,10,1,11,0
UEYOYKJJ,63,6,15,53,1,2,23,3,7,18,1,2,40,3,8,35,0,0,0,0,0,0,0,0,26,43,0,69,0
5XQSAVAL,76,13,35,50,4,1,37,13,26,22,2,1,39,0,9,28,2,0,10,0,2,8,0,0,50,39,10,89,0
TAPGXJPN,110,8,31,74,13,0,24,4,8,16,4,0,86,4,23,58,9,0,15,0,6,8,1,0,28,90,15,118,0
JKCT1F5Z,27,3,1,29,0,0,14,2,1,15,0,0,13,1,0,14,0,0,5,0,0,5,0,0,16,14,5,30,0
QYB1CHPS,22,4,2,22,2,0,9,4,1,12,0,0,13,0,1,10,2,0,0,0,0,0,0,0,13,13,0,26,0
B9VDAYPU,2,0,0,2,0,0,2,0,0,2,0,0,0,0,0,0,0,0,0,0,0,0,0,0,2,0,0,2,0
GUKL5UKY,24,0,4,17,1,3,10,0,3,4,1,3,14,0,1,13,0,0,2,0,0,2,0,0,10,14,2,24,0
ZAGSIFFE,19,2,12,9,0,2,4,0,3,1,0,1,15,2,9,8,0,1,1,0,1,0,0,0,4,17,1,21,0
MCOJMUWL,9,0,1,8,0,0,0,0,0,0,0,0,9,0,1,8,0,0,1,0,0,1,0,0,0,9,1,9,0
PN5ZWMHJ,115,17,14,60,17,41,31,10,5,16,9,11,84,7,9,44,8,30,24,2,1,20,2,3,41,91,26,132,0
OOIDW1Y4,28,3,14,17,0,0,6,2,5,3,0,0,22,1,9,14,0,0,2,0,1,1,0,0,8,23,2,31,0
IGWF3NXC,59,3,8,46,8,1,8,2,1,7,2,0,51,1,7,39,6,1,7,0,3,3,1,0,10,52,7,62,0
ZIEJGBW9,57,18,2,57,10,6,17,15,2,19,8,3,40,3,0,38,2,3,17,1,0,15,2,1,32,43,18,75,1
E4XVSC5E,24,3,4,23,0,0,13,2,2,13,0,0,11,1,2,10,0,0,2,0,0,2,0,0,15,12,2,27,0
ERUTFUDB,26,6,7,20,4,1,7,2,4,5,0,0,19,4,3,15,4,1,0,0,0,0,0,0,9,23,0,32,0
IGEWCLMZ,35,10,8,28,4,4,5,0,1,4,0,0,30,10,7,24,4,4,14,7,2,15,2,2,5,40,21,45,0
HODJQKAN,14,2,3,13,0,0,6,2,3,5,0,0,8,0,0,8,0,0,3,0,0,3,0,0,8,8,3,16,0
PZENBZ8Y,75,8,5,65,13,0,19,3,0,14,8,0,56,5,5,51,5,0,8,0,0,8,0,0,22,61,8,83,0
QTGPFNWJ,32,1,13,19,1,0,4,0,2,2,0,0,28,1,11,17,1,0,4,0,3,0,1,0,4,29,4,33,0
FZ6TTYZ9,9,0,0,9,0,0,1,0,0,1,0,0,8,0,0,8,0,0,3,0,0,3,0,0,1,8,3,9,0
PP8Y9DPI,62,17,1,9,18,51,39,17,1,5,12,38,23,0,0,4,6,13,5,0,0,1,2,2,56,23,5,79,0
USNFFKFW,23,0,9,14,0,0,6,0,2,4,0,0,17,0,7,10,0,0,4,0,1,3,0,0,6,17,4,23,0
PUOSKCYB,3,0,0,1,2,0,3,0,0,1,2,0,0,0,0,0,0,0,0,0,0,0,0,0,3,0,0,3,0
ZALSDMHD,42,19,4,52,5,0,11,3,0,13,1,0,31,16,4,39,4,0,10,1,1,9,1,0,14,47,11,61,0
WYYTUBJN,38,8,3,30,11,2,15,6,2,10,7,2,23,2,1,20,4,0,6,0,0,6,0,0,21,25,6,46,0
OPTBBOM4,40,5,11,27,7,0,28,4,10,16,6,0,12,1,1,11,1,0,2,0,0,2,0,0,32,13,2,45,0
9ZPBIEO7,2,3,2,3,0,0,1,2,2,1,0,0,1,1,0,2,0,0,1,0,0,1,0,0,3,2,1,5,0
ZU6J8AMQ,5,1,2,4,0,0,3,0,0,3,0,0,2,1,2,1,0,0,1,0,0,1,0,0,3,3,1,6,0
XGQX6DSI,15,4,1,17,1,0,7,2,1,8,0,0,8,2,0,9,1,0,3,0,0,3,0,0,9,10,3,19,0
YPAC8EMW,4,2,1,3,2,0,2,0,0,1,1,0,2,2,1,2,1,0,0,0,0,0,0,0,2,4,0,6,0
F6CSQLYO,8,6,3,11,0,0,5,1,1,5,0,0,3,5,2,6,0,0,0,0,0,0,0,0,6,8,0,14,0
MCNOK96B,11,4,8,6,1,0,5,2,2,4,1,0,6,2,6,2,0,0,2,0,1,1,0,0,7,8,2,15,0
SF8NIMTZ,1,3,0,4,0,0,0,0,0,0,0,0,1,3,0,4,0,0,1,1,0,2,0,0,0,4,2,4,0
JHSB64NC,68,2,23,47,0,0,13,0,4,9,0,0,55,2,19,38,0,0,5,0,2,3,0,0,13,57,5,70,0
GAW7CNZI,71,26,12,60,23,1,57,23,10,48,21,1,14,3,2,12,2,0,2,0,0,2,0,0,80,17,2,97,0
DBJI8SJE,50,12,16,42,2,2,15,8,7,16,0,0,35,4,9,26,2,2,3,0,0,1,0,2,23,39,3,62,0
8XYKKXRE,19,5,5,18,1,0,2,1,2,1,0,0,17,4,3,17,1,0,3,1,0,3,1,0,3,21,4,24,0
WDHPOYBF,21,1,2,20,0,0,3,1,2,2,0,0,18,0,0,18,0,0,2,0,0,2,0,0,4,18,2,22,0
QRPKUBSY,41,0,9,29,2,1,12,0,3,9,0,0,29,0,6,20,2,1,8,0,1,6,1,0,12,29,8,41,0
ZMS75HMB,5,1,0,5,1,0,2,0,0,2,0,0,3,1,0,3,1,0,1,1,0,1,1,0,2,4,2,6,0
Y9CJS2LC,22,3,11,14,0,0,7,2,5,4,0,0,15,1,6,10,0,0,1,0,0,1,0,0,9,16,1,25,0
18ZJDETC,7,0,3,4,0,1,4,0,3,1,0,1,3,0,0,3,0,0,0,0,0,0,0,0,4,3,0,7,0
DLJUIRIS,8,0,2,5,0,1,2,0,0,2,0,0,6,0,2,3,0,1,2,0,1,1,0,0,2,6,2,8,0
M47DFTUG,1,0,0,1,0,0,0,0,0,0,0,0,1,0,0,1,0,0,1,0,0,1,0,0,0,1,1,1,0
LDS4QKUZ,9,0,2,4,2,1,9,0,2,4,2,1,0,0,0,0,0,0,0,0,0,0,0,0,9,0,0,9,0
DXBEDN66,13,0,4,8,1,0,3,0,0,3,0,0,10,0,4,5,1,0,3,0,2,1,0,0,3,10,3,13,1
SBWB3QMK,1,0,1,0,0,0,0,0,0,0,0,0,1,0,1,0,0,0,1,0,1,0,0,0,0,1,1,1,0
JTXOGBHN,2,0,0,1,0,1,0,0,0,0,0,0,2,0,0,1,0,1,0,0,0,0,0,0,0,2,0,2,0
NWHEJEMJ,17,7,6,18,0,0,4,3,1,6,0,0,13,4,5,12,0,0,2,1,0,3,0,0,7,17,3,24,0
OGEZRQSO,49,8,14,37,6,1,18,3,5,15,1,0,31,5,9,22,5,1,10,0,0,5,5,0,21,36,10,57,0
6PXEPEPJ,28,1,4,23,2,0,12,1,2,10,1,0,16,0,2,13,1,0,2,0,0,2,0,0,13,16,2,29,0
PUSRKQ1T,15,6,6,8,1,5,2,2,2,1,0,0,13,4,4,7,1,5,7,3,3,2,0,5,4,17,10,21,0
8OOD7LSD,59,11,10,43,17,0,25,11,2,21,13,0,34,0,8,22,4,0,2,0,0,1,1,0,36,34,2,70,0
QLUTCY6I,3,0,0,1,2,0,1,0,0,0,1,0,2,0,0,1,1,0,0,0,0,0,0,0,1,2,0,3,0
7DEP3TV9,15,0,4,11,0,0,9,0,3,6,0,0,6,0,1,5,0,0,2,0,1,1,0,0,9,6,2,15,0
QOTIHJEG,24,0,4,19,1,0,3,0,1,2,0,0,21,0,3,17,1,0,2,0,0,2,0,0,3,21,2,24,0
XCCUAYAZ,145,45,25,145,17,4,54,23,12,53,10,1,91,22,13,92,7,3,18,4,2,18,2,0,77,113,22,190,0
SE6OCGMY,23,1,3,19,2,0,4,1,0,5,0,0,19,0,3,14,2,0,3,0,0,3,0,0,5,19,3,24,0
EOLAKYSX,67,2,25,44,0,0,18,2,7,13,0,0,49,0,18,31,0,0,10,0,6,4,0,0,20,49,10,69,0
WKS3D8SG,25,0,3,21,1,0,8,0,2,6,0,0,17,0,1,15,1,0,5,0,0,5,0,0,8,17,5,25,0
WJLXHU3I,19,0,8,11,0,0,3,0,1,2,0,0,16,0,7,9,0,0,2,0,0,2,0,0,3,16,2,19,0
RXK5MINL,47,0,6,41,0,0,15,0,4,11,0,0,32,0,2,30,0,0,5,0,0,5,0,0,15,32,5,47,0
JUKHAPYI,13,1,3,8,3,0,2,0,0,0,2,0,11,1,3,8,1,0,3,0,1,2,0,0,2,12,3,14,0
TZXTZNHV,28,0,2,26,0,0,5,0,1,4,0,0,23,0,1,22,0,0,2,0,0,2,0,0,5,23,2,28,0
KKGTYJJN,36,3,12,27,0,1,15,1,4,12,0,0,21,2,8,15,0,1,5,0,1,4,0,0,16,23,5,39,0
OEI91L2K,127,13,4,105,30,1,91,13,3,73,27,1,36,0,1,32,3,0,2,0,0,2,0,0,104,36,2,140,0
NP66F2AN,15,0,0,15,0,0,6,0,0,6,0,0,9,0,0,9,0,0,0,0,0,0,0,0,6,9,0,15,0
ZORCNUJA,39,0,8,27,1,3,9,0,3,5,1,0,30,0,5,22,0,3,4,0,0,4,0,0,9,30,4,39,0
CWOKT76F,23,0,11,7,5,0,8,0,2,4,2,0,15,0,9,3,3,0,1,0,1,0,0,0,8,15,1,23,0
S4YQLHVR,16,2,3,15,0,0,6,0,2,4,0,0,10,2,1,11,0,0,2,0,0,2,0,0,6,12,2,18,0
JTDXUMWA,70,2,2,67,3,0,22,2,1,23,0,0,48,0,1,44,3,0,3,0,0,3,0,0,24,48,3,72,0
IBJDNNEB,26,1,2,24,1,0,9,1,0,10,0,0,17,0,2,14,1,0,0,0,0,0,0,0,10,17,0,27,0
3L7FDOYT,52,6,11,41,6,0,23,4,8,14,5,0,29,2,3,27,1,0,7,0,0,7,0,0,27,31,7,58,0
ZEMRSI5V,105,10,13,65,30,7,29,1,5,18,7,0,76,9,8,47,23,7,7,3,2,5,2,1,30,85,10,115,0
GEKRSJ2C,25,3,5,17,5,1,10,3,2,6,4,1,15,0,3,11,1,0,3,0,1,2,0,0,13,15,3,28,0
H56IIOIC,8,0,0,8,0,0,4,0,0,4,0,0,4,0,0,4,0,0,0,0,0,0,0,0,4,4,0,8,0
FHKCKPLQ,151,53,71,97,32,2,92,35,50,52,25,1,59,18,21,45,7,1,10,0,3,6,0,0,127,77,10,204,0
KJQHEDN4,3,0,0,3,0,0,0,0,0,0,0,0,3,0,0,3,0,0,0,0,0,0,0,0,0,3,0,3,0
VUF4XRRX,5,1,0,4,2,0,4,1,0,3,2,0,1,0,0,1,0,0,0,0,0,0,0,0,5,1,0,6,0
3QEAKIBE,30,0,8,22,0,0,10,0,1,9,0,0,20,0,7,13,0,0,6,0,2,4,0,0,10,20,6,30,0
4QAHGQ7F,35,2,10,27,0,0,12,2,2,12,0,0,23,0,8,15,0,0,4,0,1,3,0,0,14,23,4,37,0
9VQKK84C,1,0,0,1,0,0,0,0,0,0,0,0,1,0,0,1,0,0,0,0,0,0,0,0,0,1,0,1,1
YNYWAE8K,5,0,0,5,0,0,3,0,0,3,0,0,2,0,0,2,0,0,0,0,0,0,0,0,3,2,0,5,0
SOASVE7X,27,3,4,25,1,0,8,0,2,6,0,0,19,3,2,19,1,0,4,0,1,3,0,0,8,22,4,30,0
ATQVJK1T,4,1,0,2,3,0,2,1,0,0,3,0,2,0,0,2,0,0,0,0,0,0,0,0,3,2,0,5,0
BFED2PZU,1,2,0,2,1,0,1,0,0,0,1,0,0,2,0,2,0,0,0,2,0,2,0,0,1,2,2,3,0
CWSOBFP1,48,5,11,40,2,0,18,2,3,15,2,0,30,3,8,25,0,0,6,0,2,4,0,0,20,33,6,53,0
LTIX8RPC,27,4,7,19,5,0,17,4,5,13,3,0,10,0,2,6,2,0,0,0,0,0,0,0,21,10,0,31,0
89ZNX7GM,26,1,4,23,0,1,6,0,0,6,0,0,20,1,4,17,0,1,3,0,1,2,0,1,6,21,3,27,0
WKRJUKGW,19,1,3,16,1,0,6,1,0,6,1,0,13,0,3,10,0,0,3,0,1,2,0,0,7,13,3,20,0
ZIU9YOFD,0,1,1,0,0,0,0,1,1,0,0,0,0,0,0,0,0,0,0,0,0,0,0,0,1,0,0,1,0
KTZHND5X,8,3,1,6,1,3,2,1,0,3,0,0,6,2,1,3,1,3,0,2,1,1,0,0,3,8,2,11,0
HUKNIG9G,4,0,1,3,0,0,2,0,1,1,0,0,2,0,0,2,0,0,1,0,0,1,0,0,2,2,1,4,0
V33Z7WUH,2,2,0,4,0,0,0,0,0,0,0,0,2,2,0,4,0,0,2,2,0,4,0,0,0,4,4,4,0
Z8AEC6TO,3,0,0,3,0,0,0,0,0,0,0,0,3,0,0,3,0,0,2,0,0,2,0,0,0,3,2,3,0
SAY8AFOC,2,0,0,2,0,0,0,0,0,0,0,0,2,0,0,2,0,0,0,0,0,0,0,0,0,2,0,2,0
CKHQ1BCA,11,9,0,6,11,3,3,1,0,1,1,2,8,8,0,5,10,1,1,1,0,0,2,0,4,16,2,20,1
EQY7EK5G,2,1,0,3,0,0,0,1,0,1,0,0,2,0,0,2,0,0,0,0,0,0,0,0,1,2,0,3,1
DSZRHH7P,139,14,49,100,4,2,51,8,24,35,0,1,88,6,25,65,4,1,20,0,4,16,0,1,59,94,20,153,0
DP1HNZVL,91,13,9,85,10,0,20,4,2,21,1,0,71,9,7,64,9,0,15,1,2,14,0,0,24,80,16,104,0
6OBEG88J,10,4,2,12,0,0,2,0,1,1,0,0,8,4,1,11,0,0,0,0,0,0,0,0,2,12,0,14,0
LI92B867,44,5,10,34,5,1,9,1,1,8,1,0,35,4,9,26,4,1,11,1,4,8,0,1,10,39,12,49,0
BCWOQBYW,67,8,1,41,9,24,38,5,0,15,4,24,29,3,1,26,5,0,3,0,0,3,0,0,43,32,3,75,0
F9YF166Y,0,1,1,0,0,0,0,1,1,0,0,0,0,0,0,0,0,0,0,0,0,0,0,0,1,0,0,1,0
DVYOCC1P,50,1,20,30,1,0,12,0,3,9,0,0,38,1,17,21,1,0,4,0,2,2,0,0,12,39,4,51,0
KTFYT1AK,89,9,12,73,13,1,29,6,2,30,3,1,60,3,10,43,10,0,18,2,3,16,1,0,35,63,20,98,0
K5UYV1GQ,143,18,45,100,14,6,23,0,8,14,1,0,120,18,37,86,13,6,19,1,9,11,0,4,23,138,20,161,1
VUBICDPW,87,2,15,54,18,2,15,0,2,9,4,0,72,2,13,45,14,2,11,0,3,7,1,0,15,74,11,89,0
IDGHSFMT,67,20,11,66,10,0,15,5,5,12,3,0,52,15,6,54,7,0,8,1,0,9,0,0,20,67,9,87,0
QLK8ZIDK,44,4,10,35,3,0,9,1,1,7,2,0,35,3,9,28,1,0,2,0,0,2,0,0,10,38,2,48,0
LTXB6EZB,77,12,15,66,7,1,14,4,2,15,1,0,63,8,13,51,6,1,7,1,3,5,0,0,18,71,8,89,0
VIDHB9E1,61,8,11,44,14,0,10,6,2,13,1,0,51,2,9,31,13,0,6,1,4,2,1,0,16,53,7,69,0
1SPJ82RK,31,0,4,26,1,0,4,0,0,4,0,0,27,0,4,22,1,0,2,0,1,1,0,0,4,27,2,31,0
HKPFEWSS,139,17,12,91,17,35,48,2,2,27,7,14,91,15,10,64,10,21,32,12,5,19,4,16,50,106,44,156,0
KSF3HUXX,46,0,13,32,1,0,11,0,1,10,0,0,35,0,12,22,1,0,5,0,2,3,0,0,11,35,5,46,0
MMWCULR2,32,9,15,20,6,0,6,0,2,3,1,0,26,9,13,17,5,0,6,8,0,12,2,0,6,35,14,41,0
EWLAGJSK,5,0,1,2,2,0,4,0,0,2,2,0,1,0,1,0,0,0,1,0,1,0,0,0,4,1,1,5,0
SLSJH31C,28,4,5,17,6,4,12,0,2,5,4,1,16,4,3,12,2,3,1,0,0,1,0,0,12,20,1,32,0
BQY9GQWQ,35,0,10,25,0,2,13,0,6,7,0,2,22,0,4,18,0,0,2,0,2,0,0,0,13,22,2,35,0
T7DV6ZRO,75,8,13,68,2,0,22,2,3,21,0,0,53,6,10,47,2,0,5,2,0,7,0,0,24,59,7,83,0
ZQOAL8UX,76,13,22,55,12,4,26,7,12,17,4,2,50,6,10,38,8,2,7,1,1,6,1,0,33,56,8,89,0
LWB1UMHP,43,6,6,34,4,6,10,0,2,8,0,0,33,6,4,26,4,6,14,2,3,5,4,5,10,39,16,49,0
V8RNZQAP,18,0,2,16,0,0,7,0,2,5,0,0,11,0,0,11,0,0,1,0,0,1,0,0,7,11,1,18,0
HKNAE3UJ,76,6,22,48,5,4,29,3,6,17,2,4,47,3,16,31,3,0,9,0,2,7,0,0,32,50,9,82,0
IYMCNHJ9,82,7,23,58,8,0,21,1,4,16,2,0,61,6,19,42,6,0,12,0,4,8,0,0,22,67,12,89,0
ENJFROTC,78,30,19,71,17,1,23,17,5,28,6,1,55,13,14,43,11,0,8,0,3,5,0,0,40,68,8,108,0
QGUGD4JA,132,8,11,94,29,6,29,1,4,21,4,1,103,7,7,73,25,5,14,1,1,13,0,1,30,110,15,140,0
UTS4T16J,88,4,26,57,9,1,24,2,8,16,2,0,64,2,18,41,7,1,12,0,7,5,0,1,26,66,12,92,0
ZNBMPQCY,11,2,0,13,0,0,7,0,0,7,0,0,4,2,0,6,0,0,0,0,0,0,0,0,7,6,0,13,0
MVPXMLTY,42,14,16,36,4,0,4,2,1,5,0,0,38,12,15,31,4,0,32,6,12,23,3,0,6,50,38,56,0
K8FDAQDR,46,5,7,42,2,0,12,3,1,13,1,0,34,2,6,29,1,0,9,2,1,9,1,0,15,36,11,51,0
UIJCDUXB,22,0,4,17,1,0,10,0,1,8,1,0,12,0,3,9,0,0,1,0,0,1,0,0,10,12,1,22,0
85QGLDHO,38,3,3,38,0,0,15,0,2,13,0,0,23,3,1,25,0,0,4,0,0,4,0,0,15,26,4,41,0
EILDT1PU,40,0,6,34,0,0,19,0,4,15,0,0,21,0,2,19,0,0,2,0,2,0,0,0,19,21,2,40,0
LTQIZQLC,31,6,7,26,4,0,7,2,3,6,0,0,24,4,4,20,4,0,5,0,0,5,0,0,9,28,5,37,0
GWZQLCKB,43,1,10,32,2,0,10,1,1,9,1,0,33,0,9,23,1,0,4,0,0,4,0,0,11,33,4,44,0
BIPPARDI,38,5,7,36,0,0,7,0,3,4,0,0,31,5,4,32,0,0,4,0,1,3,0,0,7,36,4,43,0
C3RG6TMX,36,0,4,28,4,1,13,0,1,10,2,0,23,0,3,18,2,1,0,0,0,0,0,0,13,23,0,36,0
VAADYVLO,37,1,7,29,2,0,16,1,2,13,2,0,21,0,5,16,0,0,6,0,1,5,0,0,17,21,6,38,0
IOB8ZT7B,28,4,3,27,2,0,4,0,1,3,0,0,24,4,2,24,2,0,3,0,1,2,0,0,4,28,3,32,0
LGZOLK8T,24,1,1,24,0,0,0,1,0,1,0,0,24,0,1,23,0,0,3,0,0,3,0,0,1,24,3,25,0
2YUMSHV9,34,1,2,31,2,0,9,1,1,9,0,0,25,0,1,22,2,0,1,0,0,1,0,0,10,25,1,35,0
1ZHTA5SK,2,1,1,2,0,0,2,1,1,2,0,0,0,0,0,0,0,0,0,0,0,0,0,0,3,0,0,3,0
9Q7SBDU8,52,2,5,47,2,0,12,0,2,9,1,0,40,2,3,38,1,0,5,0,1,4,0,0,12,42,5,54,0
KBHUFALO,9,0,0,7,2,0,6,0,0,4,2,0,3,0,0,3,0,0,0,0,0,0,0,0,6,3,0,9,0
DEIHYKQM,28,1,3,26,0,0,17,1,0,18,0,0,11,0,3,8,0,0,0,0,0,0,0,0,18,11,0,29,0
FCJUSFBY,21,7,5,17,5,2,12,1,1,9,3,0,9,6,4,8,2,2,0,0,0,0,0,0,13,15,0,28,0
GIACX9OJ,28,1,3,26,0,0,5,0,1,4,0,0,23,1,2,22,0,0,5,0,1,4,0,0,5,24,5,29,0
GWUOISE7,55,3,5,51,2,0,16,1,1,14,2,0,39,2,4,37,0,0,7,0,2,5,0,0,17,41,7,58,0
PJVNGLXJ,60,8,10,49,9,0,17,1,2,14,2,0,43,7,8,35,7,0,9,5,3,10,1,0,18,50,14,68,0
X6PVI2UG,58,3,8,39,12,2,23,1,5,17,2,0,35,2,3,22,10,2,2,0,0,1,1,0,24,37,2,61,0
GFKAFJWU,19,1,1,18,1,0,7,0,0,7,0,0,12,1,1,11,1,0,0,0,0,0,0,0,7,13,0,20,0
JFNJXQUS,12,0,3,9,0,0,7,0,3,4,0,0,5,0,0,5,0,0,2,0,0,2,0,0,7,5,2,12,0
C76WO7YW,18,4,1,9,4,8,3,1,0,4,0,0,15,3,1,5,4,8,3,1,0,0,0,4,4,18,4,22,0
XVTJPFKX,20,0,4,14,2,0,9,0,1,6,2,0,11,0,3,8,0,0,3,0,1,2,0,0,9,11,3,20,0
XDTXVODB,1,0,0,1,0,0,0,0,0,0,0,0,1,0,0,1,0,0,0,0,0,0,0,0,0,1,0,1,0
UD2CV5RM,2,0,1,1,0,0,1,0,0,1,0,0,1,0,1,0,0,0,0,0,0,0,0,0,1,1,0,2,0
6XBTVKML,27,0,4,21,2,0,13,0,2,9,2,0,14,0,2,12,0,0,2,0,0,2,0,0,13,14,2,27,0
1AVKWOSX,12,0,1,11,0,0,3,0,0,3,0,0,9,0,1,8,0,0,0,0,0,0,0,0,3,9,0,12,0
VGKEF5ZJ,29,10,1,9,7,22,14,10,0,5,6,13,15,0,1,4,1,9,0,0,0,0,0,0,24,15,0,39,0
M8D2LYED,25,0,10,15,0,0,6,0,2,4,0,0,19,0,8,11,0,0,1,0,1,0,0,0,6,19,1,25,0
E7WWOZ8I,168,32,56,129,15,2,44,13,17,36,4,0,124,19,39,93,11,2,24,2,8,18,0,2,57,143,26,200,0
KKEDGTPU,61,15,13,33,9,20,19,4,4,11,4,4,42,11,9,22,5,16,13,6,4,9,1,4,23,53,19,76,0
AAHWO7BN,5,1,0,0,5,1,0,0,0,0,0,0,5,1,0,0,5,1,0,0,0,0,0,0,0,6,0,6,0
ANKFXHGP,19,1,4,16,0,1,10,0,2,8,0,0,9,1,2,8,0,1,3,0,1,2,0,0,10,10,3,20,0
ZSDG96JP,8,0,1,6,1,0,3,0,0,3,0,0,5,0,1,3,1,0,2,0,0,2,0,0,3,5,2,8,0
XCOOBMVY,2,0,1,1,0,0,0,0,0,0,0,0,2,0,1,1,0,0,0,0,0,0,0,0,0,2,0,2,1
DY7YOLHI,42,6,12,36,0,0,8,0,2,6,0,0,34,6,10,30,0,0,8,1,2,7,0,0,8,40,9,48,0
P2M5WPK7,28,0,5,18,5,0,8,0,1,6,1,0,20,0,4,12,4,0,1,0,1,0,0,0,8,20,1,28,0
RYPBCLT9,65,9,19,37,17,4,33,1,14,14,6,3,32,8,5,23,11,1,5,0,0,5,0,0,34,40,5,74,0
LSALPSGN,37,0,9,25,3,0,4,0,1,3,0,0,33,0,8,22,3,0,7,0,2,5,0,0,4,33,7,37,0
IVALXSYS,150,18,57,95,11,5,44,6,18,27,5,1,106,12,39,68,6,4,17,1,7,8,1,1,50,118,18,168,0
P8GN7WV7,31,2,7,26,0,0,8,0,2,6,0,0,23,2,5,20,0,0,1,0,0,1,0,0,8,25,1,33,0
7AFLKVBC,9,0,6,3,0,0,1,0,0,1,0,0,8,0,6,2,0,0,0,0,0,0,0,0,1,8,0,9,0
HRVBPPFE,40,0,15,23,2,0,15,0,4,11,0,0,25,0,11,12,2,0,4,0,3,1,0,0,15,25,4,40,0
OXLV28G9,29,2,1,25,5,0,8,1,0,5,4,0,21,1,1,20,1,0,7,0,0,6,1,0,9,22,7,31,0
B6P8CEOL,11,1,2,9,1,0,9,1,2,7,1,0,2,0,0,2,0,0,1,0,0,1,0,0,10,2,1,12,0
E4U73ROI,58,0,17,39,2,0,8,0,3,5,0,0,50,0,14,34,2,0,12,0,4,8,0,0,8,50,12,58,0
RMFHPT2Q,6,0,3,3,0,1,1,0,0,1,0,0,5,0,3,2,0,1,1,0,0,1,0,0,1,5,1,6,0
FTIQZL9T,57,0,9,48,0,0,12,0,2,10,0,0,45,0,7,38,0,0,10,0,1,9,0,0,12,45,10,57,0
4KVMXITL,87,3,30,60,0,0,15,2,4,13,0,0,72,1,26,47,0,0,12,0,6,6,0,0,17,73,12,90,0
J3AQPXEZ,17,0,3,14,0,0,8,0,1,7,0,0,9,0,2,7,0,0,1,0,0,1,0,0,8,9,1,17,0
XTI23TQJ,18,14,3,25,0,4,2,0,0,2,0,0,16,14,3,23,0,4,1,3,0,1,0,3,2,30,4,32,0
BDYVVSBE,52,13,5,46,8,6,9,3,0,11,1,0,43,10,5,35,7,6,9,2,2,6,2,1,12,53,11,65,0
GBPA1OWZ,22,3,4,20,1,0,13,0,3,10,0,0,9,3,1,10,1,0,1,0,0,1,0,0,13,12,1,25,0
HGQWZ9NI,4,0,2,2,0,0,3,0,1,2,0,0,1,0,1,0,0,0,0,0,0,0,0,0,3,1,0,4,0
URNLAZF2,42,0,10,30,2,0,20,0,4,14,2,0,22,0,6,16,0,0,1,0,0,1,0,0,20,22,1,42,0
HXYGYCPI,47,2,12,29,5,3,13,0,3,9,1,0,34,2,9,20,4,3,9,2,2,2,4,3,13,36,11,49,0
7GITXWUQ,48,0,6,41,1,0,18,0,1,17,0,0,30,0,5,24,1,0,4,0,0,4,0,0,18,30,4,48,0
1JEP6BVV,11,0,0,11,0,0,2,0,0,2,0,0,9,0,0,9,0,0,5,0,0,5,0,0,2,9,5,11,0
C6Q4O8EJ,118,6,22,71,31,0,22,2,5,13,6,0,96,4,17,58,25,0,17,3,1,16,3,0,24,100,20,124,0
LXLOKFTI,40,11,3,39,9,0,23,5,1,18,9,0,17,6,2,21,0,0,1,0,0,1,0,0,28,23,1,51,0
EJ4LIY7Q,70,3,26,46,1,1,23,1,9,15,0,0,47,2,17,31,1,1,12,1,5,8,0,0,24,49,13,73,0
ZLMI2ESQ,68,4,26,44,2,0,21,3,9,13,2,0,47,1,17,31,0,0,4,0,2,2,0,0,24,48,4,72,0
OE9JI7UK,123,23,17,101,20,11,38,15,11,28,8,8,85,8,6,73,12,3,6,1,1,5,0,1,53,93,7,146,0
FHXTWYBC,30,1,6,25,0,0,9,1,3,7,0,0,21,0,3,18,0,0,4,0,1,3,0,0,10,21,4,31,0
6TOEHO8P,25,1,4,21,1,0,3,0,0,3,0,0,22,1,4,18,1,0,3,1,0,4,0,0,3,23,4,26,1
PHWFMM5D,80,11,18,73,0,1,24,4,8,20,0,1,56,7,10,53,0,0,15,1,3,13,0,0,28,63,16,91,0
TMSBGABB,79,2,15,55,11,0,19,2,3,14,4,0,60,0,12,41,7,0,14,0,2,11,1,0,21,60,14,81,0
QDRBWRHM,58,12,11,42,9,9,8,0,2,5,1,0,50,12,9,37,8,9,21,10,5,18,2,7,8,62,31,70,0
OBXZC1N3,96,1,24,70,3,0,45,0,7,37,1,0,51,1,17,33,2,0,11,0,6,5,0,0,45,52,11,97,0
QP6HF3IY,122,7,22,86,18,5,41,4,10,28,7,2,81,3,12,58,11,3,11,2,1,8,1,3,45,84,13,129,0
M31GOFQ5,25,2,0,27,0,0,6,2,0,8,0,0,19,0,0,19,0,0,1,0,0,1,0,0,8,19,1,27,0
DNCZTJNW,16,4,1,14,4,1,4,1,1,4,0,0,12,3,0,10,4,1,2,0,0,2,0,0,5,15,2,20,0
INMHKO72,1,0,0,0,1,0,1,0,0,0,1,0,0,0,0,0,0,0,0,0,0,0,0,0,1,0,0,1,0
VGDXGXIQ,33,2,8,25,2,0,20,0,5,14,1,0,13,2,3,11,1,0,2,0,1,1,0,0,20,15,2,35,0
I8O1AYPI,39,4,16,27,0,0,9,0,3,6,0,0,30,4,13,21,0,0,7,2,3,6,0,0,9,34,9,43,0
ZEQCDVAK,74,5,18,46,13,2,37,2,6,24,8,1,37,3,12,22,5,1,3,3,0,3,3,0,39,40,6,79,0
H1NQFG3E,13,1,2,11,1,0,5,0,1,4,0,0,8,1,1,7,1,0,2,0,1,0,1,0,5,9,2,14,0
TA6IBQSS,73,1,29,44,1,1,23,0,9,13,1,0,50,1,20,31,0,1,11,0,1,10,0,0,23,51,11,74,0
ITCXWSHG,96,1,14,78,5,0,28,1,5,24,0,0,68,0,9,54,5,0,11,0,2,9,0,0,29,68,11,97,0
ADRYIYPK,22,6,9,19,0,0,8,3,3,8,0,0,14,3,6,11,0,0,1,0,0,1,0,0,11,17,1,28,0
WUHMBGJI,21,0,5,16,0,0,7,0,1,6,0,0,14,0,4,10,0,0,3,0,1,2,0,0,7,14,3,21,0
AUIFJBEO,53,2,15,37,1,2,6,0,2,4,0,0,47,2,13,33,1,2,29,2,6,23,1,1,6,49,31,55,0
KDMNWCVZ,14,4,5,12,1,0,9,2,4,7,0,0,5,2,1,5,1,0,1,0,0,1,0,0,11,7,1,18,0
FYTVM56P,11,1,1,11,0,0,6,0,1,5,0,0,5,1,0,6,0,0,0,0,0,0,0,0,6,6,0,12,1
DNADJBML,70,15,25,58,2,0,17,5,9,13,0,0,53,10,16,45,2,0,7,0,1,6,0,0,22,63,7,85,0
TXE8FJS6,8,0,1,2,5,0,2,0,0,0,2,0,6,0,1,2,3,0,0,0,0,0,0,0,2,6,0,8,0
B1DNOFYU,33,0,4,29,0,0,11,0,3,8,0,0,22,0,1,21,0,0,1,0,0,1,0,0,11,22,1,33,0
8X6QGUTY,2,0,2,0,0,0,1,0,1,0,0,0,1,0,1,0,0,0,1,0,1,0,0,0,1,1,1,2,0
W3BDTKCK,13,2,0,9,1,5,0,0,0,0,0,0,13,2,0,9,1,5,9,2,0,6,0,5,0,15,11,15,0
RAN9FCLN,8,0,0,8,0,0,2,0,0,2,0,0,6,0,0,6,0,0,0,0,0,0,0,0,2,6,0,8,0
8KBK837K,89,13,24,60,10,12,69,13,23,42,9,12,20,0,1,18,1,0,4,0,0,4,0,0,82,20,4,102,0
VCD3DAHY,65,5,14,52,4,0,31,4,5,27,3,0,34,1,9,25,1,0,2,0,0,2,0,0,35,35,2,70,0
DZWJMYFS,39,5,15,28,1,2,20,4,9,14,1,0,19,1,6,14,0,2,2,0,0,2,0,0,24,20,2,44,0
XKACRNXY,29,0,4,25,0,0,11,0,1,10,0,0,18,0,3,15,0,0,4,0,1,3,0,0,11,18,4,29,0
ASVHL2QS,43,1,9,35,0,1,16,0,5,11,0,1,27,1,4,24,0,0,3,0,2,1,0,0,16,28,3,44,0
FL8VE9KL,86,1,35,50,2,0,16,1,7,10,0,0,70,0,28,40,2,0,9,0,2,7,0,0,17,70,9,87,0
KGSLO6BD,130,2,65,66,1,0,43,0,23,20,0,0,87,2,42,46,1,0,9,0,3,6,0,0,43,89,9,132,0
MCNAOHFO,18,2,1,17,2,0,12,2,0,13,1,0,6,0,1,4,1,0,0,0,0,0,0,0,14,6,0,20,0
PUL9FSM7,15,0,2,11,2,0,2,0,0,2,0,0,13,0,2,9,2,0,1,0,0,1,0,0,2,13,1,15,0
DHXJ6XV6,41,8,10,39,0,0,4,0,2,2,0,0,37,8,8,37,0,0,4,0,1,3,0,0,4,45,4,49,0
QXBI868Y,30,9,8,26,3,1,8,1,3,6,0,0,22,8,5,20,3,1,7,8,1,9,3,1,9,30,15,39,0
KB3IBVZZ,20,0,4,14,2,0,11,0,3,6,2,0,9,0,1,8,0,0,2,0,0,2,0,0,11,9,2,20,0
FEQXRZDY,53,0,2,43,8,0,16,0,0,10,6,0,37,0,2,33,2,0,4,0,0,4,0,0,16,37,4,53,0
675CPXXA,30,5,0,35,0,0,12,3,0,15,0,0,18,2,0,20,0,0,3,1,0,4,0,0,15,20,4,35,0
1VCCSZQD,64,1,13,49,3,0,15,0,3,12,0,0,49,1,10,37,3,0,5,0,0,5,0,0,15,50,5,65,0
KUB1XFSV,38,3,6,32,3,0,10,2,2,10,0,0,28,1,4,22,3,0,14,1,1,13,1,0,12,29,15,41,0
ZBJKSA1F,36,2,12,24,2,0,5,0,0,5,0,0,31,2,12,19,2,0,2,0,0,2,0,0,5,33,2,38,0
ZKU3NZMF,49,1,6,43,1,0,11,0,1,10,0,0,38,1,5,33,1,0,4,0,1,3,0,0,11,39,4,50,0
QHRBEEXA,25,4,6,18,2,3,7,2,1,8,0,0,18,2,5,10,2,3,7,2,2,2,2,3,9,20,9,29,0
UGXE41MB,45,4,6,39,4,0,15,1,1,12,3,0,30,3,5,27,1,0,0,0,0,0,0,0,16,33,0,49,0
OIAQKJYZ,41,3,17,27,0,0,16,3,9,10,0,0,25,0,8,17,0,0,0,0,0,0,0,0,19,25,0,44,0
YFVUMMYC,47,8,13,36,6,0,27,7,7,21,6,0,20,1,6,15,0,0,1,0,1,0,0,0,34,21,1,55,0
NMWR9Q2A,29,0,6,22,1,0,8,0,5,3,0,0,21,0,1,19,1,0,3,0,0,2,1,0,8,21,3,29,0
7HDOPHQR,9,1,0,4,6,0,4,1,0,3,2,0,5,0,0,1,4,0,1,0,0,1,0,0,5,5,1,10,0
PKMOONMX,28,5,5,18,3,7,3,1,0,2,1,1,25,4,5,16,2,6,2,0,0,2,0,0,4,29,2,33,0
KESPDULH,127,11,15,101,21,1,38,5,5,25,12,1,89,6,10,76,9,0,10,0,0,10,0,0,43,95,10,138,0
HM4KRDUN,9,0,3,5,1,0,2,0,2,0,0,0,7,0,1,5,1,0,0,0,0,0,0,0,2,7,0,9,0
LYMBLC7R,26,0,2,23,1,0,9,0,2,7,0,0,17,0,0,16,1,0,2,0,0,2,0,0,9,17,2,26,0
7U6X9R4M,89,0,10,77,2,0,22,0,3,17,2,0,67,0,7,60,0,0,8,0,0,8,0,0,22,67,8,89,0
XKZVIKQB,43,1,8,31,2,4,9,0,2,5,0,3,34,1,6,26,2,1,5,0,0,5,0,0,9,35,5,44,0
KWZHSQOF,7,2,4,5,0,0,2,0,0,2,0,0,5,2,4,3,0,0,0,0,0,0,0,0,2,7,0,9,0
FZCNXP2V,66,8,11,53,4,6,12,0,4,7,1,0,54,8,7,46,3,6,21,6,1,18,3,5,12,62,27,74,0
EW7VOUY4,80,3,13,64,6,0,34,0,5,27,2,0,46,3,8,37,4,0,5,1,0,6,0,0,34,49,6,83,0
KVHPR6EY,18,0,5,13,0,0,2,0,1,1,0,0,16,0,4,12,0,0,0,0,0,0,0,0,2,16,0,18,0
ZWJ7KI2B,88,1,17,72,0,1,26,0,4,22,0,1,62,1,13,50,0,0,14,1,1,14,0,0,26,63,15,89,0
UGUSPLFU,31,1,10,20,2,0,18,0,6,11,1,0,13,1,4,9,1,0,1,0,0,1,0,0,18,14,1,32,0
FT68MBBH,24,1,7,16,2,0,9,1,2,7,1,0,15,0,5,9,1,0,2,0,2,0,0,0,10,15,2,25,0
GLAUE1RF,41,0,13,28,0,1,10,0,2,8,0,1,31,0,11,20,0,0,3,0,1,2,0,0,10,31,3,41,0
JI7BI3HN,20,0,5,15,0,0,5,0,2,3,0,0,15,0,3,12,0,0,0,0,0,0,0,0,5,15,0,20,0
LBAKJ5XJ,9,0,2,5,2,0,2,0,2,0,0,0,7,0,0,5,2,0,1,0,0,1,0,0,2,7,1,9,0
OTO3VJUI,197,53,53,126,71,2,81,27,22,54,32,0,116,26,31,72,39,2,22,3,7,11,7,1,108,142,25,250,0
2QPMCS4Y,65,1,14,43,6,4,18,1,3,15,1,0,47,0,11,28,5,4,7,0,1,1,3,3,19,47,7,66,0
YDI573HM,21,0,4,12,2,3,3,0,0,1,1,1,18,0,4,11,1,2,3,0,1,2,0,0,3,18,3,21,0
K9BUYKBF,46,0,4,38,0,4,19,0,0,15,0,4,27,0,4,23,0,0,6,0,1,5,0,0,19,27,6,46,0
VFJMX6EA,7,1,2,4,2,1,3,1,2,1,1,1,4,0,0,3,1,0,3,0,0,3,0,0,4,4,3,8,0
LVQ9OXRP,47,12,12,36,11,0,9,3,1,8,3,0,38,9,11,28,8,0,3,0,0,2,1,0,12,47,3,59,0
GJ6GKPDH,1,0,0,1,0,0,0,0,0,0,0,0,1,0,0,1,0,0,1,0,0,1,0,0,0,1,1,1,0
V8VVDBSL,88,5,17,62,12,2,35,5,7,26,5,2,53,0,10,36,7,0,3,0,0,1,2,0,40,53,3,93,0
UCOY6C4X,3,0,1,2,0,0,2,0,0,2,0,0,1,0,1,0,0,0,0,0,0,0,0,0,2,1,0,3,0
VSSLT9DE,15,3,2,14,2,0,5,2,1,5,1,0,10,1,1,9,1,0,2,0,0,2,0,0,7,11,2,18,0
RR7FT3PP,36,1,6,31,0,0,3,0,1,2,0,0,33,1,5,29,0,0,6,0,1,5,0,0,3,34,6,37,0
QZW8QMS5,34,0,6,28,0,0,19,0,5,14,0,0,15,0,1,14,0,0,0,0,0,0,0,0,19,15,0,34,0
4Q57WFHI,88,1,8,75,6,0,21,1,3,18,1,0,67,0,5,57,5,0,11,0,2,8,1,0,22,67,11,89,0
5SQP3EWI,13,0,4,9,0,0,4,0,1,3,0,0,9,0,3,6,0,0,1,0,0,1,0,0,4,9,1,13,0
HFF38AGL,5,0,0,3,2,0,2,0,0,1,1,0,3,0,0,2,1,0,0,0,0,0,0,0,2,3,0,5,0
IQ1GEKDF,5,0,2,3,0,0,4,0,2,2,0,0,1,0,0,1,0,0,0,0,0,0,0,0,4,1,0,5,0
PMNNDJWB,1,0,0,1,0,0,0,0,0,0,0,0,1,0,0,1,0,0,0,0,0,0,0,0,0,1,0,1,0
KX5NUEZG,49,14,5,42,16,0,25,4,0,18,11,0,24,10,5,24,5,0,0,0,0,0,0,0,29,34,0,63,0
SLP2IQKZ,15,1,0,14,2,0,7,1,0,7,1,0,8,0,0,7,1,0,0,0,0,0,0,0,8,8,0,16,0
1BEGDTLU,8,2,0,4,3,3,3,0,0,2,1,0,5,2,0,2,2,3,0,0,0,0,0,0,3,7,0,10,0
WLYNVNDF,31,0,6,25,0,0,12,0,2,10,0,0,19,0,4,15,0,0,1,0,0,1,0,0,12,19,1,31,0
GVNHXJCF,24,6,2,24,4,0,19,3,2,20,0,0,5,3,0,4,4,0,0,0,0,0,0,0,22,8,0,30,0
IABDLJUO,23,3,0,26,0,0,5,2,0,7,0,0,18,1,0,19,0,0,2,0,0,2,0,0,7,19,2,26,0
VNFS3XTD,47,4,12,32,5,2,14,1,6,7,1,1,33,3,6,25,4,1,4,0,0,4,0,0,15,36,4,51,0
16QEFCAV,30,0,4,26,0,0,8,0,2,6,0,0,22,0,2,20,0,0,5,0,0,5,0,0,8,22,5,30,0
PNN3KMM6,10,0,4,6,0,0,4,0,2,2,0,0,6,0,2,4,0,0,0,0,0,0,0,0,4,6,0,10,0
JIO5VVFX,14,1,3,12,0,0,0,0,0,0,0,0,14,1,3,12,0,0,8,0,3,5,0,0,0,15,8,15,0
RGMBPEWN,69,6,10,57,5,3,18,2,3,17,0,0,51,4,7,40,5,3,8,0,1,6,1,0,20,55,8,75,0
HS2MLGXM,2,0,2,0,0,0,1,0,1,0,0,0,1,0,1,0,0,0,0,0,0,0,0,0,1,1,0,2,0
VASPJLXX,19,0,1,17,1,0,4,0,0,3,1,0,15,0,1,14,0,0,4,0,1,3,0,0,4,15,4,19,0
COJ3A5FN,54,11,19,40,3,2,16,5,9,12,0,0,38,6,10,28,3,2,8,0,4,3,0,0,21,44,8,65,0
ULY5ABC5,13,6,7,11,1,0,2,2,1,3,0,0,11,4,6,8,1,0,3,0,3,0,0,0,4,15,3,19,0
T4EAKXPE,10,2,1,8,2,1,6,1,0,6,0,1,4,1,1,2,2,0,1,0,0,1,0,0,7,5,1,12,0
GDXAX3FB,1,0,0,1,0,0,0,0,0,0,0,0,1,0,0,1,0,0,1,0,0,1,0,0,0,1,1,1,0
45RJVRBK,7,0,3,2,2,0,7,0,3,2,2,0,0,0,0,0,0,0,0,0,0,0,0,0,7,0,0,7,0
BRL4LMN5,45,6,17,31,3,0,31,4,12,20,3,0,14,2,5,11,0,0,2,0,1,1,0,0,35,16,2,51,0
2K8ESTEZ,15,0,0,15,0,0,10,0,0,10,0,0,5,0,0,5,0,0,1,0,0,1,0,0,10,5,1,15,0
Y7ZKBTIP,15,11,3,22,1,0,3,1,0,3,1,0,12,10,3,19,0,0,1,1,0,2,0,0,4,22,2,26,0
G41VAKIL,10,0,1,9,0,0,2,0,0,2,0,0,8,0,1,7,0,0,1,0,0,1,0,0,2,8,1,10,0
HESVJNCO,12,3,0,9,4,2,1,0,0,0,1,0,11,3,0,9,3,2,2,0,0,2,0,0,1,14,2,15,0
AW3GUTP3,1,7,0,8,0,0,0,0,0,0,0,0,1,7,0,8,0,0,0,0,0,0,0,0,0,8,0,8,0
ELXG2DYT,32,0,9,20,1,2,7,0,0,7,0,0,25,0,9,13,1,2,1,0,0,1,0,0,7,25,1,32,0
KB1ELZK5,13,1,3,10,1,0,12,1,3,9,1,0,1,0,0,1,0,0,0,0,0,0,0,0,13,1,0,14,0
SZYX7ZH2,0,2,0,1,1,0,0,0,0,0,0,0,0,2,0,1,1,0,0,0,0,0,0,0,0,2,0,2,0
XADSJDSD,13,0,0,13,0,0,4,0,0,4,0,0,9,0,0,9,0,0,0,0,0,0,0,0,4,9,0,13,0
982KN8NZ,8,1,2,7,0,0,0,0,0,0,0,0,8,1,2,7,0,0,0,1,0,1,0,0,0,9,1,9,0
M1S4GB7Y,50,5,19,36,0,0,20,4,8,16,0,0,30,1,11,20,0,0,7,0,0,7,0,0,24,31,7,55,0
WRZ2KE6E,11,1,0,12,0,0,6,0,0,6,0,0,5,1,0,6,0,0,0,1,0,1,0,0,6,6,1,12,0
7M2SG2Y6,2,4,0,4,2,0,2,4,0,4,2,0,0,0,0,0,0,0,0,0,0,0,0,0,6,0,0,6,0
ZFZZEEDN,16,2,5,10,3,0,13,2,4,8,3,0,3,0,1,2,0,0,2,0,1,1,0,0,15,3,2,18,0
3TWL9XZN,23,6,3,25,1,0,0,0,0,0,0,0,23,6,3,25,1,0,3,0,0,3,0,0,0,29,3,29,0
TBM1X3PG,8,5,4,7,2,0,7,1,3,3,2,0,1,4,1,4,0,0,0,0,0,0,0,0,8,5,0,13,0
LKXYKLGM,87,6,28,61,3,1,17,1,3,13,2,0,70,5,25,48,1,1,19,0,7,12,0,0,18,75,19,93,0
L6RTUIA5,3,0,2,1,0,0,0,0,0,0,0,0,3,0,2,1,0,0,0,0,0,0,0,0,0,3,0,3,0
YWGSKJX7,23,4,4,22,1,0,4,0,1,3,0,0,19,4,3,19,1,0,0,0,0,0,0,0,4,23,0,27,0
G2WY6O2X,84,4,27,58,3,0,22,3,5,19,1,0,62,1,22,39,2,0,10,0,4,6,0,0,25,63,10,88,0
3KDHZ1O1,34,6,18,21,1,0,14,1,6,9,0,0,20,5,12,12,1,0,2,0,0,2,0,0,15,25,2,40,0
JPP1LQXK,14,1,5,7,3,0,9,0,4,3,2,0,5,1,1,4,1,0,2,0,1,1,0,0,9,6,2,15,0
KXK7JS5I,12,5,8,9,0,4,4,2,2,4,0,1,8,3,6,5,0,3,1,0,0,1,0,0,6,11,1,17,0
BOJ4DAB7,3,2,2,1,2,0,3,0,2,1,0,0,0,2,0,0,2,0,0,0,0,0,0,0,3,2,0,5,0
6WO7RNGJ,39,1,1,18,19,2,5,0,0,3,2,0,34,1,1,15,17,2,2,0,1,1,0,0,5,35,2,40,0
YNGUBQMI,31,4,3,30,2,0,9,2,2,7,2,0,22,2,1,23,0,0,3,0,0,3,0,0,11,24,3,35,0
4OWXZEPK,42,1,14,25,4,0,10,1,3,8,0,0,32,0,11,17,4,0,7,0,2,5,0,0,11,32,7,43,0
UH4SV2UO,44,2,16,29,1,0,16,1,5,12,0,0,28,1,11,17,1,0,6,0,3,2,1,0,17,29,6,46,0
JGGLEB5H,111,41,10,85,40,17,47,15,6,29,17,10,64,26,4,56,23,7,5,3,0,7,1,0,62,90,8,152,0
4LDCDFIY,26,11,3,29,3,2,1,6,1,5,1,0,25,5,2,24,2,2,2,0,1,1,0,0,7,30,2,37,0
GVHJACJM,9,1,1,9,0,0,6,1,1,6,0,0,3,0,0,3,0,0,0,0,0,0,0,0,7,3,0,10,0
ZWCKHGDH,5,0,1,4,0,0,2,0,0,2,0,0,3,0,1,2,0,0,0,0,0,0,0,0,2,3,0,5,0
IIA9TZ1T,7,2,1,4,4,0,5,1,1,3,2,0,2,1,0,1,2,0,0,0,0,0,0,0,6,3,0,9,0
BIUBNFAW,10,0,7,3,0,1,2,0,1,1,0,0,8,0,6,2,0,1,0,0,0,0,0,0,2,8,0,10,0
EDXMD6GK,45,1,6,39,1,0,12,0,3,9,0,0,33,1,3,30,1,0,9,1,0,9,1,0,12,34,10,46,0
HLVSRP8A,14,0,1,12,1,0,6,0,1,5,0,0,8,0,0,7,1,0,1,0,0,1,0,0,6,8,1,14,0
I1SRJUIQ,2,0,0,2,0,0,1,0,0,1,0,0,1,0,0,1,0,0,0,0,0,0,0,0,1,1,0,2,0
HC9JUB5J,210,63,22,200,49,2,125,31,11,112,31,2,85,32,11,88,18,0,2,2,1,2,1,0,156,117,4,273,0
GAXY67D8,54,0,21,32,1,0,11,0,4,7,0,0,43,0,17,25,1,0,10,0,4,6,0,0,11,43,10,54,0
BEEZFKHV,33,11,2,31,11,0,19,10,0,20,9,0,14,1,2,11,2,0,1,0,1,0,0,0,29,15,1,44,0
CYNRWGSK,109,39,10,128,10,0,53,21,4,61,9,0,56,18,6,67,1,0,10,2,0,12,0,0,74,74,12,148,0
NKSAJ4CS,3,0,0,3,0,0,2,0,0,2,0,0,1,0,0,1,0,0,0,0,0,0,0,0,2,1,0,3,0
INLOLJ5D,42,1,10,32,1,0,14,0,2,12,0,0,28,1,8,20,1,0,5,0,2,3,0,0,14,29,5,43,0
6TLFONBZ,18,2,7,12,1,0,11,2,6,6,1,0,7,0,1,6,0,0,1,0,0,1,0,0,13,7,1,20,0
WB8CA1MY,6,0,2,3,1,0,2,0,2,0,0,0,4,0,0,3,1,0,0,0,0,0,0,0,2,4,0,6,0
8JLPIZEP,34,4,8,29,1,1,18,4,6,15,1,1,16,0,2,14,0,0,3,0,0,3,0,0,22,16,3,38,0
LQMJXXLC,10,9,1,14,3,1,4,8,1,8,3,0,6,1,0,6,0,1,2,0,0,2,0,0,12,7,2,19,0
AX9XSBRS,44,11,29,26,0,2,8,3,6,5,0,1,36,8,23,21,0,1,1,1,2,0,0,0,11,44,2,55,0
JSMIJCDS,8,4,2,10,0,0,1,4,1,4,0,0,7,0,1,6,0,0,4,0,0,4,0,0,5,7,4,12,0
GTE9BDLN,113,4,23,80,11,3,62,1,14,42,5,2,51,3,9,38,6,1,9,0,2,6,0,1,63,54,9,117,0
VCB9HDPB,31,3,3,24,6,1,5,0,0,4,1,0,26,3,3,20,5,1,10,0,2,7,0,1,5,29,10,34,0
IFRK4JCK,30,2,6,26,0,0,6,1,3,4,0,0,24,1,3,22,0,0,4,0,1,3,0,0,7,25,4,32,0
Y1D95UXF,11,0,1,10,0,0,3,0,0,3,0,0,8,0,1,7,0,0,0,0,0,0,0,0,3,8,0,11,0
C8KDHUDX,62,14,18,46,12,0,46,14,15,33,12,0,16,0,3,13,0,0,2,0,0,2,0,0,60,16,2,76,0
QEJKIKKI,36,1,6,27,1,3,6,1,1,6,0,0,30,0,5,21,1,3,7,0,3,4,0,0,7,30,7,37,0
PSUSSYOF,42,2,5,31,1,7,14,2,3,7,1,5,28,0,2,24,0,2,3,0,1,2,0,0,16,28,3,44,0
K1UM9LNB,31,0,7,24,0,0,12,0,3,9,0,0,19,0,4,15,0,0,7,0,2,5,0,0,12,19,7,31,0
A6MJRZAW,33,5,11,26,1,0,9,5,5,8,1,0,24,0,6,18,0,0,5,0,3,2,0,0,14,24,5,38,0
VEQ24NZX,91,13,35,59,9,2,24,8,11,18,3,1,67,5,24,41,6,1,10,0,5,5,0,0,32,72,10,104,0
DOWKVJ7M,5,0,1,4,0,0,2,0,1,1,0,0,3,0,0,3,0,0,1,0,0,1,0,0,2,3,1,5,0
KDCM6KYK,6,2,0,7,1,0,2,0,0,2,0,0,4,2,0,5,1,0,2,0,0,2,0,0,2,6,2,8,0
6Q8LSD2G,6,0,0,6,0,0,1,0,0,1,0,0,5,0,0,5,0,0,0,0,0,0,0,0,1,5,0,6,0
FWHH6DSD,79,24,20,44,17,22,28,3,3,14,7,6,51,21,17,30,10,16,26,13,5,20,7,8,31,72,39,103,0
B7WQUVN2,12,1,5,7,1,0,9,0,4,5,0,0,3,1,1,2,1,0,0,0,0,0,0,0,9,4,0,13,0
BZTDDHUX,3,0,0,2,1,0,2,0,0,2,0,0,1,0,0,0,1,0,0,0,0,0,0,0,2,1,0,3,0
VTNSIKOA,4,0,2,1,1,0,0,0,0,0,0,0,4,0,2,1,1,0,4,0,2,1,1,0,0,4,4,4,0
FKOU3BDM,4,0,2,2,0,0,0,0,0,0,0,0,4,0,2,2,0,0,1,0,1,0,0,0,0,4,1,4,0
6RNG8T1R,3,3,0,6,0,0,2,1,0,3,0,0,1,2,0,3,0,0,0,0,0,0,0,0,3,3,0,6,0
E3B4J6FY,1,1,0,2,0,0,0,1,0,1,0,0,1,0,0,1,0,0,0,0,0,0,0,0,1,1,0,2,0
ZPISHB1K,4,1,1,4,0,0,3,1,1,3,0,0,1,0,0,1,0,0,0,0,0,0,0,0,4,1,0,5,0
DIUO5LFZ,64,1,10,45,10,0,17,1,3,14,1,0,47,0,7,31,9,0,2,0,0,2,0,0,18,47,2,65,0
LNVYOCNW,5,2,1,6,0,0,3,0,0,3,0,0,2,2,1,3,0,0,0,1,0,1,0,0,3,4,1,7,0
ACFXMLCF,6,1,1,6,0,0,5,0,0,5,0,0,1,1,1,1,0,0,0,0,0,0,0,0,5,2,0,7,0
FKICD5TO,9,7,6,9,1,0,4,6,3,6,1,0,5,1,3,3,0,0,2,0,0,2,0,0,10,6,2,16,0
C3EKK3RH,3,0,0,3,0,0,2,0,0,2,0,0,1,0,0,1,0,0,0,0,0,0,0,0,2,1,0,3,0
MSFA42OE,29,0,8,14,7,0,10,0,1,7,2,0,19,0,7,7,5,0,7,0,2,3,2,0,10,19,7,29,0
D53OWB32,13,0,4,9,0,0,8,0,4,4,0,0,5,0,0,5,0,0,1,0,0,1,0,0,8,5,1,13,1
MKTUIPTT,20,3,3,18,2,0,6,2,0,6,2,0,14,1,3,12,0,0,1,0,0,1,0,0,8,15,1,23,0
EM53QAEL,18,19,3,23,11,0,5,11,1,7,8,0,13,8,2,16,3,0,1,0,0,1,0,0,16,21,1,37,0
BIQSYBSV,12,0,3,9,0,0,5,0,1,4,0,0,7,0,2,5,0,0,4,0,2,2,0,0,5,7,4,12,0
P4JTRYQS,14,0,4,10,0,0,3,0,1,2,0,0,11,0,3,8,0,0,0,0,0,0,0,0,3,11,0,14,0
U4CWIDF5,2,0,1,1,0,0,0,0,0,0,0,0,2,0,1,1,0,0,2,0,1,1,0,0,0,2,2,2,0
RHDFW1UI,21,1,2,17,1,2,3,0,2,0,1,0,18,1,0,17,0,2,0,0,0,0,0,0,3,19,0,22,0
GEJHIADQ,217,48,81,164,19,18,97,30,45,74,8,12,120,18,36,90,11,6,21,1,4,18,0,0,127,138,22,265,0
72FR8EIK,27,5,4,25,3,0,11,2,2,10,1,0,16,3,2,15,2,0,3,1,1,3,0,0,13,19,4,32,0
5UCOPW1L,50,7,15,38,0,2,14,0,2,12,0,0,36,7,13,26,0,2,4,7,3,8,0,0,14,43,11,57,0
VE4KXBUS,31,0,5,26,0,0,5,0,1,4,0,0,26,0,4,22,0,0,4,0,0,4,0,0,5,26,4,31,0
TCG7FCOS,38,0,8,28,2,0,11,0,3,8,0,0,27,0,5,20,2,0,8,0,2,4,2,0,11,27,8,38,0
GEV7NEU2,23,4,11,15,1,1,8,1,3,5,1,0,15,3,8,10,0,1,4,2,3,3,0,0,9,18,6,27,0
QWRGRGHD,82,7,11,65,12,1,35,5,5,29,5,1,47,2,6,36,7,0,7,0,3,4,0,0,40,49,7,89,0
WCCQYA13,2,0,0,2,0,0,2,0,0,2,0,0,0,0,0,0,0,0,0,0,0,0,0,0,2,0,0,2,0
MSRE7DAN,5,3,0,7,1,0,0,0,0,0,0,0,5,3,0,7,1,0,2,1,0,2,1,0,0,8,3,8,0
XKPFUNYP,28,4,6,18,8,0,2,0,0,2,0,0,26,4,6,16,8,0,8,4,4,6,2,0,2,30,12,32,0
BBS8ZPDS,19,0,3,14,2,0,5,0,1,3,1,0,14,0,2,11,1,0,2,0,0,1,1,0,5,14,2,19,0
BVRKBDDB,27,0,13,14,0,0,7,0,1,6,0,0,20,0,12,8,0,0,1,0,1,0,0,0,7,20,1,27,0
Y6SQ2SK9,1,0,0,1,0,0,0,0,0,0,0,0,1,0,0,1,0,0,0,0,0,0,0,0,0,1,0,1,0
SS4SCMYV,41,2,9,34,0,1,12,2,3,11,0,0,29,0,6,23,0,1,4,0,0,4,0,0,14,29,4,43,0
IM265D29,36,5,8,18,6,9,14,1,2,6,2,5,22,4,6,12,4,4,2,0,0,2,0,0,15,26,2,41,0
MQN1OFUV,36,0,6,29,1,0,12,0,0,11,1,0,24,0,6,18,0,0,3,0,0,3,0,0,12,24,3,36,0
AUKGZDZW,43,3,31,14,1,2,12,3,9,5,1,0,31,0,22,9,0,2,13,0,10,3,0,2,15,31,13,46,0
Q9AW3B8S,25,1,6,19,1,0,4,1,0,5,0,0,21,0,6,14,1,0,8,0,3,4,1,0,5,21,8,26,0
DELHATGS,25,0,6,19,0,0,3,0,0,3,0,0,22,0,6,16,0,0,5,0,2,3,0,0,3,22,5,25,0
BUJHLYI9,79,8,21,53,13,0,39,8,15,25,7,0,40,0,6,28,6,0,9,0,0,9,0,0,47,40,9,87,0
9YOONO1S,78,29,16,87,4,0,27,14,4,35,2,0,51,15,12,52,2,0,6,0,1,5,0,0,41,66,6,107,0
RJUCPUS7,46,1,11,36,0,1,15,0,9,6,0,1,31,1,2,30,0,0,2,0,0,2,0,0,15,32,2,47,0
QNPKES53,33,2,2,32,1,0,15,0,0,15,0,0,18,2,2,17,1,0,2,0,0,2,0,0,15,20,2,35,0
XE1GGDXI,75,4,19,60,0,3,25,2,8,19,0,0,50,2,11,41,0,3,8,0,2,6,0,1,27,52,8,79,0
UVAN9SRN,114,15,11,113,5,0,36,4,6,32,2,0,78,11,5,81,3,0,10,0,2,8,0,0,40,89,10,129,0
SRVPERQ6,12,3,1,13,1,0,5,0,1,4,0,0,7,3,0,9,1,0,0,0,0,0,0,0,5,10,0,15,0
HFKYK5U2,24,0,9,15,0,0,6,0,2,4,0,0,18,0,7,11,0,0,5,0,1,4,0,0,6,18,5,24,0
UTCZQDTV,3,0,1,1,1,0,1,0,0,1,0,0,2,0,1,0,1,0,0,0,0,0,0,0,1,2,0,3,0
YOX2ZRFJ,41,6,15,32,0,0,11,2,3,10,0,0,30,4,12,22,0,0,3,0,3,0,0,0,13,34,3,47,0
KTHOSM7E,25,0,5,20,0,0,6,0,0,6,0,0,19,0,5,14,0,0,3,0,0,3,0,0,6,19,3,25,0
EDXMXG7P,36,4,8,32,0,1,12,0,5,7,0,1,24,4,3,25,0,0,9,0,1,8,0,0,12,28,9,40,0
QGG6I6FV,29,0,11,18,0,0,6,0,4,2,0,0,23,0,7,16,0,0,0,0,0,0,0,0,6,23,0,29,0
CIPQ7XE2,51,11,7,43,12,2,10,4,3,7,4,1,41,7,4,36,8,1,5,2,0,5,2,0,14,48,7,62,0
GZCXBHK7,102,20,24,83,15,1,40,10,7,37,6,0,62,10,17,46,9,1,3,1,2,1,1,0,50,72,4,122,0
XYHQWMOV,3,1,0,4,0,0,0,1,0,1,0,0,3,0,0,3,0,0,0,0,0,0,0,0,1,3,0,4,0
I4IM8YZE,29,12,5,25,7,5,9,3,0,8,4,0,20,9,5,17,3,5,3,3,2,4,0,0,12,29,6,41,0
YGEBPILV,40,1,11,15,2,14,17,1,1,2,2,13,23,0,10,13,0,1,1,0,1,0,0,1,18,23,1,41,0
I8NE4DU5,25,1,3,23,0,0,6,1,0,7,0,0,19,0,3,16,0,0,1,0,0,1,0,0,7,19,1,26,0
YRWBCHD8,27,3,6,24,0,1,7,1,1,7,0,0,20,2,5,17,0,1,4,0,1,3,0,1,8,22,4,30,0
LJFLCNQL,20,0,5,15,0,0,3,0,0,3,0,0,17,0,5,12,0,0,4,0,1,3,0,0,3,17,4,20,0
1O7FK6W7,156,40,25,115,42,14,56,11,7,43,11,5,100,29,18,72,31,9,16,0,4,10,2,0,67,129,16,196,0
WQLZWUKF,51,2,29,24,0,0,11,0,5,6,0,0,40,2,24,18,0,0,5,0,3,2,0,0,11,42,5,53,0
NGZNKRWD,204,36,60,146,33,3,73,7,21,48,11,0,131,29,39,98,22,3,26,5,9,19,3,0,80,160,31,240,0
ODBKSEDH,59,3,16,46,0,0,13,0,2,11,0,0,46,3,14,35,0,0,10,0,5,5,0,0,13,49,10,62,0
QLAF9PU2,25,0,10,12,3,0,10,0,4,6,0,0,15,0,6,6,3,0,4,0,2,1,1,0,10,15,4,25,0
SCZD7A49,39,3,7,29,6,0,13,1,3,8,3,0,26,2,4,21,3,0,1,1,0,1,1,0,14,28,2,42,0
4CK6H5BZ,48,3,8,43,0,1,15,1,3,13,0,0,33,2,5,30,0,1,2,0,1,1,0,1,16,35,2,51,0
SU3WW1N2,13,1,3,10,1,0,5,1,1,5,0,0,8,0,2,5,1,0,4,0,2,2,0,0,6,8,4,14,0
XMMCKPRA,105,7,22,85,5,1,28,6,10,20,4,1,77,1,12,65,1,0,17,0,2,15,0,0,34,78,17,112,0
OOIBE2KO,18,11,1,16,8,4,12,10,0,11,7,4,6,1,1,5,1,0,0,0,0,0,0,0,22,7,0,29,0
NLBZUV8L,28,9,2,11,17,6,17,8,0,9,9,6,11,1,2,2,8,0,1,0,0,1,0,0,25,12,1,37,0
MIVIDHR7,8,0,1,4,3,0,0,0,0,0,0,0,8,0,1,4,3,0,0,0,0,0,0,0,0,8,0,8,0
6ZJBI9UA,28,3,8,22,1,0,12,3,2,12,1,0,16,0,6,10,0,0,1,0,0,1,0,0,15,16,1,31,0
FPQYWIWU,18,3,7,13,1,0,8,0,2,6,0,0,10,3,5,7,1,0,1,0,1,0,0,0,8,13,1,21,0
ULYNEPGC,98,7,10,82,11,2,30,5,4,25,5,1,68,2,6,57,6,1,6,0,0,6,0,0,35,70,6,105,0
URAIVZXT,80,2,16,60,6,0,28,1,3,26,0,0,52,1,13,34,6,0,11,0,0,10,1,0,29,53,11,82,0
AUXXPQCZ,3,0,2,0,0,1,1,0,0,0,0,1,2,0,2,0,0,0,2,0,2,0,0,0,1,2,2,3,0
IT5BAJK8,82,22,20,79,4,3,57,19,12,60,4,1,25,3,8,19,0,2,5,0,2,3,0,0,76,28,5,104,0
BKCSJ4GY,15,8,5,10,6,2,5,7,5,6,1,0,10,1,0,4,5,2,1,1,0,0,2,0,12,11,2,23,0
8QECZOPK,27,3,5,23,0,1,3,0,1,2,0,0,24,3,4,21,0,1,5,0,2,1,0,0,3,27,5,30,0
C6USJL58,38,0,5,31,2,0,10,0,2,8,0,0,28,0,3,23,2,0,4,0,1,3,0,0,10,28,4,38,0
FLPCEDJG,57,1,18,39,1,0,16,0,4,11,1,0,41,1,14,28,0,0,10,0,5,5,0,0,16,42,10,58,0
OLNXVROI,4,0,2,2,0,0,0,0,0,0,0,0,4,0,2,2,0,0,0,0,0,0,0,0,0,4,0,4,0
GBH5QSBL,23,3,3,22,1,0,10,0,1,9,0,0,13,3,2,13,1,0,2,1,0,3,0,0,10,16,3,26,0
VAC2PZFE,57,10,21,45,1,0,11,8,5,13,1,0,46,2,16,32,0,0,5,0,1,4,0,0,19,48,5,67,0
V2W5HXEK,98,4,20,69,13,1,17,0,7,8,2,1,81,4,13,61,11,0,10,0,0,9,1,0,17,85,10,102,0
OEMZ17ZH,32,0,2,30,0,0,6,0,0,6,0,0,26,0,2,24,0,0,1,0,1,0,0,0,6,26,1,32,0
NUMVKXPY,68,4,14,55,3,0,14,1,2,13,0,0,54,3,12,42,3,0,5,0,0,5,0,0,15,57,5,72,0
GMIM97EY,17,3,3,17,0,0,3,0,1,2,0,0,14,3,2,15,0,0,1,1,0,2,0,0,3,17,2,20,0
YZBN7EFY,26,1,5,22,0,0,7,0,1,6,0,0,19,1,4,16,0,0,7,0,2,5,0,0,7,20,7,27,0
XN9XTLKD,67,2,22,43,4,2,16,1,5,11,1,0,51,1,17,32,3,2,14,0,4,10,0,0,17,52,14,69,0
VR7EYHSB,12,0,1,10,1,1,2,0,0,2,0,0,10,0,1,8,1,1,4,0,1,3,0,1,2,10,4,12,0
KQ5TVY53,37,2,2,37,0,0,7,0,0,7,0,0,30,2,2,30,0,0,2,0,0,2,0,0,7,32,2,39,0
6GTJZNME,36,0,7,29,0,0,9,0,1,8,0,0,27,0,6,21,0,0,4,0,0,4,0,0,9,27,4,36,0
EUQNGNYM,13,1,1,11,2,0,12,1,0,11,2,0,1,0,1,0,0,0,0,0,0,0,0,0,13,1,0,14,0
H4TJQ7T2,51,8,18,36,5,0,35,7,11,27,4,0,16,1,7,9,1,0,0,0,0,0,0,0,42,17,0,59,0
YLNI2LLM,42,7,13,29,7,0,16,1,1,11,5,0,26,6,12,18,2,0,0,0,0,0,0,0,17,32,0,49,0
JNGDP3NU,63,11,11,55,8,1,28,2,3,20,7,1,35,9,8,35,1,0,4,0,0,4,0,0,30,44,4,74,0
IRM6KJRU,24,1,8,17,0,0,4,0,2,2,0,0,20,1,6,15,0,0,2,0,0,2,0,0,4,21,2,25,0
AVEW973J,45,0,10,33,2,0,24,0,8,14,2,0,21,0,2,19,0,0,6,0,0,6,0,0,24,21,6,45,0
DVXM7SR5,45,3,13,32,2,1,9,0,2,6,0,1,36,3,11,26,2,0,29,1,10,20,0,0,9,39,30,48,0
TOEND5HO,41,1,3,39,0,0,6,1,0,7,0,0,35,0,3,32,0,0,4,0,0,4,0,0,7,35,4,42,0
S6RDVETY,5,0,1,4,0,0,3,0,0,3,0,0,2,0,1,1,0,0,1,0,0,1,0,0,3,2,1,5,0
SRXC3JF8,20,1,5,15,1,0,7,0,3,4,0,0,13,1,2,11,1,0,0,1,0,1,0,0,7,14,1,21,0
CL9XMANP,34,0,8,25,1,0,3,0,1,2,0,0,31,0,7,23,1,0,9,0,4,5,0,0,3,31,9,34,0
MNQMOOKF,2,0,0,2,0,0,2,0,0,2,0,0,0,0,0,0,0,0,0,0,0,0,0,0,2,0,0,2,0
T9SZOXSN,17,5,3,13,6,1,12,4,3,7,6,1,5,1,0,6,0,0,1,0,0,1,0,0,16,6,1,22,0
GSGXMWQU,74,17,6,51,29,5,29,12,6,15,15,5,45,5,0,36,14,0,12,0,0,10,2,0,41,50,12,91,0
YDBB4ZR4,60,0,24,36,0,1,23,0,13,10,0,1,37,0,11,26,0,0,5,0,2,3,0,0,23,37,5,60,0
Q6V23XWQ,6,0,2,4,0,0,4,0,2,2,0,0,2,0,0,2,0,0,0,0,0,0,0,0,4,2,0,6,0
XZLDFBOL,30,2,5,25,1,1,9,0,1,7,0,1,21,2,4,18,1,0,4,2,1,5,0,0,9,23,6,32,0
QAFOQJTG,30,2,11,21,0,1,6,1,4,3,0,0,24,1,7,18,0,1,3,1,1,3,0,0,7,25,4,32,0
FFG8ODIJ,23,3,5,19,2,0,5,0,0,5,0,0,18,3,5,14,2,0,1,3,0,4,0,0,5,21,4,26,0
G1EF1SQV,5,0,0,5,0,0,1,0,0,1,0,0,4,0,0,4,0,0,3,0,0,3,0,0,1,4,3,5,0
Z2HMWBD5,11,1,2,8,0,2,6,1,2,3,0,2,5,0,0,5,0,0,0,0,0,0,0,0,7,5,0,12,0
C55FETSQ,39,2,7,30,2,2,13,2,3,8,2,2,26,0,4,22,0,0,3,0,0,3,0,0,15,26,3,41,0
ZCZXLOHL,44,0,5,36,3,0,12,0,3,9,0,0,32,0,2,27,3,0,0,0,0,0,0,0,12,32,0,44,0
RPTERSMC,102,6,33,70,5,0,46,2,14,31,3,0,56,4,19,39,2,0,9,1,2,8,0,0,48,60,10,108,0
WSE3WBDM,9,2,4,6,1,1,4,0,1,3,0,0,5,2,3,3,1,1,0,0,0,0,0,0,4,7,0,11,0
AVBHGJEF,2,0,2,0,0,0,0,0,0,0,0,0,2,0,2,0,0,0,2,0,2,0,0,0,0,2,2,2,0
7CN8AITT,1,0,0,1,0,0,0,0,0,0,0,0,1,0,0,1,0,0,1,0,0,1,0,0,0,1,1,1,0
DJ1EBTJB,69,3,5,43,21,3,27,2,1,15,10,3,42,1,4,28,11,0,3,0,0,3,0,0,29,43,3,72,0
DUDZUWLY,31,0,6,25,0,0,8,0,2,6,0,0,23,0,4,19,0,0,2,0,1,1,0,0,8,23,2,31,0
2RRL19XU,34,10,7,30,4,3,10,8,4,12,1,1,24,2,3,18,3,2,0,0,0,0,0,0,18,26,0,44,0
F4T6NYGP,15,0,5,10,0,1,7,0,3,4,0,0,8,0,2,6,0,1,1,0,1,0,0,0,7,8,1,15,0
ZIQPKWGI,27,2,3,23,3,0,8,2,0,9,1,0,19,0,3,14,2,0,2,0,1,1,0,0,10,19,2,29,0
MVELFFIW,5,0,0,2,3,0,0,0,0,0,0,0,5,0,0,2,3,0,2,0,0,1,1,0,0,5,2,5,0
YAKDMJZM,29,2,6,14,10,2,13,2,4,8,3,1,16,0,2,6,7,1,3,0,0,2,1,0,15,16,3,31,0
BQU8K4E8,1,0,0,0,1,0,1,0,0,0,1,0,0,0,0,0,0,0,0,0,0,0,0,0,1,0,0,1,0
SDLC8HIB,5,0,2,3,0,0,1,0,0,1,0,0,4,0,2,2,0,0,2,0,1,1,0,0,1,4,2,5,0
8W8SJ4RR,33,7,1,37,2,0,25,3,1,25,2,0,8,4,0,12,0,0,1,0,0,1,0,0,28,12,1,40,0
Z2U6XQK1,12,0,2,8,2,0,7,0,2,4,1,0,5,0,0,4,1,0,0,0,0,0,0,0,7,5,0,12,0
FDRIJALK,8,0,2,6,0,1,3,0,2,1,0,1,5,0,0,5,0,0,1,0,0,1,0,0,3,5,1,8,0
77XLHFPB,103,4,4,84,16,3,39,2,3,33,5,0,64,2,1,51,11,3,8,0,0,7,1,0,41,66,8,107,0
MQQROMRW,98,3,23,76,2,2,21,3,4,19,1,0,77,0,19,57,1,2,12,0,2,10,0,0,24,77,12,101,0
98Q7ZEKH,14,0,1,12,0,1,2,0,0,2,0,0,12,0,1,10,0,1,0,0,0,0,0,0,2,12,0,14,0
TKDWC9TB,17,0,5,12,0,0,4,0,1,3,0,0,13,0,4,9,0,0,1,0,0,1,0,0,4,13,1,17,0
IX5JRTEJ,22,0,9,13,0,0,9,0,4,5,0,0,13,0,5,8,0,0,2,0,1,1,0,0,9,13,2,22,0
6HVZPZHS,54,5,12,42,5,1,19,2,6,13,2,0,35,3,6,29,3,1,3,0,0,3,0,0,21,38,3,59,0
YYLKSNG1,68,5,12,57,4,0,11,0,1,9,1,0,57,5,11,48,3,0,2,0,1,1,0,0,11,62,2,73,0
UHSMH22C,51,2,4,47,2,1,22,2,3,20,1,1,29,0,1,27,1,0,3,0,0,3,0,0,24,29,3,53,0
5EJTOKGF,82,8,14,73,3,1,12,2,1,11,2,0,70,6,13,62,1,1,12,0,2,10,0,0,14,76,12,90,0
O34WFLBC,9,0,0,9,0,0,1,0,0,1,0,0,8,0,0,8,0,0,2,0,0,2,0,0,1,8,2,9,0
ZQAKNUIV,19,2,3,18,0,0,4,0,0,4,0,0,15,2,3,14,0,0,1,0,0,1,0,0,4,17,1,21,0
2NNYIFWL,63,3,16,41,6,5,20,2,3,11,5,3,43,1,13,30,1,2,8,0,2,6,0,1,22,44,8,66,0
HBICAQGR,57,15,4,58,10,0,9,6,1,13,1,0,48,9,3,45,9,0,6,1,0,7,0,0,15,57,7,72,0
ACHLRIRP,54,3,3,28,20,6,38,2,2,14,18,6,16,1,1,14,2,0,0,1,0,1,0,0,40,17,1,57,0
O3TPGJGF,113,18,25,101,5,0,41,13,11,40,3,0,72,5,14,61,2,0,10,0,1,9,0,0,54,77,10,131,0
VDKG2OGK,42,0,4,18,14,6,21,0,2,7,6,6,21,0,2,11,8,0,3,0,1,2,0,0,21,21,3,42,0
HBFP82VM,19,1,7,12,0,0,6,1,1,5,0,0,13,0,6,7,0,0,2,0,2,0,0,0,7,13,2,20,0
EUBSEDVL,24,0,1,23,0,0,6,0,1,5,0,0,18,0,0,18,0,0,2,0,0,2,0,0,6,18,2,24,0
NNTLRMS8,27,0,14,13,0,0,13,0,4,9,0,0,14,0,10,4,0,0,1,0,1,0,0,0,13,14,1,27,0
YDTXUFGH,8,0,2,6,0,0,4,0,1,3,0,0,4,0,1,3,0,0,0,0,0,0,0,0,4,4,0,8,0
UI4TK3KP,59,3,7,47,7,2,14,2,3,11,2,0,45,1,4,36,5,2,9,0,0,8,1,0,16,46,9,62,0
H6VDJJHV,29,0,7,22,0,0,9,0,3,6,0,0,20,0,4,16,0,0,2,0,0,2,0,0,9,20,2,29,0
VTWYP4RF,62,2,14,48,2,0,20,2,7,13,2,0,42,0,7,35,0,0,5,0,1,4,0,0,22,42,5,64,0
RKWZLSKD,9,0,0,6,3,0,5,0,0,3,2,0,4,0,0,3,1,0,1,0,0,1,0,0,5,4,1,9,0
MDYDYSXW,65,3,11,47,8,2,15,2,2,13,2,0,50,1,9,34,6,2,7,0,2,5,0,0,17,51,7,68,0
WVMKYVPC,82,1,28,52,3,1,15,0,4,10,1,1,67,1,24,42,2,0,3,0,1,2,0,0,15,68,3,83,0
URBX7ON6,1,1,0,2,0,0,0,1,0,1,0,0,1,0,0,1,0,0,0,0,0,0,0,0,1,1,0,2,0
Q5NO9GYV,46,4,18,32,0,0,22,1,11,12,0,0,24,3,7,20,0,0,0,0,0,0,0,0,23,27,0,50,0
XPK47DWJ,25,1,4,22,0,0,8,1,1,8,0,0,17,0,3,14,0,0,2,0,0,2,0,0,9,17,2,26,0
7FFUWT4D,123,12,40,88,7,0,28,0,11,17,0,0,95,12,29,71,7,0,18,0,5,12,1,0,28,107,18,135,0
OWVDWCWJ,12,4,0,8,6,2,2,1,0,2,1,0,10,3,0,6,5,2,3,2,0,2,2,1,3,13,5,16,0
L6MCCIZP,7,0,1,6,0,0,2,0,0,2,0,0,5,0,1,4,0,0,0,0,0,0,0,0,2,5,0,7,0
CNQ6GENJ,13,3,2,14,0,0,3,0,1,2,0,0,10,3,1,12,0,0,1,1,0,2,0,0,3,13,2,16,0
KOXY125T,2,0,0,2,0,0,1,0,0,1,0,0,1,0,0,1,0,0,0,0,0,0,0,0,1,1,0,2,1
5HF76ZCS,24,2,6,17,2,1,9,1,1,8,1,0,15,1,5,9,1,1,7,0,1,5,1,0,10,16,7,26,0
G6AXLNRJ,23,5,8,17,3,1,8,3,4,5,2,1,15,2,4,12,1,0,3,1,1,2,1,0,11,17,4,28,0
PAJTHXIS,40,22,10,23,26,3,27,14,8,16,14,3,13,8,2,7,12,0,0,0,0,0,0,0,41,21,0,62,0
9POYPZKS,1,0,1,0,0,0,0,0,0,0,0,0,1,0,1,0,0,0,1,0,1,0,0,0,0,1,1,1,0
ZWTL6AYO,39,13,15,30,7,0,19,12,9,15,7,0,20,1,6,15,0,0,3,0,2,1,0,0,31,21,3,52,0
CNWZQZ7U,1,0,0,1,0,0,0,0,0,0,0,0,1,0,0,1,0,0,1,0,0,1,0,0,0,1,1,1,0
ONA9BYWP,26,6,12,18,2,0,8,6,4,8,2,0,18,0,8,10,0,0,1,0,1,0,0,0,14,18,1,32,0
TVTPCYL9,8,0,2,6,0,0,3,0,0,3,0,0,5,0,2,3,0,0,0,0,0,0,0,0,3,5,0,8,0
4TEAKQQL,29,6,21,14,0,0,1,3,1,3,0,0,28,3,20,11,0,0,2,0,2,0,0,0,4,31,2,35,0
FGDCTXBR,16,1,5,12,0,0,6,0,3,3,0,0,10,1,2,9,0,0,0,0,0,0,0,0,6,11,0,17,0
MARXI7HC,12,0,2,10,0,0,5,0,0,5,0,0,7,0,2,5,0,0,2,0,1,1,0,0,5,7,2,12,0
OTTQEWXZ,41,2,6,31,6,0,16,2,3,12,3,0,25,0,3,19,3,0,3,0,0,2,1,0,18,25,3,43,0
WW6JHWOW,3,0,1,2,0,0,0,0,0,0,0,0,3,0,1,2,0,0,2,0,1,1,0,0,0,3,2,3,0
7NIBUXBF,2,0,1,1,0,1,0,0,0,0,0,0,2,0,1,1,0,1,2,0,1,1,0,1,0,2,2,2,0
JSBXXMC2,109,9,13,76,29,0,60,9,7,41,21,0,49,0,6,35,8,0,2,0,0,0,2,0,69,49,2,118,0
BE7YLSMB,1,0,0,1,0,0,0,0,0,0,0,0,1,0,0,1,0,0,1,0,0,1,0,0,0,1,1,1,0
GVFGCI5Q,43,7,16,32,2,0,18,1,8,11,0,0,25,6,8,21,2,0,2,0,1,1,0,0,19,31,2,50,0
YOEQ7DP9,3,0,1,2,0,0,2,0,0,2,0,0,1,0,1,0,0,0,0,0,0,0,0,0,2,1,0,3,0
F6N3PE4O,93,15,34,67,6,1,25,5,8,22,0,0,68,10,26,45,6,1,8,1,5,3,1,0,30,78,9,108,0
UB84GRCH,8,0,2,2,0,4,5,0,1,0,0,4,3,0,1,2,0,0,0,0,0,0,0,0,5,3,0,8,0
BLFEJJWV,27,3,1,22,7,0,21,2,1,16,6,0,6,1,0,6,1,0,0,0,0,0,0,0,23,7,0,30,0
2JHC1BAS,1,1,1,1,0,0,0,0,0,0,0,0,1,1,1,1,0,0,1,0,1,0,0,0,0,2,1,2,0
ZWGAL15W,16,0,0,16,0,0,5,0,0,5,0,0,11,0,0,11,0,0,0,0,0,0,0,0,5,11,0,16,0
SAZT4VXZ,30,16,15,31,0,1,12,8,11,9,0,1,18,8,4,22,0,0,1,0,0,1,0,0,20,26,1,46,1
NAHPJSJV,10,0,1,9,0,0,2,0,0,2,0,0,8,0,1,7,0,0,0,0,0,0,0,0,2,8,0,10,0
UKE1V1JG,42,14,7,27,18,4,26,4,6,18,6,0,16,10,1,9,12,4,2,0,0,1,1,0,30,26,2,56,0
FED1SWWY,14,0,1,13,0,0,7,0,0,7,0,0,7,0,1,6,0,0,0,0,0,0,0,0,7,7,0,14,0
ADH1MWSK,12,2,6,7,1,0,5,1,3,2,1,0,7,1,3,5,0,0,3,0,0,3,0,0,6,8,3,14,0
6UDV1SX7,78,8,9,67,10,1,27,2,1,23,5,0,51,6,8,44,5,1,16,0,1,14,1,1,29,57,16,86,0
QXRZXZFH,1,0,1,0,0,0,0,0,0,0,0,0,1,0,1,0,0,0,1,0,1,0,0,0,0,1,1,1,0
KYCAKQID,79,8,27,59,1,1,33,2,16,19,0,1,46,6,11,40,1,0,6,0,2,4,0,0,35,52,6,87,0
RKEUIWRY,1,0,0,1,0,0,1,0,0,1,0,0,0,0,0,0,0,0,0,0,0,0,0,0,1,0,0,1,0
NOP3W66W,10,0,3,7,0,0,3,0,1,2,0,0,7,0,2,5,0,0,0,0,0,0,0,0,3,7,0,10,0
8YIPVNFX,29,2,6,24,0,2,9,0,1,8,0,0,20,2,5,16,0,2,6,1,1,6,0,0,9,22,7,31,0
LZ8CWYSE,2,0,0,2,0,0,0,0,0,0,0,0,2,0,0,2,0,0,1,0,0,1,0,0,0,2,1,2,0
UATUGUT9,32,1,7,25,1,0,8,0,1,6,1,0,24,1,6,19,0,0,2,0,0,2,0,0,8,25,2,33,0
1IJH14BM,49,0,22,27,0,2,17,0,9,8,0,2,32,0,13,19,0,0,4,0,0,4,0,0,17,32,4,49,0
AEHRYVH7,106,20,34,82,10,2,62,16,26,45,7,2,44,4,8,37,3,0,8,0,0,7,1,0,78,48,8,126,0
3DBYRFD1,12,1,4,9,0,0,8,1,2,7,0,0,4,0,2,2,0,0,3,0,2,1,0,0,9,4,3,13,0
UQ8MB2IS,9,2,3,8,0,0,2,0,1,1,0,0,7,2,2,7,0,0,0,0,0,0,0,0,2,9,0,11,0
DJEPMSJW,5,1,1,4,1,0,4,1,0,4,1,0,1,0,1,0,0,0,0,0,0,0,0,0,5,1,0,6,0
8DULQMAQ,16,4,2,10,4,4,8,0,0,2,2,4,8,4,2,8,2,0,2,3,0,4,1,0,8,12,5,20,1
1KWLTACD,14,0,3,11,0,0,4,0,0,4,0,0,10,0,3,7,0,0,1,0,1,0,0,0,4,10,1,14,0
QXJLLGTH,9,2,2,7,0,2,5,1,2,2,0,2,4,1,0,5,0,0,2,0,0,2,0,0,6,5,2,11,0
FYKJ9IQ6,37,15,2,35,15,0,22,8,2,18,10,0,15,7,0,17,5,0,1,1,0,2,0,0,30,22,2,52,0
APELEAW8,54,0,21,33,0,0,32,0,8,24,0,0,22,0,13,9,0,0,7,0,3,4,0,0,32,22,7,54,0
RNXIUPGV,41,8,9,23,15,2,16,8,3,15,6,0,25,0,6,8,9,2,0,0,0,0,0,0,24,25,0,49,0
ALFDJCCC,37,0,8,29,0,0,5,0,2,3,0,0,32,0,6,26,0,0,8,0,0,8,0,0,5,32,8,37,0
JQZMAWSL,48,2,3,45,2,0,11,2,2,11,0,0,37,0,1,34,2,0,6,0,0,5,1,0,13,37,6,50,0
2MYIRLET,50,8,4,47,7,0,10,1,3,8,0,0,40,7,1,39,7,0,15,2,1,13,3,0,11,47,17,58,0
2CSFT2WK,29,4,6,23,2,2,14,0,3,11,0,0,15,4,3,12,2,2,0,0,0,0,0,0,14,19,0,33,0
TG48PQEM,11,2,3,10,0,0,2,0,0,2,0,0,9,2,3,8,0,0,0,0,0,0,0,0,2,11,0,13,0
GBPV5BQQ,160,37,25,107,39,25,76,14,11,50,19,10,84,23,14,57,20,15,23,8,6,15,5,5,90,107,31,197,0
Y6FYUWRP,17,1,4,9,5,0,17,1,4,9,5,0,0,0,0,0,0,0,0,0,0,0,0,0,18,0,0,18,0
VUQMLASE,14,0,0,8,6,0,1,0,0,1,0,0,13,0,0,7,6,0,5,0,0,3,2,0,1,13,5,14,0
CEPL1QMU,37,0,12,24,1,0,10,0,2,7,1,0,27,0,10,17,0,0,6,0,4,2,0,0,10,27,6,37,0
LHEHIVGF,13,3,3,11,0,2,7,0,3,4,0,0,6,3,0,7,0,2,2,3,0,3,0,2,7,9,5,16,0
KXLFWIH6,12,3,2,12,1,0,5,2,0,7,0,0,7,1,2,5,1,0,0,0,0,0,0,0,7,8,0,15,0
FCLU2NHQ,8,0,4,4,0,0,1,0,1,0,0,0,7,0,3,4,0,0,3,0,1,2,0,0,1,7,3,8,0
TC5UOLTV,13,1,3,10,1,0,5,0,1,4,0,0,8,1,2,6,1,0,2,0,1,1,0,0,5,9,2,14,0
FJDBULPR,253,77,15,200,115,0,118,46,6,94,64,0,135,31,9,106,51,0,26,11,5,23,9,0,164,166,37,330,0
XK5V7MFC,4,1,0,5,0,0,0,1,0,1,0,0,4,0,0,4,0,0,0,0,0,0,0,0,1,4,0,5,0
OGGYXJCE,20,0,2,17,1,0,6,0,1,5,0,0,14,0,1,12,1,0,2,0,0,2,0,0,6,14,2,20,0
HC2PENJH,57,14,22,48,1,1,13,3,6,10,0,0,44,11,16,38,1,1,8,0,3,5,0,0,16,55,8,71,0
8MDNRL7C,126,39,31,110,22,3,34,17,7,33,10,1,92,22,24,77,12,2,10,0,6,3,1,1,51,114,10,165,0
RJCH5OD2,66,15,23,51,7,4,30,12,12,24,6,4,36,3,11,27,1,0,2,0,0,2,0,0,42,39,2,81,0
UNKBCYLY,11,2,0,7,6,0,4,2,0,3,3,0,7,0,0,4,3,0,2,0,0,1,1,0,6,7,2,13,0
CBJKKVUN,20,1,5,15,1,0,13,0,3,9,1,0,7,1,2,6,0,0,3,0,2,1,0,0,13,8,3,21,0
B59SLHQC,34,0,10,23,1,0,9,0,1,7,1,0,25,0,9,16,0,0,5,0,1,4,0,0,9,25,5,34,0
1AMA4ZJ4,40,2,16,26,0,0,25,2,8,19,0,0,15,0,8,7,0,0,3,0,2,1,0,0,27,15,3,42,0
DDFV434W,14,0,3,11,0,0,0,0,0,0,0,0,14,0,3,11,0,0,0,0,0,0,0,0,0,14,0,14,0
W8FFLQ21,22,0,6,16,0,0,4,0,0,4,0,0,18,0,6,12,0,0,2,0,0,2,0,0,4,18,2,22,0
YZDPAIG3,1,0,1,0,0,0,0,0,0,0,0,0,1,0,1,0,0,0,0,0,0,0,0,0,0,1,0,1,0
NSVXLWWP,70,18,9,49,25,5,14,4,2,9,6,1,56,14,7,40,19,4,21,9,3,17,7,3,18,70,30,88,0
85GR2LW9,57,8,3,53,7,2,23,6,0,21,6,2,34,2,3,32,1,0,10,0,0,10,0,0,29,36,10,65,0
TUJS5OO1,39,0,7,30,2,0,13,0,0,13,0,0,26,0,7,17,2,0,2,0,1,1,0,0,13,26,2,39,0
OSTXNYFL,79,4,13,69,1,3,13,3,4,11,1,1,66,1,9,58,0,2,17,0,2,15,0,0,16,67,17,83,0
47COCQI7,183,27,69,129,12,3,53,13,20,43,3,1,130,14,49,86,9,2,21,4,5,16,4,0,66,144,25,210,0
CIBXFZCB,68,2,14,52,4,0,17,1,4,13,1,0,51,1,10,39,3,0,5,0,3,2,0,0,18,52,5,70,0
VFFEGLSS,118,9,12,81,34,0,32,9,4,25,12,0,86,0,8,56,22,0,8,0,1,7,0,0,41,86,8,127,0
PJWVO656,35,2,8,27,2,0,5,2,1,6,0,0,30,0,7,21,2,0,7,0,2,5,0,0,7,30,7,37,0
HILNDR5N,49,3,6,36,4,6,9,1,1,5,4,0,40,2,5,31,0,6,3,0,1,2,0,0,10,42,3,52,0
J7NXTK4X,64,7,19,41,9,2,30,0,2,19,7,2,34,7,17,22,2,0,8,1,5,4,0,0,30,41,9,71,0
QBYBBZHA,11,0,0,11,0,0,4,0,0,4,0,0,7,0,0,7,0,0,0,0,0,0,0,0,4,7,0,11,0
XECCCVAD,8,0,1,7,0,0,1,0,0,1,0,0,7,0,1,6,0,0,1,0,0,1,0,0,1,7,1,8,0
DQBAE238,29,1,8,21,1,0,7,1,2,5,1,0,22,0,6,16,0,0,8,0,1,7,0,0,8,22,8,30,0
C28ESIWZ,15,1,6,10,0,1,10,1,5,6,0,1,5,0,1,4,0,0,0,0,0,0,0,0,11,5,0,16,0
ZCD76DBX,12,5,2,15,0,0,1,3,1,3,0,0,11,2,1,12,0,0,0,0,0,0,0,0,4,13,0,17,0
E7OHUIYG,137,3,14,56,10,61,64,3,8,9,8,43,73,0,6,47,2,18,4,0,0,4,0,0,67,73,4,140,0
NZWSUYVO,19,0,7,12,0,1,5,0,1,4,0,0,14,0,6,8,0,1,5,0,2,3,0,1,5,14,5,19,0
1DXZ5IUP,21,0,0,20,1,0,6,0,0,5,1,0,15,0,0,15,0,0,1,0,0,1,0,0,6,15,1,21,0
MJE4HH9D,10,0,4,6,0,0,1,0,0,1,0,0,9,0,4,5,0,0,1,0,0,1,0,0,1,9,1,10,0
KU4HEKGS,69,6,10,56,9,0,25,6,4,20,7,0,44,0,6,36,2,0,7,0,2,5,0,0,31,44,7,75,0
GLQ4RSGL,9,0,0,9,0,0,4,0,0,4,0,0,5,0,0,5,0,0,0,0,0,0,0,0,4,5,0,9,0
VOSJKIXU,24,2,8,13,5,0,22,2,8,11,5,0,2,0,0,2,0,0,0,0,0,0,0,0,24,2,0,26,0
NO1OH2IL,9,0,2,7,0,0,4,0,0,4,0,0,5,0,2,3,0,0,0,0,0,0,0,0,4,5,0,9,0
BBE2QDHF,5,0,1,4,0,0,2,0,0,2,0,0,3,0,1,2,0,0,0,0,0,0,0,0,2,3,0,5,0
1PXUJIOD,10,0,6,4,0,0,4,0,3,1,0,0,6,0,3,3,0,0,2,0,1,1,0,0,4,6,2,10,1
LMO3KVM2,16,4,6,14,0,0,9,1,5,5,0,0,7,3,1,9,0,0,1,0,0,1,0,0,10,10,1,20,1
BK81YD3Q,6,1,0,5,2,0,1,1,0,1,1,0,5,0,0,4,1,0,1,0,0,1,0,0,2,5,1,7,0
R2OVODTL,16,0,1,15,0,0,3,0,0,3,0,0,13,0,1,12,0,0,1,0,0,1,0,0,3,13,1,16,0
JBYEBRJO,13,2,0,12,3,0,4,0,0,3,1,0,9,2,0,9,2,0,2,0,0,2,0,0,4,11,2,15,0
O46TLIDB,70,1,25,36,10,0,22,0,10,12,0,0,48,1,15,24,10,0,0,0,0,0,0,0,22,49,0,71,0
N9M9VVLA,12,0,6,5,1,0,4,0,0,3,1,0,8,0,6,2,0,0,1,0,0,1,0,0,4,8,1,12,0
AYNPTQSH,13,2,2,11,2,0,4,0,0,4,0,0,9,2,2,7,2,0,0,0,0,0,0,0,4,11,0,15,0
TDSW6WP3,15,0,7,8,0,0,4,0,0,4,0,0,11,0,7,4,0,0,2,0,2,0,0,0,4,11,2,15,0
BGLQVADV,11,1,2,10,0,0,2,1,2,1,0,0,9,0,0,9,0,0,2,0,0,2,0,0,3,9,2,12,0
AYA8ZR3I,78,13,12,61,16,2,41,11,2,35,13,2,37,2,10,26,3,0,2,0,0,2,0,0,52,39,2,91,0
D4ZIMWFA,16,1,6,11,0,0,5,0,1,4,0,0,11,1,5,7,0,0,2,0,0,2,0,0,5,12,2,17,0
HKW4E3ZC,1,0,0,0,1,0,0,0,0,0,0,0,1,0,0,0,1,0,1,0,0,0,1,0,0,1,1,1,0
1GWJK3YO,35,0,5,30,0,0,14,0,1,13,0,0,21,0,4,17,0,0,3,0,0,3,0,0,14,21,3,35,0
3HMBJ6HX,28,3,6,25,0,1,9,0,3,6,0,0,19,3,3,19,0,1,2,0,0,2,0,0,9,22,2,31,0
ZFVG78YU,27,4,2,26,3,0,11,1,1,11,0,0,16,3,1,15,3,0,2,0,0,1,1,0,12,19,2,31,0
HBWHVZIK,37,8,12,27,4,1,26,8,12,16,4,1,11,0,0,11,0,0,1,0,0,1,0,0,34,11,1,45,0
TBZUY9SD,58,7,1,54,9,1,9,1,0,6,3,1,49,6,1,48,6,0,9,0,0,9,0,0,10,55,9,65,0
JEMZS821,29,0,2,25,2,0,13,0,1,12,0,0,16,0,1,13,2,0,0,0,0,0,0,0,13,16,0,29,0
ACTMDLCB,9,0,1,1,4,3,5,0,1,0,4,0,4,0,0,1,0,3,1,0,0,1,0,0,5,4,1,9,0
7QNNL2WU,89,18,12,65,16,14,26,4,2,20,6,2,63,14,10,45,10,12,24,13,5,19,3,10,30,77,37,107,0
DN4C9FIY,14,0,0,14,0,0,4,0,0,4,0,0,10,0,0,10,0,0,1,0,0,1,0,0,4,10,1,14,0
ZUWSQPBI,29,3,12,16,4,0,17,3,7,11,2,0,12,0,5,5,2,0,4,0,3,0,1,0,20,12,4,32,0
RGJPFAQI,19,2,5,15,1,0,5,2,1,5,1,0,14,0,4,10,0,0,3,0,3,0,0,0,7,14,3,21,0
EVKQJKSZ,21,5,3,19,3,1,13,0,2,10,1,0,8,5,1,9,2,1,2,5,1,5,0,1,13,13,7,26,0
T6PISCEB,16,0,3,13,0,0,8,0,3,5,0,0,8,0,0,8,0,0,0,0,0,0,0,0,8,8,0,16,0
VUBJIPYU,53,0,9,43,1,0,18,0,5,13,0,0,35,0,4,30,1,0,9,0,2,7,0,0,18,35,9,53,0
DMYQQ1B9,11,0,1,7,3,0,0,0,0,0,0,0,11,0,1,7,3,0,1,0,0,1,0,0,0,11,1,11,0
VLEGG8PJ,4,0,1,3,0,1,3,0,1,2,0,1,1,0,0,1,0,0,0,0,0,0,0,0,3,1,0,4,0
KWNTQGNE,10,0,5,5,0,2,4,0,2,2,0,2,6,0,3,3,0,0,0,0,0,0,0,0,4,6,0,10,1
NN3Z8H3I,61,10,5,44,16,6,18,2,2,14,4,0,43,8,3,30,12,6,9,0,2,6,1,0,20,51,9,71,0
WOUEAJLS,1,3,0,4,0,0,0,2,0,2,0,0,1,1,0,2,0,0,0,0,0,0,0,0,2,2,0,4,0
9GU56GF9,36,8,9,31,3,1,13,6,4,11,3,1,23,2,5,20,0,0,3,0,1,2,0,0,19,25,3,44,0
WY3RCEMM,28,1,6,22,1,1,5,0,0,5,0,0,23,1,6,17,1,1,2,1,1,2,0,0,5,24,3,29,0
5HJ4DP3J,4,0,0,4,0,0,0,0,0,0,0,0,4,0,0,4,0,0,0,0,0,0,0,0,0,4,0,4,1
UWSOBXPM,46,1,11,31,5,1,10,0,4,6,0,0,36,1,7,25,5,1,8,1,4,4,1,1,10,37,9,47,0
17QVNHDK,27,1,4,22,2,0,3,1,0,3,1,0,24,0,4,19,1,0,9,0,1,7,1,0,4,24,9,28,0
YOCDJGWR,37,6,15,25,0,2,9,0,2,7,0,0,28,6,13,18,0,2,4,0,1,3,0,0,9,34,4,43,0
YLNKD7HC,18,1,3,14,1,1,12,1,1,10,1,1,6,0,2,4,0,0,2,0,0,2,0,0,13,6,2,19,1
XEZ3PSXR,185,15,56,100,34,12,52,7,16,28,10,5,133,8,40,72,24,7,19,2,7,13,1,0,59,141,21,200,0
A2Z4HE7Q,143,20,11,98,28,26,48,12,5,29,11,15,95,8,6,69,17,11,36,4,4,22,9,5,60,103,40,163,0
PHPV5RKJ,15,1,7,9,0,0,5,1,2,4,0,0,10,0,5,5,0,0,1,0,1,0,0,0,6,10,1,16,0
IEVZMMKO,22,0,2,16,4,0,10,0,0,8,2,0,12,0,2,8,2,0,1,0,0,1,0,0,10,12,1,22,0
7UGAWQ4N,66,5,23,46,2,2,20,3,8,13,2,0,46,2,15,33,0,2,12,1,5,8,0,0,23,48,13,71,0
9W2YPAKE,19,0,1,18,0,0,2,0,0,2,0,0,17,0,1,16,0,0,3,0,0,3,0,0,2,17,3,19,0
RXMFOWUH,29,6,9,26,0,1,4,3,0,7,0,0,25,3,9,19,0,1,0,0,0,0,0,0,7,28,0,35,0
L9NTUCVZ,29,4,9,24,0,1,6,1,2,5,0,0,23,3,7,19,0,1,2,0,0,2,0,0,7,26,2,33,0
G89POEB1,2,0,1,1,0,0,0,0,0,0,0,0,2,0,1,1,0,0,0,0,0,0,0,0,0,2,0,2,0
XCU931HM,31,1,2,14,5,11,7,1,0,4,4,0,24,0,2,10,1,11,1,0,1,0,0,0,8,24,1,32,0
JN5SZFGZ,4,1,0,2,3,0,2,0,0,1,1,0,2,1,0,1,2,0,0,0,0,0,0,0,2,3,0,5,0
MQAS2JCA,22,0,1,21,0,0,2,0,0,2,0,0,20,0,1,19,0,0,2,0,0,2,0,0,2,20,2,22,0
PTWHHPHQ,34,1,8,27,0,0,7,0,3,4,0,0,27,1,5,23,0,0,6,1,2,5,0,0,7,28,7,35,0
MMKWXCXI,32,0,10,22,0,0,4,0,1,3,0,0,28,0,9,19,0,0,5,0,1,4,0,0,4,28,5,32,0
ZVHSYKW5,25,0,4,21,0,0,11,0,1,10,0,0,14,0,3,11,0,0,3,0,1,2,0,0,11,14,3,25,0
HSJQAJBX,174,16,31,138,21,1,74,5,12,60,7,1,100,11,19,78,14,0,9,1,5,5,0,0,79,111,10,190,0
KZTYJVZZ,158,15,69,97,7,9,77,11,37,48,3,6,81,4,32,49,4,3,10,0,3,7,0,0,88,85,10,173,0
BZS6NUM3,43,9,5,38,9,0,18,4,0,21,1,0,25,5,5,17,8,0,2,1,1,2,0,0,22,30,3,52,0
DPQCKSRS,2,1,0,3,0,0,0,0,0,0,0,0,2,1,0,3,0,0,2,1,0,3,0,0,0,3,3,3,0
HDXT4DAK,51,11,16,43,3,1,19,4,7,15,1,0,32,7,9,28,2,1,8,0,3,5,0,0,23,39,8,62,0
JD847CTC,79,12,3,23,7,57,37,0,1,8,2,25,42,12,2,15,5,32,1,0,1,0,0,0,37,54,1,91,1
RQPAMULA,147,29,46,119,11,0,56,16,22,47,3,0,91,13,24,72,8,0,14,0,5,8,1,0,72,104,14,176,0
VE2I1P2M,37,2,2,20,14,3,26,2,2,11,12,3,11,0,0,9,2,0,0,0,0,0,0,0,28,11,0,39,0
Y9JB9YRU,41,8,9,32,8,0,10,0,1,7,2,0,31,8,8,25,6,0,3,1,0,2,2,0,10,39,4,49,0
V92VSJLU,63,17,12,39,21,10,28,17,3,19,16,8,35,0,9,20,5,2,8,0,5,3,0,1,45,35,8,80,0
AOQZPVLT,39,0,7,32,0,0,9,0,1,8,0,0,30,0,6,24,0,0,6,0,1,5,0,0,9,30,6,39,0
BKTPGPH1,70,5,0,14,32,29,32,2,0,4,17,13,38,3,0,10,15,16,5,0,0,3,2,0,34,41,5,75,0
FFX6NITO,99,12,27,73,11,0,24,9,10,20,3,0,75,3,17,53,8,0,12,0,3,9,0,0,33,78,12,111,0
RUIDYTKL,21,8,2,21,2,4,11,4,2,12,1,0,10,4,0,9,1,4,1,0,0,1,0,0,15,14,1,29,0
IJYXACB2,44,2,5,35,6,0,28,2,2,23,5,0,16,0,3,12,1,0,0,0,0,0,0,0,30,16,0,46,0
MJFJBFUG,136,14,49,96,5,1,51,11,24,35,3,1,85,3,25,61,2,0,15,0,2,13,0,0,62,88,15,150,0
8WDERJDU,7,1,3,5,0,0,5,1,2,4,0,0,2,0,1,1,0,0,0,0,0,0,0,0,6,2,0,8,0
RFOAPOIH,10,9,2,14,3,0,3,8,2,6,3,0,7,1,0,8,0,0,2,0,0,2,0,0,11,8,2,19,0
QQRZ1UF3,5,9,0,3,5,6,5,9,0,3,5,6,0,0,0,0,0,0,0,0,0,0,0,0,14,0,0,14,0
PLSASYUC,25,0,13,12,0,1,10,0,7,3,0,1,15,0,6,9,0,0,3,0,2,1,0,0,10,15,3,25,0
VJJ1SHET,12,0,1,8,0,3,6,0,0,3,0,3,6,0,1,5,0,0,2,0,0,2,0,0,6,6,2,12,0
KTFUKIS8,4,4,2,6,0,0,4,4,2,6,0,0,0,0,0,0,0,0,0,0,0,0,0,0,8,0,0,8,0
EXVEON7Z,27,17,2,22,13,6,19,16,0,17,11,6,8,1,2,5,2,0,1,0,0,1,0,0,35,9,1,44,0
JNO7EHK3,37,0,6,31,0,0,11,0,2,9,0,0,26,0,4,22,0,0,3,0,1,2,0,0,11,26,3,37,0
586ZKWJU,42,13,15,39,1,0,35,11,14,31,1,0,7,2,1,8,0,0,1,0,0,1,0,0,46,9,1,55,0
Z2JQAYS9,8,0,0,8,0,0,1,0,0,1,0,0,7,0,0,7,0,0,1,0,0,1,0,0,1,7,1,8,0
UFNJX3BM,55,3,19,39,0,0,12,1,4,9,0,0,43,2,15,30,0,0,6,1,4,3,0,0,13,45,7,58,0
L85MJBSW,82,5,29,58,0,1,18,5,5,18,0,0,64,0,24,40,0,1,16,0,5,11,0,0,23,64,16,87,0
PNON1HVC,26,1,3,24,0,0,5,0,0,5,0,0,21,1,3,19,0,0,3,1,0,4,0,0,5,22,4,27,0
N8U41TIE,45,7,16,32,2,3,18,5,6,14,1,2,27,2,10,18,1,1,7,0,4,3,0,0,23,29,7,52,0
FOCOM5WN,165,56,60,146,13,4,87,21,31,68,7,2,78,35,29,78,6,2,21,5,7,18,1,0,108,113,26,221,0
Q7LIUMUX,5,0,0,5,0,0,4,0,0,4,0,0,1,0,0,1,0,0,0,0,0,0,0,0,4,1,0,5,0
YLZIBIUW,27,0,10,16,1,2,7,0,4,3,0,2,20,0,6,13,1,0,0,0,0,0,0,0,7,20,0,27,0
VWETE7CX,24,0,10,14,0,0,9,0,3,6,0,0,15,0,7,8,0,0,3,0,1,2,0,0,9,15,3,24,0
SNZ3LFOL,114,6,11,65,41,3,34,4,5,20,11,2,80,2,6,45,30,1,12,1,0,10,3,0,38,82,13,120,0
EMLWCNJ4,42,0,6,35,1,0,12,0,0,11,1,0,30,0,6,24,0,0,4,0,0,4,0,0,12,30,4,42,0
G14N8SKS,45,3,12,35,1,0,13,0,3,10,0,0,32,3,9,25,1,0,8,1,1,7,1,0,13,35,9,48,0
PQNXOLUC,156,54,5,112,63,30,121,48,3,80,57,29,35,6,2,32,6,1,1,0,1,0,0,0,169,41,1,210,0
GR6MUJKE,40,9,10,37,2,0,10,1,2,9,0,0,30,8,8,28,2,0,5,7,1,10,1,0,11,38,12,49,0
M3HTNZVE,92,13,22,80,3,0,27,3,7,22,1,0,65,10,15,58,2,0,9,0,0,9,0,0,30,75,9,105,0
FKCMXQ3L,12,2,5,9,0,0,1,0,1,0,0,0,11,2,4,9,0,0,0,0,0,0,0,0,1,13,0,14,0
E7JX8Y79,74,3,8,64,5,0,13,0,1,11,1,0,61,3,7,53,4,0,14,1,3,12,0,0,13,64,15,77,1
CGGCB65L,45,5,11,36,3,0,25,5,8,20,2,0,20,0,3,16,1,0,1,0,0,1,0,0,30,20,1,50,0
BDB8XRJ6,16,6,6,14,2,0,4,3,2,5,0,0,12,3,4,9,2,0,3,0,1,2,0,0,7,15,3,22,0
HRGQLNHZ,2,0,0,0,2,0,1,0,0,0,1,0,1,0,0,0,1,0,0,0,0,0,0,0,1,1,0,2,0
IB13DS6F,13,0,6,7,0,0,3,0,0,3,0,0,10,0,6,4,0,0,0,0,0,0,0,0,3,10,0,13,0
9BLR6DRQ,57,0,14,43,0,0,7,0,3,4,0,0,50,0,11,39,0,0,7,0,0,7,0,0,7,50,7,57,0
ZIBQ4DSR,46,11,4,50,3,0,3,0,0,3,0,0,43,11,4,47,3,0,5,0,0,5,0,0,3,54,5,57,0
R1KGRRBY,32,5,13,24,0,0,12,0,4,8,0,0,20,5,9,16,0,0,4,0,3,1,0,0,12,25,4,37,0
WMYBNOKW,38,0,0,37,1,0,11,0,0,10,1,0,27,0,0,27,0,0,2,0,0,2,0,0,11,27,2,38,0
KSASQDH8,19,2,0,20,1,0,7,0,0,7,0,0,12,2,0,13,1,0,0,1,0,1,0,0,7,14,1,21,0
TJPJTQXK,67,1,16,52,0,1,13,1,2,12,0,0,54,0,14,40,0,1,1,0,0,1,0,0,14,54,1,68,0
5UJ3UMKR,32,4,8,28,0,0,9,2,3,8,0,0,23,2,5,20,0,0,2,0,0,2,0,0,11,25,2,36,0
CHBY2MMZ,19,6,1,23,1,0,6,3,1,7,1,0,13,3,0,16,0,0,0,1,0,1,0,0,9,16,1,25,0
PJLQHPLF,38,0,4,31,3,0,16,0,3,13,0,0,22,0,1,18,3,0,3,0,1,1,1,0,16,22,3,38,0
HTJ9EGB1,45,2,2,43,2,0,13,0,0,12,1,0,32,2,2,31,1,0,6,1,0,6,1,0,13,34,7,47,0
GEDWGIPV,68,0,23,45,0,0,14,0,5,9,0,0,54,0,18,36,0,0,5,0,2,3,0,0,14,54,5,68,0
HLPMVJHM,14,0,3,11,0,0,1,0,1,0,0,0,13,0,2,11,0,0,1,0,1,0,0,0,1,13,1,14,0
JIHBKKOT,15,0,4,10,1,0,3,0,0,3,0,0,12,0,4,7,1,0,2,0,0,1,1,0,3,12,2,15,1
L47E1GJE,37,5,6,30,6,0,3,0,0,2,1,0,34,5,6,28,5,0,6,3,1,7,1,0,3,39,9,42,0
QJMGK1FN,10,0,3,7,0,0,3,0,1,2,0,0,7,0,2,5,0,0,1,0,0,1,0,0,3,7,1,10,0
MRTPTMSH,17,0,8,9,0,1,6,0,2,4,0,1,11,0,6,5,0,0,3,0,1,2,0,0,6,11,3,17,0
BSBFEAPB,20,9,11,16,1,1,9,3,6,5,1,0,11,6,5,11,0,1,5,4,1,7,0,1,12,17,9,29,0
KKMNNRTT,8,3,3,8,0,1,3,0,1,2,0,1,5,3,2,6,0,0,0,0,0,0,0,0,3,8,0,11,0
TKENNLZO,18,2,0,14,4,2,12,2,0,8,4,2,6,0,0,6,0,0,0,0,0,0,0,0,14,6,0,20,0
Q2CFTRSP,26,1,4,21,2,0,6,1,0,7,0,0,20,0,4,14,2,0,2,0,1,1,0,0,7,20,2,27,0
NPYLRKYH,59,0,14,43,2,1,15,0,1,13,1,0,44,0,13,30,1,1,7,0,2,4,1,0,15,44,7,59,0
V3IZA6IC,3,0,0,3,0,0,0,0,0,0,0,0,3,0,0,3,0,0,2,0,0,2,0,0,0,3,2,3,0
3HCFIKMR,63,6,13,48,5,4,15,1,3,12,1,0,48,5,10,36,4,4,9,4,4,8,1,1,16,53,13,69,0
KAWH8KBJ,27,0,5,22,0,0,5,0,2,3,0,0,22,0,3,19,0,0,6,0,3,3,0,0,5,22,6,27,0
MWNENAZF,71,2,8,63,2,0,25,0,5,19,1,0,46,2,3,44,1,0,2,0,0,2,0,0,25,48,2,73,0
BYHRMGYI,35,4,6,29,1,3,9,3,4,7,1,0,26,1,2,22,0,3,10,0,0,10,0,0,12,27,10,39,0
AWZB8CWK,6,0,2,4,0,0,1,0,1,0,0,0,5,0,1,4,0,0,0,0,0,0,0,0,1,5,0,6,0
TDA1BPAH,3,0,0,3,0,0,2,0,0,2,0,0,1,0,0,1,0,0,0,0,0,0,0,0,2,1,0,3,0
GQBYB7HG,69,2,19,51,1,3,16,1,6,11,0,1,53,1,13,40,1,2,9,0,4,5,0,0,17,54,9,71,1
MDHPOBXB,58,8,14,38,7,7,22,2,6,16,2,0,36,6,8,22,5,7,7,0,2,5,0,0,24,42,7,66,0
LAI1UFM9,40,2,9,29,3,1,17,2,4,12,2,1,23,0,5,17,1,0,3,0,0,2,1,0,19,23,3,42,0
PODBDHTS,9,4,0,13,0,0,1,3,0,4,0,0,8,1,0,9,0,0,2,0,0,2,0,0,4,9,2,13,0
DWGRHWHC,30,0,8,22,0,0,7,0,2,5,0,0,23,0,6,17,0,0,2,0,0,2,0,0,7,23,2,30,0
GK48FVZT,78,2,14,65,1,0,24,2,6,20,0,0,54,0,8,45,1,0,8,0,0,8,0,0,26,54,8,80,0
LN68DUQ2,40,1,6,31,4,0,9,1,1,6,3,0,31,0,5,25,1,0,4,0,0,4,0,0,10,31,4,41,0
FZLSQZX6,69,2,9,53,8,1,27,2,4,18,7,0,42,0,5,35,1,1,4,0,0,4,0,0,29,42,4,71,0
BKARQN7L,124,8,20,97,14,1,52,8,8,38,13,1,72,0,12,59,1,0,17,0,4,13,0,0,60,72,17,132,0
MTYGSOZY,25,0,0,18,7,0,6,0,0,5,1,0,19,0,0,13,6,0,4,0,0,3,1,0,6,19,4,25,0
I6XXMRKW,28,1,11,18,0,0,16,0,5,11,0,0,12,1,6,7,0,0,2,0,1,1,0,0,16,13,2,29,0
B5QRFVN2,39,0,24,15,0,0,9,0,4,5,0,0,30,0,20,10,0,0,1,0,1,0,0,0,9,30,1,39,0
QZRQKCOL,59,0,27,29,3,1,18,0,7,9,2,0,41,0,20,20,1,1,6,0,2,4,0,0,18,41,6,59,0
5DVSVDKI,71,2,7,65,1,0,29,1,6,24,0,0,42,1,1,41,1,0,7,0,0,7,0,0,30,43,7,73,0
IAJLNQDP,69,20,25,53,10,2,41,7,12,28,7,2,28,13,13,25,3,0,3,0,2,1,0,0,48,41,3,89,0
XJYJUERL,107,16,40,67,2,14,23,3,5,16,2,3,84,13,35,51,0,11,20,3,8,12,0,3,26,97,23,123,0
PVN2BQAF,36,0,4,29,3,0,14,0,1,13,0,0,22,0,3,16,3,0,3,0,0,1,2,0,14,22,3,36,0
XEM1B4O7,77,4,17,62,2,0,28,0,7,21,0,0,49,4,10,41,2,0,13,0,2,10,1,0,28,53,13,81,0
GE66BE2X,82,0,16,63,3,0,24,0,2,20,2,0,58,0,14,43,1,0,14,0,4,10,0,0,24,58,14,82,0
557T7UKQ,6,0,0,6,0,0,4,0,0,4,0,0,2,0,0,2,0,0,0,0,0,0,0,0,4,2,0,6,0
O7JCB4II,68,6,13,47,8,6,23,6,4,16,5,4,45,0,9,31,3,2,6,0,0,6,0,0,29,45,6,74,0
TYTAYTJS,26,1,6,21,0,0,5,1,1,5,0,0,21,0,5,16,0,0,4,0,1,3,0,0,6,21,4,27,0
EHRGBIR6,105,3,13,86,9,3,25,1,0,22,4,0,80,2,13,64,5,3,9,0,0,9,0,0,26,82,9,108,0
JWKYGEOC,39,0,7,32,0,0,10,0,2,8,0,0,29,0,5,24,0,0,5,0,1,4,0,0,10,29,5,39,0
IXRKMLOC,127,19,53,92,1,7,50,16,20,45,1,5,77,3,33,47,0,2,16,1,5,12,0,0,66,80,17,146,0
BGCKIBON,30,6,4,30,2,0,13,6,4,13,2,0,17,0,0,17,0,0,5,0,0,5,0,0,19,17,5,36,0
2TDDWYYC,70,5,5,61,6,2,24,5,0,25,2,2,46,0,5,36,4,0,4,0,1,2,0,0,29,46,4,75,0
FKYK4SUN,50,1,16,35,0,0,25,1,13,13,0,0,25,0,3,22,0,0,2,0,0,2,0,0,26,25,2,51,0
PVI4HXQ8,60,0,18,42,0,0,9,0,5,4,0,0,51,0,13,38,0,0,5,0,1,4,0,0,9,51,5,60,0
ZWU8XQBJ,21,2,4,18,1,0,14,2,3,12,1,0,7,0,1,6,0,0,1,0,0,1,0,0,16,7,1,23,0
NNJ2VNAO,38,0,11,25,2,2,14,0,1,12,1,0,24,0,10,13,1,2,0,0,0,0,0,0,14,24,0,38,0
8FNAGARE,168,45,23,141,49,0,46,17,7,35,21,0,122,28,16,106,28,0,18,0,1,16,1,0,63,150,18,213,0
35POKEKN,21,0,2,19,0,0,7,0,0,7,0,0,14,0,2,12,0,0,3,0,0,3,0,0,7,14,3,21,0
2HNSQ5L2,26,0,7,19,0,0,9,0,1,8,0,0,17,0,6,11,0,0,0,0,0,0,0,0,9,17,0,26,0
ATBCIGBP,48,8,14,38,4,3,15,7,5,16,1,0,33,1,9,22,3,3,11,0,3,6,2,0,22,34,11,56,0
EOJCJXCB,14,0,2,12,0,0,4,0,0,4,0,0,10,0,2,8,0,0,0,0,0,0,0,0,4,10,0,14,0
H1XPKHQ2,5,0,3,0,2,0,1,0,1,0,0,0,4,0,2,0,2,0,0,0,0,0,0,0,1,4,0,5,0
LQS4NCZI,79,13,9,50,27,6,11,0,4,6,1,0,68,13,5,44,26,6,40,10,4,22,18,6,11,81,50,92,0
L4RRHIVV,5,0,2,3,0,0,1,0,0,1,0,0,4,0,2,2,0,0,0,0,0,0,0,0,1,4,0,5,0
WDLC5IB8,17,3,4,16,0,0,11,1,3,9,0,0,6,2,1,7,0,0,3,0,1,2,0,0,12,8,3,20,0
LJJRYVL5,16,14,3,17,9,1,0,0,0,0,0,0,16,14,3,17,9,1,8,9,2,9,5,1,0,30,17,30,0
9ZU5EUZP,13,0,5,8,0,0,7,0,3,4,0,0,6,0,2,4,0,0,1,0,1,0,0,0,7,6,1,13,0
4MCIXYQL,35,3,12,21,5,1,13,0,2,8,3,0,22,3,10,13,2,1,0,1,1,0,0,0,13,25,1,38,0
VZI54OMC,41,5,6,36,1,3,11,0,2,9,0,0,30,5,4,27,1,3,5,4,2,7,0,0,11,35,9,46,0
IBCHHEIO,43,7,6,41,3,0,29,5,3,29,2,0,14,2,3,12,1,0,0,0,0,0,0,0,34,16,0,50,0
PHPN7DVI,12,1,1,11,1,0,3,0,0,2,1,0,9,1,1,9,0,0,1,0,0,1,0,0,3,10,1,13,0
CKIAWU1X,11,11,4,14,4,0,1,2,1,2,0,0,10,9,3,12,4,0,4,3,1,6,0,0,3,19,7,22,0
Z7B3IVEJ,3,3,1,5,0,0,2,1,1,2,0,0,1,2,0,3,0,0,0,0,0,0,0,0,3,3,0,6,0
WHO8SHZK,9,0,4,5,0,0,3,0,1,2,0,0,6,0,3,3,0,0,0,0,0,0,0,0,3,6,0,9,0
JE92PCOP,55,2,17,40,0,2,13,1,1,13,0,0,42,1,16,27,0,2,4,0,2,2,0,0,14,43,4,57,0
Z1EWYYJY,27,2,4,19,6,2,5,1,3,3,0,1,22,1,1,16,6,1,2,1,0,3,0,0,6,23,3,29,0
VN9DJC5B,35,2,24,12,1,0,14,2,12,4,0,0,21,0,12,8,1,0,4,0,1,2,1,0,16,21,4,37,0
UCUAVGWG,7,2,1,8,0,0,1,1,0,2,0,0,6,1,1,6,0,0,0,0,0,0,0,0,2,7,0,9,0
TP8HQLHL,23,7,2,20,8,0,7,3,0,4,6,0,16,4,2,16,2,0,1,1,0,2,0,0,10,20,2,30,0
HYI99E5N,50,1,10,31,8,2,16,0,5,9,2,0,34,1,5,22,6,2,3,0,0,2,0,1,16,35,3,51,0
PEIYWECE,18,6,2,22,0,0,10,1,0,11,0,0,8,5,2,11,0,0,2,1,1,2,0,0,11,13,3,24,0
BQRLBZMV,8,0,0,8,0,0,2,0,0,2,0,0,6,0,0,6,0,0,1,0,0,1,0,0,2,6,1,8,0
3WL19NFS,82,7,9,53,21,6,16,4,3,13,3,1,66,3,6,40,18,5,8,0,1,6,1,0,20,69,8,89,0
E1QSNCTF,14,3,4,11,2,0,2,0,0,1,1,0,12,3,4,10,1,0,1,0,0,1,0,0,2,15,1,17,1
ZP4EERG5,47,12,9,44,6,0,4,0,1,2,1,0,43,12,8,42,5,0,5,0,0,5,0,0,4,55,5,59,0
XLEPVBNR,58,26,8,58,13,5,35,14,7,30,8,4,23,12,1,28,5,1,2,0,0,1,0,1,49,35,2,84,0
U2GUG2JI,141,22,47,109,7,1,49,12,18,39,4,0,92,10,29,70,3,1,21,3,8,15,1,0,61,102,24,163,0
SCPCRZPF,45,15,9,38,6,7,6,2,1,5,1,1,39,13,8,33,5,6,15,11,3,14,4,5,8,52,26,60,0
8K4MOF9Q,66,7,14,50,8,2,16,2,3,13,2,0,50,5,11,37,6,2,3,0,1,1,1,1,18,55,3,73,0
ECHYWAGX,40,2,14,28,0,0,7,1,4,4,0,0,33,1,10,24,0,0,3,0,0,3,0,0,8,34,3,42,0
GHJGG1DD,20,1,0,20,1,0,13,0,0,12,1,0,7,1,0,8,0,0,3,0,0,3,0,0,13,8,3,21,0
HUYLWHTW,38,11,4,37,8,0,16,3,1,13,5,0,22,8,3,24,3,0,7,0,0,4,3,0,19,30,7,49,0
MHAZLGMB,52,1,15,38,0,0,20,0,6,14,0,0,32,1,9,24,0,0,3,0,0,3,0,0,20,33,3,53,0
AUMMEAGO,13,3,1,12,2,1,3,0,0,3,0,0,10,3,1,9,2,1,0,0,0,0,0,0,3,13,0,16,0
Z9NJB3XF,71,2,18,50,5,6,12,2,2,12,0,0,59,0,16,38,5,6,7,0,2,5,0,0,14,59,7,73,0
A7ZOT8NM,34,0,10,23,1,0,9,0,0,9,0,0,25,0,10,14,1,0,2,0,2,0,0,0,9,25,2,34,0
2QMNW7DM,3,0,1,2,0,0,0,0,0,0,0,0,3,0,1,2,0,0,0,0,0,0,0,0,0,3,0,3,0
RMULZGVR,51,15,18,46,2,0,27,10,8,27,2,0,24,5,10,19,0,0,8,0,2,6,0,0,37,29,8,66,0
1QYDTIUU,22,1,3,19,1,0,5,1,0,6,0,0,17,0,3,13,1,0,1,0,0,1,0,0,6,17,1,23,0
N9NYJX59,20,0,8,10,0,2,2,0,2,0,0,0,18,0,6,10,0,2,2,0,0,0,0,2,2,18,2,20,0
9B5SVT9C,70,2,18,54,0,0,22,2,6,18,0,0,48,0,12,36,0,0,7,0,3,4,0,0,24,48,7,72,0
HDMWQ5TK,53,1,20,34,0,0,14,1,7,8,0,0,39,0,13,26,0,0,6,0,2,4,0,0,15,39,6,54,0
DRGS3IOP,26,4,8,21,1,0,14,4,6,12,0,0,12,0,2,9,1,0,1,0,0,1,0,0,18,12,1,30,0
CTKBHNYD,12,1,2,11,0,0,2,1,1,2,0,0,10,0,1,9,0,0,0,0,0,0,0,0,3,10,0,13,0
3JFSKFWR,20,0,1,19,0,0,2,0,0,2,0,0,18,0,1,17,0,0,8,0,0,8,0,0,2,18,8,20,0
WIJHYRS6,57,2,15,44,0,0,8,0,1,7,0,0,49,2,14,37,0,0,1,0,0,1,0,0,8,51,1,59,0
FBVWDIBW,61,20,4,74,3,0,18,4,0,21,1,0,43,16,4,53,2,0,17,4,1,19,1,0,22,59,21,81,0
8PSKOXVX,21,0,0,15,6,0,10,0,0,8,2,0,11,0,0,7,4,0,0,0,0,0,0,0,10,11,0,21,0
DBRPZHO1,51,4,13,42,0,0,12,1,2,11,0,0,39,3,11,31,0,0,7,0,1,6,0,0,13,42,7,55,0
IIPOD26I,3,0,0,3,0,0,1,0,0,1,0,0,2,0,0,2,0,0,0,0,0,0,0,0,1,2,0,3,0
RJCURQNJ,11,1,0,10,2,0,2,0,0,2,0,0,9,1,0,8,2,0,1,0,0,1,0,0,2,10,1,12,0
MGFL2EDZ,66,5,13,55,3,0,13,0,2,11,0,0,53,5,11,44,3,0,9,0,3,6,0,0,13,58,9,71,0
NHQRAH9Y,92,11,18,80,5,0,32,2,7,23,4,0,60,9,11,57,1,0,8,3,1,10,0,0,34,69,11,103,0
CPNCUS8F,5,0,1,4,0,0,1,0,0,1,0,0,4,0,1,3,0,0,0,0,0,0,0,0,1,4,0,5,0
ON4EUZ76,31,0,11,20,0,0,11,0,4,7,0,0,20,0,7,13,0,0,2,0,0,2,0,0,11,20,2,31,0
G6SDSEXH,27,0,5,21,1,1,10,0,3,7,0,1,17,0,2,14,1,0,5,0,0,5,0,0,10,17,5,27,0
CTPGVLS1,33,3,11,24,1,0,13,1,6,7,1,0,20,2,5,17,0,0,6,0,0,6,0,0,14,22,6,36,0
XNC31GO2,25,0,8,17,0,0,2,0,1,1,0,0,23,0,7,16,0,0,4,0,1,3,0,0,2,23,4,25,0
PDFKABKP,12,0,1,9,2,0,3,0,0,1,2,0,9,0,1,8,0,0,1,0,0,1,0,0,3,9,1,12,0
QZELL5FZ,23,0,5,18,0,0,0,0,0,0,0,0,23,0,5,18,0,0,5,0,2,3,0,0,0,23,5,23,0
7468TWSX,32,7,11,28,0,0,19,6,9,16,0,0,13,1,2,12,0,0,2,0,1,1,0,0,25,14,2,39,0
8ZCO4RMN,95,2,20,74,3,1,23,1,6,17,1,0,72,1,14,57,2,1,17,0,3,14,0,0,24,73,17,97,0
AYZK4MHW,19,1,6,14,0,0,10,1,4,7,0,0,9,0,2,7,0,0,0,0,0,0,0,0,11,9,0,20,0
FQKIWIPK,0,1,0,1,0,0,0,1,0,1,0,0,0,0,0,0,0,0,0,0,0,0,0,0,1,0,0,1,0
PM6TDM1W,2,0,0,1,1,0,2,0,0,1,1,0,0,0,0,0,0,0,0,0,0,0,0,0,2,0,0,2,0
PLV2XDFW,73,4,16,60,1,0,13,0,2,11,0,0,60,4,14,49,1,0,11,0,2,9,0,0,13,64,11,77,0
JEHDLWG8,22,0,9,13,0,1,10,0,3,7,0,0,12,0,6,6,0,1,3,0,2,1,0,0,10,12,3,22,0
BEMGKVTN,18,5,0,10,4,9,6,2,0,1,2,5,12,3,0,9,2,4,1,0,0,1,0,0,8,15,1,23,0
VQYKWXEV,20,0,5,15,0,0,5,0,0,5,0,0,15,0,5,10,0,0,6,0,3,3,0,0,5,15,6,20,0
FZRGJO2A,10,1,0,8,1,1,2,0,0,2,0,0,8,1,0,6,1,1,5,1,0,4,0,1,2,9,6,11,0
6FOCWTNF,78,8,8,57,13,8,26,3,0,22,3,4,52,5,8,35,10,4,15,3,3,11,3,1,29,57,18,86,0
YCD1IBUB,17,6,4,9,10,1,12,6,3,5,10,1,5,0,1,4,0,0,0,0,0,0,0,0,18,5,0,23,0
AY5NFADK,30,2,5,25,2,0,13,1,3,9,2,0,17,1,2,16,0,0,2,0,0,2,0,0,14,18,2,32,0
YQCB9FJA,6,1,2,4,1,1,6,1,2,4,1,1,0,0,0,0,0,0,0,0,0,0,0,0,7,0,0,7,0
O8KKYWNE,9,1,4,6,0,0,4,1,2,3,0,0,5,0,2,3,0,0,0,0,0,0,0,0,5,5,0,10,0
HSBDD5LP,42,0,2,40,0,0,10,0,0,10,0,0,32,0,2,30,0,0,7,0,0,7,0,0,10,32,7,42,0
LCBALUHF,5,0,0,5,0,0,3,0,0,3,0,0,2,0,0,2,0,0,0,0,0,0,0,0,3,2,0,5,0
KNIOSMKR,10,0,1,9,0,0,4,0,0,4,0,0,6,0,1,5,0,0,0,0,0,0,0,0,4,6,0,10,0
BAETEVMN,17,1,10,7,1,0,7,1,4,3,1,0,10,0,6,4,0,0,0,0,0,0,0,0,8,10,0,18,0
TWFHG9ZV,31,0,3,26,1,1,6,0,0,6,0,0,25,0,3,20,1,1,0,0,0,0,0,0,6,25,0,31,0
LF4XGSXY,53,14,17,43,7,3,29,7,11,21,4,3,24,7,6,22,3,0,1,0,0,1,0,0,36,31,1,67,0
NOTX6DMF,24,2,8,13,5,0,1,0,1,0,0,0,23,2,7,13,5,0,19,1,6,9,5,0,1,25,20,26,0
XZQOZVIS,34,0,4,29,1,0,10,0,0,10,0,0,24,0,4,19,1,0,3,0,1,2,0,0,10,24,3,34,0
HHGYLCMM,93,9,22,78,2,0,32,6,11,25,2,0,61,3,11,53,0,0,7,0,1,6,0,0,38,64,7,102,0
8VJVYFO9,27,1,3,22,3,0,7,0,2,5,0,0,20,1,1,17,3,0,4,0,0,4,0,0,7,21,4,28,0
JQPDIES1,34,1,9,25,1,0,10,0,5,4,1,0,24,1,4,21,0,0,4,1,1,4,0,0,10,25,5,35,0
UZMXMRJH,5,0,0,5,0,0,1,0,0,1,0,0,4,0,0,4,0,0,0,0,0,0,0,0,1,4,0,5,0
9S94CHRX,1,0,0,1,0,0,1,0,0,1,0,0,0,0,0,0,0,0,0,0,0,0,0,0,1,0,0,1,0
GYDDNTTM,2,3,0,2,2,1,0,1,0,1,0,0,2,2,0,1,2,1,0,0,0,0,0,0,1,4,0,5,0
GJDJ3JHS,1,2,0,3,0,0,1,1,0,2,0,0,0,1,0,1,0,0,0,0,0,0,0,0,2,1,0,3,0
SRITCNUK,30,0,3,26,1,0,9,0,3,5,1,0,21,0,0,21,0,0,4,0,0,4,0,0,9,21,4,30,0
II6YBAEI,34,0,7,27,0,0,5,0,1,4,0,0,29,0,6,23,0,0,5,0,1,4,0,0,5,29,5,34,0
RTWZOMWX,20,1,11,10,0,0,6,0,4,2,0,0,14,1,7,8,0,0,2,0,2,0,0,0,6,15,2,21,0
XBCYH8L3,21,5,1,11,6,8,2,0,0,2,0,0,19,5,1,9,6,8,2,0,0,0,2,0,2,24,2,26,0
LSQPJDHC,63,1,20,43,1,2,16,1,5,12,0,2,47,0,15,31,1,0,8,0,4,4,0,0,17,47,8,64,0
KMVTUL1S,34,4,14,23,1,0,9,0,4,5,0,0,25,4,10,18,1,0,1,1,1,1,0,0,9,29,2,38,0
X96VXAYQ,39,2,3,19,11,8,22,2,1,8,7,8,17,0,2,11,4,0,0,0,0,0,0,0,24,17,0,41,0
JPBMUK2Z,64,7,12,43,8,8,40,7,6,25,8,8,24,0,6,18,0,0,2,0,0,2,0,0,47,24,2,71,0
3DBGR57S,71,19,19,51,5,16,13,2,6,8,1,0,58,17,13,43,4,16,17,2,3,13,1,2,15,75,19,90,1
9BRLQU2L,35,6,1,34,5,2,10,3,0,10,3,0,25,3,1,24,2,2,2,0,0,2,0,0,13,28,2,41,0
TL6SFUMJ,2,1,0,3,0,0,2,0,0,2,0,0,0,1,0,1,0,0,0,0,0,0,0,0,2,1,0,3,0
HLXTDSSM,6,1,0,5,2,0,3,0,0,3,0,0,3,1,0,2,2,0,1,0,0,0,1,0,3,4,1,7,0
1QANJXYF,3,7,1,6,2,1,1,0,1,0,0,0,2,7,0,6,2,1,1,4,0,3,1,1,1,9,5,10,0
KXZFLWRQ,25,1,8,16,2,1,3,0,1,2,0,0,22,1,7,14,2,1,5,0,3,2,0,1,3,23,5,26,0
6MEPEIUN,16,0,5,6,1,4,0,0,0,0,0,0,16,0,5,6,1,4,11,0,3,3,1,4,0,16,11,16,0
82HTEGVY,12,0,1,11,0,0,5,0,1,4,0,0,7,0,0,7,0,0,2,0,0,2,0,0,5,7,2,12,0
MPDQK2V6,35,0,12,23,0,1,7,0,4,3,0,1,28,0,8,20,0,0,6,0,0,6,0,0,7,28,6,35,0
XWGLQOPS,18,2,1,16,3,1,5,1,0,6,0,0,13,1,1,10,3,1,9,0,0,6,3,0,6,14,9,20,0
4WD7QFE1,25,0,7,17,1,1,6,0,2,4,0,0,19,0,5,13,1,1,3,0,1,2,0,0,6,19,3,25,0
UKJIOWJT,41,5,3,33,3,7,13,3,1,6,2,7,28,2,2,27,1,0,6,2,0,8,0,0,16,30,8,46,0
ROLLVIBU,14,4,2,11,4,1,12,4,2,9,4,1,2,0,0,2,0,0,0,0,0,0,0,0,16,2,0,18,0
HHXUROTX,3,0,0,3,0,0,1,0,0,1,0,0,2,0,0,2,0,0,0,0,0,0,0,0,1,2,0,3,0
XCQJMIFT,32,1,7,26,0,1,6,0,3,3,0,0,26,1,4,23,0,1,7,0,2,5,0,1,6,27,7,33,0
ASHLJPIR,176,28,19,65,56,62,78,12,11,27,23,27,98,16,8,38,33,35,17,0,2,11,4,0,90,114,17,204,1
OK2UIF3Q,19,4,4,17,2,0,7,2,3,6,0,0,12,2,1,11,2,0,4,0,0,3,1,0,9,14,4,23,0
PSYUSBNG,4,0,0,4,0,0,2,0,0,2,0,0,2,0,0,2,0,0,0,0,0,0,0,0,2,2,0,4,0
GFZJX7SF,51,15,9,43,9,5,11,1,0,10,2,0,40,14,9,33,7,5,13,8,6,6,4,5,12,54,21,66,0
JYEIV7D3,32,2,5,27,2,1,9,0,2,7,0,1,23,2,3,20,2,0,5,0,2,3,0,0,9,25,5,34,0
DVW15LZ5,2,0,1,1,0,0,0,0,0,0,0,0,2,0,1,1,0,0,2,0,1,1,0,0,0,2,2,2,0
QGX9HUEN,98,1,29,62,8,1,34,1,12,20,3,0,64,0,17,42,5,1,6,0,2,4,0,0,35,64,6,99,0
CV7WFBSU,14,0,1,13,0,0,4,0,0,4,0,0,10,0,1,9,0,0,0,0,0,0,0,0,4,10,0,14,0
O9TYHHWG,6,0,2,4,0,0,3,0,0,3,0,0,3,0,2,1,0,0,0,0,0,0,0,0,3,3,0,6,0
CLXXTJSU,6,13,6,6,0,7,1,2,1,2,0,0,5,11,5,4,0,7,4,7,3,1,0,7,3,16,11,19,1
BSJTD6MW,69,17,20,59,7,0,32,12,11,28,5,0,37,5,9,31,2,0,6,0,1,5,0,0,44,42,6,86,0
TJEESIDD,4,2,1,5,0,0,2,1,1,2,0,0,2,1,0,3,0,0,0,0,0,0,0,0,3,3,0,6,0
WPGMIJNE,27,1,9,18,1,0,18,1,4,14,1,0,9,0,5,4,0,0,0,0,0,0,0,0,19,9,0,28,0
RUPLYYNL,5,0,1,4,0,0,0,0,0,0,0,0,5,0,1,4,0,0,2,0,0,2,0,0,0,5,2,5,0
DBMY7W7D,49,5,6,43,3,2,11,1,1,9,0,2,38,4,5,34,3,0,7,0,0,6,1,0,12,42,7,54,0
L9OG4WR2,47,0,11,34,2,0,9,0,1,8,0,0,38,0,10,26,2,0,5,0,2,3,0,0,9,38,5,47,0
7UDT5MCM,7,1,1,3,2,3,6,1,1,3,1,3,1,0,0,0,1,0,0,0,0,0,0,0,7,1,0,8,0
XJ1PPJKR,34,0,13,21,0,0,6,0,3,3,0,0,28,0,10,18,0,0,6,0,1,5,0,0,6,28,6,34,0
RMP5GGPH,3,0,0,1,0,2,3,0,0,1,0,2,0,0,0,0,0,0,0,0,0,0,0,0,3,0,0,3,0
CNYTHWEI,5,0,1,4,0,0,0,0,0,0,0,0,5,0,1,4,0,0,3,0,0,3,0,0,0,5,3,5,0
FHKLZVXQ,90,22,18,76,16,7,49,13,14,31,15,7,41,9,4,45,1,0,8,0,0,8,0,0,62,50,8,112,0
KOQIA9QU,43,9,9,32,7,4,6,1,1,4,2,0,37,8,8,28,5,4,15,7,4,13,4,1,7,45,22,52,0
LNUIAGTP,34,0,18,16,0,2,8,0,7,1,0,1,26,0,11,15,0,1,6,0,4,2,0,0,8,26,6,34,0
VJN6YIZI,47,1,5,40,3,0,12,1,1,12,0,0,35,0,4,28,3,0,10,0,1,9,0,0,13,35,10,48,0
OQTEX9JL,25,0,10,15,0,1,6,0,1,5,0,0,19,0,9,10,0,1,2,0,1,1,0,1,6,19,2,25,0
HKT5EAIK,45,0,3,40,2,1,14,0,1,12,1,0,31,0,2,28,1,1,7,0,0,6,1,0,14,31,7,45,0
JU9CCAED,35,0,4,29,2,0,11,0,1,10,0,0,24,0,3,19,2,0,6,0,2,4,0,0,11,24,6,35,1
QESJ8SPQ,22,3,1,21,3,0,10,3,0,10,3,0,12,0,1,11,0,0,2,0,0,2,0,0,13,12,2,25,0
HGKNPHRH,38,1,5,34,0,0,8,0,1,7,0,0,30,1,4,27,0,0,3,0,0,3,0,0,8,31,3,39,0
PU4NG5KM,22,0,3,19,0,0,6,0,0,6,0,0,16,0,3,13,0,0,0,0,0,0,0,0,6,16,0,22,0
AAJDHGP6,43,1,5,38,1,0,5,0,1,4,0,0,38,1,4,34,1,0,12,0,2,10,0,0,5,39,12,44,0
2NIDCGN5,15,2,2,6,9,0,6,2,1,3,4,0,9,0,1,3,5,0,2,0,0,0,2,0,8,9,2,17,0
FOJ4VNSA,65,6,14,54,3,0,28,3,9,21,1,0,37,3,5,33,2,0,5,3,2,5,1,0,31,40,8,71,0
XG3FPL8N,3,1,1,3,0,0,3,0,1,2,0,0,0,1,0,1,0,0,0,0,0,0,0,0,3,1,0,4,0
2UO8MK6N,12,0,3,9,0,0,5,0,2,3,0,0,7,0,1,6,0,0,1,0,0,1,0,0,5,7,1,12,0
E6M2TNIK,10,0,7,3,0,0,1,0,1,0,0,0,9,0,6,3,0,0,6,0,3,3,0,0,1,9,6,10,0
UEWYYQYS,26,0,4,20,2,0,8,0,2,6,0,0,18,0,2,14,2,0,1,0,0,1,0,0,8,18,1,26,0
OZXJUZFY,1,0,0,1,0,0,1,0,0,1,0,0,0,0,0,0,0,0,0,0,0,0,0,0,1,0,0,1,0
PGMO9WCD,10,0,3,7,0,0,3,0,2,1,0,0,7,0,1,6,0,0,2,0,0,2,0,0,3,7,2,10,0
W2DCTZDZ,24,5,4,22,3,0,13,3,3,10,3,0,11,2,1,12,0,0,1,0,0,1,0,0,16,13,1,29,0
GOBE6XQ7,58,2,14,41,5,0,13,1,2,12,0,0,45,1,12,29,5,0,8,0,4,4,0,0,14,46,8,60,0
WQ4IW4JC,5,1,2,4,0,0,1,0,0,1,0,0,4,1,2,3,0,0,3,0,2,1,0,0,1,5,3,6,0
QPVHGWQN,60,5,4,45,14,2,18,4,1,13,6,2,42,1,3,32,8,0,7,0,0,7,0,0,22,43,7,65,0
BZJPWZHZ,56,2,23,35,0,0,14,2,5,11,0,0,42,0,18,24,0,0,6,0,1,5,0,0,16,42,6,58,0
FPIVISLK,53,11,11,49,4,0,13,5,5,10,3,0,40,6,6,39,1,0,8,0,3,5,0,0,18,46,8,64,0
DOQKJVZY,22,0,13,9,0,0,7,0,2,5,0,0,15,0,11,4,0,0,2,0,0,2,0,0,7,15,2,22,0
A1OO9ZW4,12,1,2,10,1,0,6,0,2,4,0,0,6,1,0,6,1,0,1,0,0,1,0,0,6,7,1,13,0
EKEJ4CWU,10,0,3,7,0,1,4,0,1,3,0,1,6,0,2,4,0,0,3,0,2,1,0,0,4,6,3,10,0
HHCCWGE7,5,2,0,5,2,0,0,0,0,0,0,0,5,2,0,5,2,0,5,0,0,4,1,0,0,7,5,7,0
L14WPRBU,11,0,1,10,0,0,0,0,0,0,0,0,11,0,1,10,0,0,3,0,0,3,0,0,0,11,3,11,0
1K62FGNL,63,10,7,52,13,1,16,4,3,9,7,1,47,6,4,43,6,0,6,1,1,6,0,0,20,53,7,73,0
SNS9SLYC,13,0,6,7,0,0,5,0,2,3,0,0,8,0,4,4,0,0,1,0,0,1,0,0,5,8,1,13,0
5FKNKFSX,33,2,19,16,0,1,5,1,4,2,0,0,28,1,15,14,0,1,3,0,1,2,0,0,6,29,3,35,0
GHSO4QKA,60,3,17,37,4,8,21,3,6,9,4,6,39,0,11,28,0,2,9,0,0,9,0,0,24,39,9,63,0
QX2LGMXX,4,0,0,4,0,0,0,0,0,0,0,0,4,0,0,4,0,0,4,0,0,4,0,0,0,4,4,4,0
HYAXHUCF,41,0,3,37,1,0,9,0,1,8,0,0,32,0,2,29,1,0,9,0,1,8,0,0,9,32,9,41,0
H2CSGV1A,116,21,43,82,12,0,41,10,20,27,4,0,75,11,23,55,8,0,8,0,2,6,0,0,51,86,8,137,0
RQNPXFMO,76,7,14,61,5,2,32,2,7,26,1,0,44,5,7,35,4,2,9,3,0,7,3,2,34,49,12,83,0
BTPPWHI8,14,0,4,10,0,0,1,0,1,0,0,0,13,0,3,10,0,0,1,0,0,1,0,0,1,13,1,14,0
7TFFMIGK,77,0,15,55,7,0,29,0,8,19,2,0,48,0,7,36,5,0,9,0,2,5,2,0,29,48,9,77,0
WEQYK86O,25,0,2,23,0,0,8,0,2,6,0,0,17,0,0,17,0,0,4,0,0,4,0,0,8,17,4,25,0
SWWKNKYY,74,9,36,42,2,6,13,1,9,4,1,0,61,8,27,38,1,6,32,2,16,14,1,4,14,69,34,83,0
NLEJUDIJ,62,28,8,62,13,9,29,7,2,27,7,0,33,21,6,35,6,9,15,18,2,20,5,7,36,54,33,90,0
8CFVQ7DU,42,0,10,30,2,1,15,0,5,9,1,1,27,0,5,21,1,0,3,0,0,3,0,0,15,27,3,42,0
DOWUEWNL,7,0,0,7,0,0,6,0,0,6,0,0,1,0,0,1,0,0,0,0,0,0,0,0,6,1,0,7,0
D44ZD3RF,26,0,9,17,0,0,7,0,5,2,0,0,19,0,4,15,0,0,0,0,0,0,0,0,7,19,0,26,0
8ALKMYVF,67,15,11,49,11,11,26,5,1,20,4,6,41,10,10,29,7,5,17,7,6,13,2,3,31,51,24,82,0
VPZJCA4Z,32,0,5,26,1,0,6,0,1,5,0,0,26,0,4,21,1,0,4,0,0,4,0,0,6,26,4,32,0
POJTB3ZN,5,0,2,3,0,0,1,0,0,1,0,0,4,0,2,2,0,0,0,0,0,0,0,0,1,4,0,5,0
PXC2K7MZ,19,0,4,15,0,0,4,0,1,3,0,0,15,0,3,12,0,0,6,0,1,5,0,0,4,15,6,19,0
UFWR12WL,15,0,0,15,0,0,4,0,0,4,0,0,11,0,0,11,0,0,2,0,0,2,0,0,4,11,2,15,0
SAHWLYLO,50,1,7,44,0,0,9,1,1,9,0,0,41,0,6,35,0,0,5,0,0,5,0,0,10,41,5,51,0
MHA2TGAM,69,2,19,46,6,0,21,2,8,12,3,0,48,0,11,34,3,0,7,0,1,5,1,0,23,48,7,71,0
3EQGKHUK,37,1,5,33,0,0,10,0,1,9,0,0,27,1,4,24,0,0,2,0,0,2,0,0,10,28,2,38,0
F5JGRMBX,62,2,16,48,0,0,26,1,7,20,0,0,36,1,9,28,0,0,2,0,0,2,0,0,27,37,2,64,0
4JGFPOMV,83,2,18,61,6,3,25,2,6,18,3,0,58,0,12,43,3,3,13,0,4,9,0,0,27,58,13,85,0
PMNGZTAX,64,0,19,41,4,1,13,0,3,8,2,0,51,0,16,33,2,1,4,0,2,2,0,0,13,51,4,64,0
V3EEUFBK,79,16,2,28,38,27,5,0,0,3,1,1,74,16,2,25,37,26,28,8,0,9,11,16,5,90,36,95,0
QNEUWUGW,38,1,3,36,0,0,9,0,0,9,0,0,29,1,3,27,0,0,4,0,0,4,0,0,9,30,4,39,0
4O3LMAYJ,8,1,1,4,4,0,2,0,1,0,1,0,6,1,0,4,3,0,0,0,0,0,0,0,2,7,0,9,0
FUOMXHQX,8,0,5,3,0,0,4,0,2,2,0,0,4,0,3,1,0,0,1,0,1,0,0,0,4,4,1,8,0
9TSJNIJ7,2,0,0,2,0,0,2,0,0,2,0,0,0,0,0,0,0,0,0,0,0,0,0,0,2,0,0,2,0
SO8RBX98,40,0,18,22,0,0,5,0,0,5,0,0,35,0,18,17,0,0,4,0,3,1,0,0,5,35,4,40,0
CPJRG1PA,37,10,15,25,6,4,10,5,2,9,3,1,27,5,13,16,3,3,4,1,1,4,0,0,15,32,5,47,0
NXKIUT3F,8,2,5,5,0,0,1,0,0,1,0,0,7,2,5,4,0,0,1,0,1,0,0,0,1,9,1,10,0
ATUIDJQZ,193,50,64,117,61,20,106,31,43,56,37,16,87,19,21,61,24,4,10,2,3,9,0,1,137,106,12,243,0
SQ2ITHXS,9,3,1,10,1,0,1,3,0,3,1,0,8,0,1,7,0,0,0,0,0,0,0,0,4,8,0,12,1
QNGPX7U2,41,1,5,37,0,0,13,1,0,14,0,0,28,0,5,23,0,0,5,0,1,4,0,0,14,28,5,42,0
CMMSJUJS,26,0,8,17,1,0,1,0,0,1,0,0,25,0,8,16,1,0,7,0,2,5,0,0,1,25,7,26,0
DJ3JOOA5,53,2,2,43,3,7,20,1,2,11,3,5,33,1,0,32,0,2,6,0,0,6,0,0,21,34,6,55,0
5QHLSUKV,66,0,9,48,9,0,11,0,1,8,2,0,55,0,8,40,7,0,6,0,1,5,0,0,11,55,6,66,0
HDJLWJ19,63,3,7,48,8,3,13,0,1,10,2,0,50,3,6,38,6,3,24,1,4,13,6,2,13,53,25,66,0
RC7SN9KF,43,1,10,31,1,4,13,1,4,7,1,3,30,0,6,24,0,1,0,0,0,0,0,0,14,30,0,44,0
G9KI3SG3,38,0,2,36,0,0,11,0,1,10,0,0,27,0,1,26,0,0,4,0,0,4,0,0,11,27,4,38,0
4O49IKZF,133,5,69,62,7,7,42,4,22,21,3,1,91,1,47,41,4,6,15,0,7,8,0,2,46,92,15,138,0
U7Z2FNN6,32,0,1,11,5,16,0,0,0,0,0,0,32,0,1,11,5,16,21,0,0,7,5,9,0,32,21,32,0
IH4FX6BQ,1,0,0,1,0,0,0,0,0,0,0,0,1,0,0,1,0,0,1,0,0,1,0,0,0,1,1,1,0
LH3F6MXJ,76,2,28,46,4,0,26,0,6,16,4,0,50,2,22,30,0,0,6,0,1,5,0,0,26,52,6,78,0
BOYJMJXN,63,2,14,48,3,0,21,2,3,18,2,0,42,0,11,30,1,0,9,0,1,7,1,0,23,42,9,65,0
LELCTSDE,52,7,10,24,15,10,17,3,3,11,6,0,35,4,7,13,9,10,1,0,0,1,0,0,20,39,1,59,0
LUCLWGUC,34,1,6,24,5,0,11,1,1,10,1,0,23,0,5,14,4,0,1,0,0,1,0,0,12,23,1,35,1
RS5HG35N,39,2,20,21,0,1,8,0,6,2,0,0,31,2,14,19,0,1,5,0,3,2,0,0,8,33,5,41,0
IGRVXTCM,10,2,6,6,0,2,5,0,1,4,0,0,5,2,5,2,0,2,1,2,2,1,0,1,5,7,3,12,0
DB8MI7XE,13,2,3,12,0,0,5,2,2,5,0,0,8,0,1,7,0,0,2,0,1,1,0,0,7,8,2,15,0
HKGYKUVF,26,1,6,21,0,1,6,1,1,6,0,1,20,0,5,15,0,0,3,0,1,2,0,0,7,20,3,27,0
ZMOF1LWW,52,9,13,45,2,0,16,1,2,14,1,0,36,8,11,31,1,0,6,1,1,6,0,0,17,44,7,61,0
SCLGNVV8,111,2,32,77,3,1,27,2,8,20,1,0,84,0,24,57,2,1,13,0,5,8,0,0,29,84,13,113,0
GLJ8AHC2,1,0,0,1,0,0,0,0,0,0,0,0,1,0,0,1,0,0,1,0,0,1,0,0,0,1,1,1,0
1LBASF3Z,80,13,10,59,22,2,34,11,4,28,12,1,46,2,6,31,10,1,7,0,0,7,0,0,45,48,7,93,0
YHLFAX6U,74,4,18,58,2,0,20,1,5,15,1,0,54,3,13,43,1,0,14,0,4,10,0,0,21,57,14,78,0
FZRNX9TN,20,3,7,16,0,0,10,1,2,9,0,0,10,2,5,7,0,0,1,0,0,1,0,0,11,12,1,23,0
BNLYN7J2,12,0,0,12,0,0,2,0,0,2,0,0,10,0,0,10,0,0,3,0,0,3,0,0,2,10,3,12,0
UJRV5BYS,35,0,13,22,0,0,5,0,2,3,0,0,30,0,11,19,0,0,8,0,4,4,0,0,5,30,8,35,0
7VRPGQOC,37,0,2,35,0,0,11,0,1,10,0,0,26,0,1,25,0,0,5,0,0,5,0,0,11,26,5,37,0
BYJRFDN5,60,0,11,46,3,2,27,0,7,18,2,0,33,0,4,28,1,2,2,0,0,2,0,0,27,33,2,60,0
DF4F49FV,13,1,5,6,3,0,7,0,2,3,2,0,6,1,3,3,1,0,0,0,0,0,0,0,7,7,0,14,1
KCXJZLYR,80,5,7,49,22,7,20,0,1,10,8,1,60,5,6,39,14,6,6,0,3,3,0,0,20,65,6,85,0
8CNER34C,2,0,1,1,0,0,0,0,0,0,0,0,2,0,1,1,0,0,1,0,0,1,0,0,0,2,1,2,0
QWDWW2Y8,20,0,2,17,1,0,3,0,1,2,0,0,17,0,1,15,1,0,2,0,0,2,0,0,3,17,2,20,0
LPJCCALA,20,3,2,13,3,5,4,1,0,3,2,0,16,2,2,10,1,5,2,0,0,2,0,0,5,18,2,23,0
HQAKHKTF,8,2,1,1,0,8,2,2,1,1,0,2,6,0,0,0,0,6,0,0,0,0,0,0,4,6,0,10,0
UWCSNLIB,18,0,5,12,1,0,5,0,2,3,0,0,13,0,3,9,1,0,4,0,1,2,1,0,5,13,4,18,0
XMEHGE6N,50,3,15,33,5,1,18,3,4,13,4,0,32,0,11,20,1,1,6,0,5,1,0,0,21,32,6,53,0
WZABGGXI,86,5,18,71,2,0,29,3,5,25,2,0,57,2,13,46,0,0,5,0,0,5,0,0,32,59,5,91,0
VHIGTAXQ,189,48,65,139,33,1,83,25,32,68,8,0,106,23,33,71,25,1,19,2,3,12,6,0,108,129,21,237,0
KEVAFBHF,44,2,12,33,1,0,8,1,2,7,0,0,36,1,10,26,1,0,6,1,2,5,0,0,9,37,7,46,0
E9STM8JK,102,14,24,68,23,1,40,8,10,28,10,0,62,6,14,40,13,1,9,0,2,6,1,0,48,68,9,116,0
X2ENRMRW,189,19,14,70,28,96,74,7,5,16,8,52,115,12,9,54,20,44,6,0,0,6,0,0,81,127,6,208,0
FWNBUHAI,63,7,10,59,1,0,16,1,1,16,0,0,47,6,9,43,1,0,5,0,2,3,0,0,17,53,5,70,0
XYQTOD2R,86,54,25,95,20,0,35,27,15,39,8,0,51,27,10,56,12,0,12,0,1,10,1,0,62,78,12,140,0
MXAT1Y3Q,23,0,5,18,0,0,2,0,0,2,0,0,21,0,5,16,0,0,5,0,3,2,0,0,2,21,5,23,0
CDE6W9WY,14,1,7,8,0,0,4,0,2,2,0,0,10,1,5,6,0,0,0,0,0,0,0,0,4,11,0,15,0
2GPXRRDQ,7,1,0,8,0,0,1,0,0,1,0,0,6,1,0,7,0,0,1,0,0,1,0,0,1,7,1,8,0
5IAOCMTX,12,0,1,10,1,0,3,0,1,2,0,0,9,0,0,8,1,0,2,0,0,1,1,0,3,9,2,12,1
ZHUPQLCD,6,0,2,2,2,0,4,0,1,1,2,0,2,0,1,1,0,0,0,0,0,0,0,0,4,2,0,6,0
AUBDCKKY,211,33,37,182,23,2,67,12,11,58,9,1,144,21,26,124,14,1,16,0,3,13,0,0,79,165,16,244,0
1LZX3AIS,4,0,1,3,0,0,1,0,0,1,0,0,3,0,1,2,0,0,0,0,0,0,0,0,1,3,0,4,0
BVJADC5A,12,0,5,7,0,0,9,0,5,4,0,0,3,0,0,3,0,0,1,0,0,1,0,0,9,3,1,12,0
97LNASXF,66,7,14,56,3,1,33,6,9,27,3,1,33,1,5,29,0,0,5,0,2,3,0,0,39,34,5,73,0
L73UFGND,25,1,5,19,2,0,8,0,2,5,1,0,17,1,3,14,1,0,0,0,0,0,0,0,8,18,0,26,0
TCKEXDZH,41,0,6,35,0,1,10,0,2,8,0,1,31,0,4,27,0,0,4,0,1,3,0,0,10,31,4,41,0
SFKQ2GFZ,66,1,13,42,8,4,30,0,3,21,5,1,36,1,10,21,3,3,2,0,1,1,0,0,30,37,2,67,1
ANDSJ1IT,58,3,9,46,5,1,26,1,3,22,2,0,32,2,6,24,3,1,4,2,0,3,2,1,27,34,6,61,0
OX4M9OGR,31,4,4,31,0,0,9,2,0,11,0,0,22,2,4,20,0,0,2,0,0,2,0,0,11,24,2,35,0
AXHIVBK8,54,2,5,46,5,0,20,1,3,15,3,0,34,1,2,31,2,0,16,0,0,15,1,0,21,35,16,56,0
GEMDBZYR,41,1,9,26,4,3,18,1,3,9,4,3,23,0,6,17,0,0,4,0,0,4,0,0,19,23,4,42,0
LUV6CBZ7,1,0,0,1,0,0,0,0,0,0,0,0,1,0,0,1,0,0,0,0,0,0,0,0,0,1,0,1,0
QOVJNUUL,17,2,5,12,0,2,4,2,2,2,0,2,13,0,3,10,0,0,0,0,0,0,0,0,6,13,0,19,0
KGEBJO1F,28,1,8,21,0,0,10,1,5,6,0,0,18,0,3,15,0,0,2,0,0,2,0,0,11,18,2,29,0
E3SDDYPB,2,0,0,1,1,0,2,0,0,1,1,0,0,0,0,0,0,0,0,0,0,0,0,0,2,0,0,2,0
NO946LKI,22,1,5,18,0,0,9,1,1,9,0,0,13,0,4,9,0,0,4,0,3,1,0,0,10,13,4,23,0
GZUZMNSN,15,1,5,11,0,1,4,0,1,3,0,0,11,1,4,8,0,1,4,0,2,2,0,1,4,12,4,16,0
SIJCIPE2,30,0,2,26,2,0,10,0,2,8,0,0,20,0,0,18,2,0,6,0,0,4,2,0,10,20,6,30,0
OKYJ9GDT,45,0,32,13,0,0,20,0,11,9,0,0,25,0,21,4,0,0,9,0,7,2,0,0,20,25,9,45,0
HAR5DFQ8,6,0,1,5,0,0,1,0,0,1,0,0,5,0,1,4,0,0,0,0,0,0,0,0,1,5,0,6,0
DVF7YFAS,13,2,2,12,1,0,9,2,1,9,1,0,4,0,1,3,0,0,1,0,0,1,0,0,11,4,1,15,0
B4IHXLIL,29,12,11,30,0,0,4,7,7,4,0,0,25,5,4,26,0,0,2,0,0,2,0,0,11,30,2,41,0
WLUKQ5PZ,74,3,17,50,6,5,44,0,9,25,6,5,30,3,8,25,0,0,8,0,1,7,0,0,44,33,8,77,0
DRU6XIKD,65,7,22,48,2,1,21,1,5,15,2,1,44,6,17,33,0,0,5,1,2,4,0,0,22,50,6,72,0
F4UUBJ2V,35,1,11,25,0,1,7,0,6,1,0,1,28,1,5,24,0,0,6,0,2,4,0,0,7,29,6,36,0
UUMITCN6,36,0,11,25,0,0,4,0,1,3,0,0,32,0,10,22,0,0,4,0,2,2,0,0,4,32,4,36,0
D8DBDCED,24,0,5,17,2,1,6,0,2,4,0,0,18,0,3,13,2,1,5,0,0,4,1,0,6,18,5,24,0
1GPBXYCJ,57,4,11,47,3,0,26,4,8,22,0,0,31,0,3,25,3,0,2,0,0,1,1,0,30,31,2,61,0
HGOP11GZ,40,3,15,27,1,0,7,1,2,6,0,0,33,2,13,21,1,0,3,0,2,1,0,0,8,35,3,43,0
15SGWGVW,28,4,9,17,5,1,11,1,5,6,1,0,17,3,4,11,4,1,5,2,2,3,2,0,12,20,7,32,0
XHUVKI2C,20,0,13,7,0,0,9,0,4,5,0,0,11,0,9,2,0,0,0,0,0,0,0,0,9,11,0,20,0
ISN3Y9WB,178,9,43,137,5,4,47,5,14,35,3,1,131,4,29,102,2,3,34,0,13,21,0,1,52,135,34,187,0
RR6AR9TS,3,1,2,1,1,0,0,0,0,0,0,0,3,1,2,1,1,0,0,0,0,0,0,0,0,4,0,4,0
GCEI6HSB,14,2,1,14,1,1,7,0,1,6,0,1,7,2,0,8,1,0,1,0,0,1,0,0,7,9,1,16,0
Q8LKDD18,42,2,23,20,1,0,13,0,6,6,1,0,29,2,17,14,0,0,7,0,3,4,0,0,13,31,7,44,0
WHJFH79V,16,2,4,14,0,0,3,1,2,2,0,0,13,1,2,12,0,0,2,0,0,2,0,0,4,14,2,18,0
OHPNMN3G,44,4,10,36,2,0,9,1,2,8,0,0,35,3,8,28,2,0,3,2,0,5,0,0,10,38,5,48,0
X8YV6U1N,25,2,6,14,7,1,10,2,1,4,7,0,15,0,5,10,0,1,3,0,1,2,0,0,12,15,3,27,0
UDJFGLXG,24,0,11,11,2,0,10,0,4,5,1,0,14,0,7,6,1,0,1,0,0,0,1,0,10,14,1,24,0
VDLJLGF8,66,12,3,12,6,57,25,0,1,3,0,21,41,12,2,9,6,36,1,0,1,0,0,0,25,53,1,78,0
B89CABUA,7,0,1,3,3,0,2,0,0,1,1,0,5,0,1,2,2,0,1,0,0,1,0,0,2,5,1,7,0
OTGVR8A8,44,1,2,42,1,0,25,0,0,24,1,0,19,1,2,18,0,0,0,0,0,0,0,0,25,20,0,45,0
P6FEWUOR,77,1,12,55,6,5,19,0,5,10,2,2,58,1,7,45,4,3,6,0,2,4,0,0,19,59,6,78,0
QCBQPPBQ,29,4,3,26,2,2,7,1,1,7,0,0,22,3,2,19,2,2,0,0,0,0,0,0,8,25,0,33,0
YSVTKYKV,38,1,17,20,2,0,11,1,2,9,1,0,27,0,15,11,1,0,5,0,3,2,0,0,12,27,5,39,0
RH3M8SDG,10,0,2,8,0,0,4,0,0,4,0,0,6,0,2,4,0,0,0,0,0,0,0,0,4,6,0,10,0
8OGWHL7G,28,2,7,23,0,0,14,0,2,12,0,0,14,2,5,11,0,0,3,0,1,2,0,0,14,16,3,30,0
DTZSC3QW,35,9,5,29,7,4,19,5,2,19,3,0,16,4,3,10,4,4,1,0,1,0,0,0,24,20,1,44,0
EN5MUIHL,23,0,0,19,4,0,13,0,0,9,4,0,10,0,0,10,0,0,0,0,0,0,0,0,13,10,0,23,0
2DGZZIXO,101,10,25,75,11,0,51,8,18,34,7,0,50,2,7,41,4,0,2,0,0,2,0,0,59,52,2,111,0
RLSNCFNO,54,4,17,33,8,0,32,3,13,18,4,0,22,1,4,15,4,0,1,0,0,1,0,0,35,23,1,58,0
ATBF1IKM,8,0,1,7,0,0,5,0,1,4,0,0,3,0,0,3,0,0,0,0,0,0,0,0,5,3,0,8,0
9JUVDIZ7,41,18,12,43,4,0,13,2,2,12,1,0,28,16,10,31,3,0,4,0,1,3,0,0,15,44,4,59,0
SK2W2LDZ,17,0,4,13,0,0,8,0,4,4,0,0,9,0,0,9,0,0,3,0,0,3,0,0,8,9,3,17,0
ERFPMXJ5,23,3,5,21,0,0,8,2,3,7,0,0,15,1,2,14,0,0,1,1,0,2,0,0,10,16,2,26,0
FXOTWE5U,8,1,2,4,2,1,6,0,1,2,2,1,2,1,1,2,0,0,2,0,1,1,0,0,6,3,2,9,0
5IRGTBGO,36,7,3,35,3,2,10,5,0,10,3,2,26,2,3,25,0,0,2,0,0,2,0,0,15,28,2,43,0
SRFVSOAC,4,0,2,2,0,0,1,0,0,1,0,0,3,0,2,1,0,0,0,0,0,0,0,0,1,3,0,4,0
LXDVYUQA,33,2,3,30,2,1,10,2,1,11,0,0,23,0,2,19,2,1,1,0,0,1,0,0,12,23,1,35,0
4RCNUFB9,110,20,27,87,14,2,48,15,8,44,9,2,62,5,19,43,5,0,10,1,4,7,0,0,63,67,11,130,0
SRMXHB7U,5,0,3,2,0,0,2,0,0,2,0,0,3,0,3,0,0,0,3,0,3,0,0,0,2,3,3,5,0
NATZJGHZ,63,5,5,53,10,3,26,3,2,22,5,1,37,2,3,31,5,2,6,2,1,7,0,0,29,39,8,68,0
SSJFDYHV,20,1,5,16,0,0,5,0,0,5,0,0,15,1,5,11,0,0,1,0,1,0,0,0,5,16,1,21,0
OQTFR2KN,4,1,1,4,0,0,1,0,0,1,0,0,3,1,1,3,0,0,0,0,0,0,0,0,1,4,0,5,0
Y5HNFQ5Z,58,0,17,41,0,0,15,0,3,12,0,0,43,0,14,29,0,0,7,0,3,4,0,0,15,43,7,58,0
GCF8HJR6,23,0,5,17,1,0,9,0,5,4,0,0,14,0,0,13,1,0,2,0,0,2,0,0,9,14,2,23,0
K83I9EHE,30,0,10,20,0,0,8,0,2,6,0,0,22,0,8,14,0,0,3,0,2,1,0,0,8,22,3,30,0
OHW8KG1C,11,0,1,7,3,0,9,0,1,5,3,0,2,0,0,2,0,0,0,0,0,0,0,0,9,2,0,11,0
SJUAGZXS,9,0,4,5,0,0,0,0,0,0,0,0,9,0,4,5,0,0,8,0,3,5,0,0,0,9,8,9,0
DMYDXHY2,109,8,18,92,7,1,34,3,7,27,3,0,75,5,11,65,4,1,9,0,1,8,0,0,37,80,9,117,0
EVR3TWPP,58,4,12,45,5,0,26,2,3,23,2,0,32,2,9,22,3,0,9,0,5,4,0,0,28,34,9,62,0
GH1KQNPF,243,61,36,174,78,16,104,29,12,88,23,10,139,32,24,86,55,6,32,1,6,16,10,1,133,171,33,304,0
G79QVADW,26,0,10,16,0,0,5,0,0,5,0,0,21,0,10,11,0,0,4,0,2,2,0,0,5,21,4,26,0
RFVQJHUZ,27,3,4,23,3,0,13,0,4,9,0,0,14,3,0,14,3,0,6,2,0,5,3,0,13,17,8,30,0
JRO4OQAR,56,4,22,34,4,2,11,2,4,9,0,0,45,2,18,25,4,2,4,0,3,1,0,1,13,47,4,60,0
UET22JKX,40,0,7,33,0,0,13,0,4,9,0,0,27,0,3,24,0,0,3,0,1,2,0,0,13,27,3,40,0
AAJDRKCH,80,15,11,57,13,14,73,14,11,49,13,14,7,1,0,8,0,0,0,0,0,0,0,0,87,8,0,95,0
2PBB1YTZ,52,6,12,37,4,5,13,0,2,11,0,0,39,6,10,26,4,5,13,2,6,1,4,4,13,45,15,58,0
IRLIB4HS,55,1,17,39,0,1,23,1,7,17,0,1,32,0,10,22,0,0,4,0,1,3,0,0,24,32,4,56,0
FOW1WBIW,68,9,16,52,8,2,37,5,10,27,4,2,31,4,6,25,4,0,8,1,0,7,2,0,42,35,9,77,0
KYRCJYES,14,1,2,10,3,0,5,1,2,3,1,0,9,0,0,7,2,0,3,0,0,2,1,0,6,9,3,15,0
MLGV6BFL,9,0,0,9,0,0,3,0,0,3,0,0,6,0,0,6,0,0,1,0,0,1,0,0,3,6,1,9,0
DIHX1UXU,13,2,4,11,0,0,4,2,1,5,0,0,9,0,3,6,0,0,0,0,0,0,0,0,6,9,0,15,0
AFFSL5OT,29,2,3,14,13,1,10,1,1,1,9,0,19,1,2,13,4,1,3,0,1,1,1,0,11,20,3,31,0
OKORB9JG,49,1,10,36,2,2,8,0,1,7,0,0,41,1,9,29,2,2,2,0,0,2,0,0,8,42,2,50,0
43THFK8V,14,1,3,8,3,1,2,0,2,0,0,0,12,1,1,8,3,1,2,1,0,2,0,1,2,13,3,15,0
BKEGAJAS,5,0,1,4,0,0,1,0,0,1,0,0,4,0,1,3,0,0,2,0,1,1,0,0,1,4,2,5,0
IUOZLX8U,29,4,15,17,1,0,11,3,5,8,1,0,18,1,10,9,0,0,0,0,0,0,0,0,14,19,0,33,0
IJOXAFFK,17,9,2,17,7,0,17,9,2,17,7,0,0,0,0,0,0,0,0,0,0,0,0,0,26,0,0,26,0
8WUBDML3,41,4,2,38,5,0,22,3,0,21,4,0,19,1,2,17,1,0,2,0,0,2,0,0,25,20,2,45,0
V8GRD5VF,17,2,1,14,2,2,5,0,1,4,0,0,12,2,0,10,2,2,0,0,0,0,0,0,5,14,0,19,0
L8PYJTH3,102,41,4,57,25,57,79,34,4,29,23,57,23,7,0,28,2,0,0,0,0,0,0,0,113,30,0,143,1
UD7UDK5H,32,0,4,28,0,0,11,0,1,10,0,0,21,0,3,18,0,0,3,0,0,3,0,0,11,21,3,32,0
NXPPHWY8,16,1,2,14,1,0,5,1,0,6,0,0,11,0,2,8,1,0,0,0,0,0,0,0,6,11,0,17,0
RMV8MQWC,20,10,0,15,12,3,5,0,0,4,0,1,15,10,0,11,12,2,3,1,0,0,2,2,5,25,4,30,0
LHYA421F,29,5,11,23,0,0,8,0,4,4,0,0,21,5,7,19,0,0,2,0,1,1,0,0,8,26,2,34,0
Y25HSPUY,59,1,12,48,0,0,12,0,3,9,0,0,47,1,9,39,0,0,7,0,1,6,0,0,12,48,7,60,0
9QV2NAHV,3,0,0,3,0,0,1,0,0,1,0,0,2,0,0,2,0,0,0,0,0,0,0,0,1,2,0,3,0
OMMRWDRV,9,1,4,6,0,0,4,1,1,4,0,0,5,0,3,2,0,0,0,0,0,0,0,0,5,5,0,10,0
9X82AM99,3,0,0,3,0,0,3,0,0,3,0,0,0,0,0,0,0,0,0,0,0,0,0,0,3,0,0,3,0
TF2LWGNL,87,12,18,76,5,0,24,7,10,20,1,0,63,5,8,56,4,0,7,0,2,5,0,0,31,68,7,99,0
ICDGX4KK,28,0,8,20,0,0,7,0,3,4,0,0,21,0,5,16,0,0,1,0,1,0,0,0,7,21,1,28,0
ZTCNS1BJ,53,0,4,49,0,0,9,0,2,7,0,0,44,0,2,42,0,0,4,0,1,3,0,0,9,44,4,53,0
WULKAAVC,26,1,0,26,1,0,6,0,0,6,0,0,20,1,0,20,1,0,3,1,0,3,1,0,6,21,4,27,0
C1AF56BL,79,29,19,81,8,0,40,29,8,54,7,0,39,0,11,27,1,0,1,0,0,1,0,0,69,39,1,108,0
2SQQ1UYR,76,24,28,68,4,1,19,8,8,17,2,0,57,16,20,51,2,1,15,0,8,7,0,1,27,73,15,100,0
96TJ42GS,18,0,3,15,0,0,5,0,2,3,0,0,13,0,1,12,0,0,2,0,0,2,0,0,5,13,2,18,0
OWX7J3CB,9,0,0,8,1,0,5,0,0,4,1,0,4,0,0,4,0,0,1,0,0,1,0,0,5,4,1,9,0
FANCHECH,96,19,11,40,27,37,68,17,3,25,23,34,28,2,8,15,4,3,3,0,2,1,0,0,85,30,3,115,0
TFEORW9C,18,0,2,16,0,0,4,0,0,4,0,0,14,0,2,12,0,0,3,0,1,2,0,0,4,14,3,18,0
AGGBHKYF,47,8,15,39,1,0,19,6,6,19,0,0,28,2,9,20,1,0,5,0,1,4,0,0,25,30,5,55,0
JM8KVQLN,36,0,5,31,0,0,8,0,3,5,0,0,28,0,2,26,0,0,3,0,0,3,0,0,8,28,3,36,0
AKTLASD9,45,7,17,33,1,2,16,7,10,11,1,2,29,0,7,22,0,0,5,0,0,5,0,0,23,29,5,52,0
PV3VR3LK,3,0,2,1,0,0,1,0,0,1,0,0,2,0,2,0,0,0,0,0,0,0,0,0,1,2,0,3,0
7IFGVIIV,8,0,0,7,1,0,4,0,0,4,0,0,4,0,0,3,1,0,1,0,0,1,0,0,4,4,1,8,0
NLZGP6DW,39,6,8,33,4,0,17,6,4,17,2,0,22,0,4,16,2,0,3,0,1,2,0,0,23,22,3,45,0
QKJ1S4BR,71,0,25,45,1,0,23,0,4,18,1,0,48,0,21,27,0,0,6,0,2,4,0,0,23,48,6,71,0
C5LER128,15,0,10,5,0,1,8,0,5,3,0,0,7,0,5,2,0,1,0,0,0,0,0,0,8,7,0,15,0
ZMTBQDRS,28,0,8,18,2,1,9,0,3,6,0,0,19,0,5,12,2,1,1,0,1,0,0,0,9,19,1,28,0
UWFUALD1,8,1,6,1,2,0,6,1,5,0,2,0,2,0,1,1,0,0,1,0,1,0,0,0,7,2,1,9,0
KAXUYDXD,75,3,14,58,6,0,38,2,7,30,3,0,37,1,7,28,3,0,5,0,0,4,1,0,40,38,5,78,0
3I2VBLRG,18,2,4,5,7,6,5,0,2,2,1,2,13,2,2,3,6,4,3,0,0,1,2,0,5,15,3,20,0
5KBZDESG,113,32,8,102,28,7,55,22,6,45,19,7,58,10,2,57,9,0,5,0,0,5,0,0,77,68,5,145,0
OZ8POXXV,15,0,1,13,1,0,2,0,1,1,0,0,13,0,0,12,1,0,1,0,0,1,0,0,2,13,1,15,0
OKD9QSFR,43,12,5,41,5,4,18,3,3,16,1,1,25,9,2,25,4,3,1,2,0,3,0,0,21,34,3,55,0
BRWJU1AY,34,0,3,29,2,1,10,0,2,7,1,0,24,0,1,22,1,1,3,0,0,3,0,0,10,24,3,34,0
RZZCJH1I,79,2,39,38,4,0,25,0,11,10,4,0,54,2,28,28,0,0,9,0,5,4,0,0,25,56,9,81,0
TYZGQR8T,22,2,3,20,1,0,10,0,1,9,0,0,12,2,2,11,1,0,2,0,0,2,0,0,10,14,2,24,0
6ZVQKV3K,26,0,3,23,0,0,6,0,1,5,0,0,20,0,2,18,0,0,3,0,1,2,0,0,6,20,3,26,0
EEMBBWSN,6,0,0,5,1,0,4,0,0,3,1,0,2,0,0,2,0,0,0,0,0,0,0,0,4,2,0,6,0
FACKVZ5H,2,0,0,2,0,0,1,0,0,1,0,0,1,0,0,1,0,0,1,0,0,1,0,0,1,1,1,2,0
S64DFUGJ,91,8,11,65,21,5,43,2,8,26,9,5,48,6,3,39,12,0,5,1,0,5,1,0,45,54,6,99,0
1EPIAWPN,17,4,1,18,2,0,10,3,0,11,2,0,7,1,1,7,0,0,3,0,1,2,0,0,13,8,3,21,0
OUHAHE7M,27,1,5,23,0,1,14,1,4,11,0,1,13,0,1,12,0,0,0,0,0,0,0,0,15,13,0,28,0
TVKE7BR6,24,3,5,21,1,0,16,3,4,14,1,0,8,0,1,7,0,0,0,0,0,0,0,0,19,8,0,27,0
UNQLXPYL,1,1,0,2,0,0,0,0,0,0,0,0,1,1,0,2,0,0,0,0,0,0,0,0,0,2,0,2,0
CV2YWTDW,15,0,2,12,0,1,6,0,2,3,0,1,9,0,0,9,0,0,2,0,0,2,0,0,6,9,2,15,0
KLLMEBLG,53,6,13,45,1,0,19,5,2,22,0,0,34,1,11,23,1,0,3,0,1,2,0,0,24,35,3,59,0
A4XFMCRL,41,2,14,29,0,1,20,2,8,14,0,0,21,0,6,15,0,1,4,0,0,4,0,0,22,21,4,43,0
AALBHPWR,3,0,1,2,0,0,0,0,0,0,0,0,3,0,1,2,0,0,0,0,0,0,0,0,0,3,0,3,0
72HXPYQA,9,0,1,8,0,0,4,0,1,3,0,0,5,0,0,5,0,0,0,0,0,0,0,0,4,5,0,9,0
M7UUCCRC,111,14,4,86,30,5,24,5,2,25,2,0,87,9,2,61,28,5,5,3,0,3,4,1,29,96,8,125,0
ZS4FRBSN,15,4,0,17,2,0,4,2,0,5,1,0,11,2,0,12,1,0,2,0,0,2,0,0,6,13,2,19,0
UFHBQ1D6,43,1,3,30,11,0,16,0,1,12,3,0,27,1,2,18,8,0,7,0,0,5,2,0,16,28,7,44,0
UEMZT6NZ,33,2,4,31,0,0,9,1,1,9,0,0,24,1,3,22,0,0,3,1,0,4,0,0,10,25,4,35,0
RKFQVEUI,9,0,4,1,2,2,4,0,1,0,2,1,5,0,3,1,0,1,4,0,3,0,0,1,4,5,4,9,0
NNRU7KZF,30,10,11,25,4,0,18,8,9,14,3,0,12,2,2,11,1,0,2,0,1,0,1,0,26,14,2,40,0
G4GHVT8V,97,5,15,68,19,0,22,1,2,14,7,0,75,4,13,54,12,0,12,0,1,9,2,0,23,79,12,102,0
XZY6POEY,37,3,3,26,3,8,16,0,1,8,1,6,21,3,2,18,2,2,3,1,0,0,2,2,16,24,4,40,0
49XJTWFR,15,1,6,10,0,0,2,0,1,1,0,0,13,1,5,9,0,0,1,0,0,1,0,0,2,14,1,16,0
LBXUCOQ4,23,0,3,16,4,0,5,0,1,4,0,0,18,0,2,12,4,0,1,0,0,1,0,0,5,18,1,23,0
ATJEBUQZ,25,3,11,16,1,0,9,2,4,6,1,0,16,1,7,10,0,0,3,0,0,3,0,0,11,17,3,28,0
HEPCS6M2,6,1,2,0,5,0,4,1,1,0,4,0,2,0,1,0,1,0,1,0,0,0,1,0,5,2,1,7,0
ROSQR8HU,34,1,3,30,2,0,13,0,1,10,2,0,21,1,2,20,0,0,3,1,1,3,0,0,13,22,4,35,0
BGFCQRHG,6,2,1,7,0,0,6,2,1,7,0,0,0,0,0,0,0,0,0,0,0,0,0,0,8,0,0,8,0
X9BXB7GD,13,3,4,12,0,0,10,3,1,12,0,0,3,0,3,0,0,0,1,0,1,0,0,0,13,3,1,16,0
ZMXM5Q1K,55,8,12,47,4,0,11,2,1,12,0,0,44,6,11,35,4,0,5,0,1,4,0,0,13,50,5,63,0
AVLXWXRA,49,0,17,32,0,0,14,0,4,10,0,0,35,0,13,22,0,0,5,0,1,4,0,0,14,35,5,49,0
2J9TOEMM,36,3,9,30,0,0,10,1,3,8,0,0,26,2,6,22,0,0,4,0,2,2,0,0,11,28,4,39,0
XBZWYTEU,6,0,3,3,0,0,4,0,3,1,0,0,2,0,0,2,0,0,1,0,0,1,0,0,4,2,1,6,0
YGFMOXYO,59,16,9,59,7,0,27,12,7,29,3,0,32,4,2,30,4,0,3,0,0,3,0,0,39,36,3,75,0
ZCP2KTFH,40,1,10,28,3,0,10,1,1,8,2,0,30,0,9,20,1,0,5,0,2,3,0,0,11,30,5,41,0
ECXPFJ3P,33,2,16,18,1,0,6,2,2,6,0,0,27,0,14,12,1,0,6,0,4,2,0,0,8,27,6,35,0
INY88ROG,30,9,3,33,3,0,10,4,0,13,1,0,20,5,3,20,2,0,2,1,1,2,0,0,14,25,3,39,0
Z2V56Y2P,12,6,1,16,1,0,4,0,0,4,0,0,8,6,1,12,1,0,4,0,0,4,0,0,4,14,4,18,0
9OVSM6QC,71,16,14,58,15,0,11,5,3,10,3,0,60,11,11,48,12,0,10,0,1,8,1,0,16,71,10,87,0
O7EHGWM7,57,17,6,55,13,0,32,10,4,30,8,0,25,7,2,25,5,0,1,0,0,1,0,0,42,32,1,74,0
G6ZBYQIO,55,3,24,29,5,0,11,3,5,9,0,0,44,0,19,20,5,0,6,0,4,2,0,0,14,44,6,58,0
ZA7WID63,143,6,13,78,52,7,68,6,8,41,23,3,75,0,5,37,29,4,5,0,0,4,1,0,74,75,5,149,0
HZ7EQEGD,152,29,15,101,56,8,54,13,6,32,26,3,98,16,9,69,30,5,15,2,1,12,4,0,67,114,17,181,0
JLTAWA2Y,35,1,4,31,0,0,12,1,3,10,0,0,23,0,1,21,0,0,5,0,1,4,0,0,13,23,5,36,0
ZJXX5GLY,7,0,2,5,0,0,3,0,1,2,0,0,4,0,1,3,0,0,1,0,0,1,0,0,3,4,1,7,0
EYGBCYVC,62,9,19,48,4,0,32,7,12,25,2,0,30,2,7,23,2,0,5,0,1,3,1,0,39,32,5,71,0
U4XFOZHE,8,1,1,8,0,0,2,1,0,3,0,0,6,0,1,5,0,0,0,0,0,0,0,0,3,6,0,9,0
AGPCPRGN,4,1,0,5,0,0,0,0,0,0,0,0,4,1,0,5,0,0,0,0,0,0,0,0,0,5,0,5,0
VIMUXREY,18,1,7,8,1,4,7,0,3,0,1,3,11,1,4,8,0,1,2,0,0,2,0,0,7,12,2,19,0
9GVMDFXQ,166,17,50,101,32,0,75,11,19,46,21,0,91,6,31,55,11,0,12,0,1,10,1,0,86,97,12,183,0
VL7BXMAE,142,3,18,99,25,3,25,0,2,16,7,0,117,3,16,83,18,3,12,1,2,10,1,0,25,120,13,145,0
LNBXOQGJ,91,2,24,63,5,2,17,1,9,8,0,1,74,1,15,55,5,1,5,0,0,5,0,0,18,75,5,93,0
ICVZO7YK,233,19,64,153,15,23,75,6,16,56,4,5,158,13,48,97,11,18,63,7,22,36,6,8,81,171,70,252,0
YD14EMCR,23,8,10,18,3,0,11,4,4,8,3,0,12,4,6,10,0,0,3,0,1,2,0,0,15,16,3,31,0
JHFZB1WY,27,2,10,16,3,0,8,0,2,3,3,0,19,2,8,13,0,0,2,0,0,2,0,0,8,21,2,29,0
TZ8IFBSE,9,0,1,8,0,0,3,0,0,3,0,0,6,0,1,5,0,0,1,0,0,1,0,0,3,6,1,9,1
LNTFIPMN,36,2,4,30,4,0,12,1,0,13,0,0,24,1,4,17,4,0,4,0,0,2,2,0,13,25,4,38,0
Z5BJDQ6E,34,0,5,29,0,0,11,0,4,7,0,0,23,0,1,22,0,0,1,0,0,1,0,0,11,23,1,34,0
GILQTAHZ,16,3,4,15,0,0,8,1,4,5,0,0,8,2,0,10,0,0,4,0,0,4,0,0,9,10,4,19,0
MU2QHJX5,18,1,8,11,0,0,6,0,2,4,0,0,12,1,6,7,0,0,0,0,0,0,0,0,6,13,0,19,1
SCYXROTE,8,0,2,6,0,0,0,0,0,0,0,0,8,0,2,6,0,0,7,0,2,5,0,0,0,8,7,8,0
I4CSPMRW,28,0,8,20,0,0,14,0,2,12,0,0,14,0,6,8,0,0,1,0,1,0,0,0,14,14,1,28,0
MGBPB82O,21,0,6,15,0,0,6,0,2,4,0,0,15,0,4,11,0,0,1,0,0,1,0,0,6,15,1,21,0
HJNHDIT7,11,0,3,7,1,0,6,0,2,4,0,0,5,0,1,3,1,0,1,0,0,1,0,0,6,5,1,11,0
8KKUYUWB,12,2,2,11,1,0,5,1,1,5,0,0,7,1,1,6,1,0,0,0,0,0,0,0,6,8,0,14,0
BT4YVY5U,20,1,10,11,0,0,7,0,2,5,0,0,13,1,8,6,0,0,3,0,1,2,0,0,7,14,3,21,0
F3NYOWNZ,7,1,2,5,1,0,2,0,1,1,0,0,5,1,1,4,1,0,0,0,0,0,0,0,2,6,0,8,0
5GUQL2JK,46,7,11,34,7,2,34,7,9,24,7,1,12,0,2,10,0,1,0,0,0,0,0,0,41,12,0,53,1
MHLAGITE,59,8,7,56,4,0,20,6,0,23,3,0,39,2,7,33,1,0,13,0,1,12,0,0,26,41,13,67,0
JBKHUHGY,47,18,9,23,7,26,11,6,3,5,4,5,36,12,6,18,3,21,10,6,0,13,3,0,17,48,16,65,0
UI2LTVTK,2,1,0,3,0,0,0,0,0,0,0,0,2,1,0,3,0,0,1,0,0,1,0,0,0,3,1,3,0
TPRMRGSQ,59,3,13,40,9,0,15,0,4,10,1,0,44,3,9,30,8,0,5,0,3,2,0,0,15,47,5,62,0
KRG3GMEJ,106,12,49,67,2,3,25,7,12,18,2,0,81,5,37,49,0,3,16,1,6,11,0,0,32,86,17,118,0
A5HEUR51,84,2,54,32,0,4,19,0,10,9,0,0,65,2,44,23,0,4,13,0,8,5,0,1,19,67,13,86,0
KVGJZPZK,14,1,5,10,0,0,7,1,3,5,0,0,7,0,2,5,0,0,2,0,1,1,0,0,8,7,2,15,0
WSHAG8KX,11,0,1,9,1,1,5,0,0,5,0,0,6,0,1,4,1,1,0,0,0,0,0,0,5,6,0,11,0
UJXLRJF6,13,0,5,7,1,0,4,0,2,2,0,0,9,0,3,5,1,0,1,0,1,0,0,0,4,9,1,13,1
D3WMHZBE,112,20,43,79,9,2,33,12,11,29,5,0,79,8,32,50,4,2,12,2,7,7,0,0,45,87,14,132,0
VQVVANAN,11,0,2,9,0,0,3,0,0,3,0,0,8,0,2,6,0,0,0,0,0,0,0,0,3,8,0,11,0
MFWGGQHO,26,2,7,20,1,0,9,0,2,6,1,0,17,2,5,14,0,0,5,0,2,3,0,0,9,19,5,28,0
XWYTSXNL,4,0,1,3,0,0,1,0,0,1,0,0,3,0,1,2,0,0,0,0,0,0,0,0,1,3,0,4,0
KHXGISLE,21,1,4,18,0,0,7,1,2,6,0,0,14,0,2,12,0,0,1,0,0,1,0,0,8,14,1,22,0
ZYMGQEBD,14,0,2,12,0,0,1,0,0,1,0,0,13,0,2,11,0,0,0,0,0,0,0,0,1,13,0,14,0
BJUB1NWK,12,12,2,15,7,0,3,2,0,4,1,0,9,10,2,11,6,0,1,0,0,0,1,0,5,19,1,24,0
1K8YXB5M,100,2,32,68,2,0,18,1,4,15,0,0,82,1,28,53,2,0,19,0,7,12,0,0,19,83,19,102,0
DYT7GMC9,80,7,8,69,10,0,29,4,7,24,2,0,51,3,1,45,8,0,16,1,0,14,3,0,33,54,17,87,0
DXWGW6YD,23,2,3,20,2,0,10,0,1,8,1,0,13,2,2,12,1,0,0,0,0,0,0,0,10,15,0,25,0
6ECR5AXS,29,1,4,24,1,1,19,1,3,15,1,1,10,0,1,9,0,0,4,0,0,4,0,0,20,10,4,30,1
D7DXCGLA,29,5,8,24,2,0,11,4,5,9,1,0,18,1,3,15,1,0,2,0,0,2,0,0,15,19,2,34,1
HOUQUOQJ,1,1,1,1,0,0,0,0,0,0,0,0,1,1,1,1,0,0,0,0,0,0,0,0,0,2,0,2,0
1YRSLN2P,52,1,9,32,1,10,13,0,3,6,0,4,39,1,6,26,1,6,16,0,1,12,1,2,13,40,16,53,0
SADJMNT5,52,7,13,38,6,2,13,5,3,11,2,2,39,2,10,27,4,0,8,0,3,5,0,0,18,41,8,59,0
TKP8IDS7,76,18,14,67,11,2,24,8,3,22,5,2,52,10,11,45,6,0,6,0,2,4,0,0,32,62,6,94,0
FPETPZJH,94,12,19,74,11,2,27,7,2,24,6,2,67,5,17,50,5,0,9,0,2,7,0,0,34,72,9,106,0
OZ6U3KOE,15,0,3,12,0,0,7,0,1,6,0,0,8,0,2,6,0,0,0,0,0,0,0,0,7,8,0,15,0
3AKL6BFG,29,10,8,28,3,0,11,7,6,12,0,0,18,3,2,16,3,0,0,0,0,0,0,0,18,21,0,39,0
FW9JI1DW,12,0,4,8,0,0,3,0,2,1,0,0,9,0,2,7,0,0,1,0,0,1,0,0,3,9,1,12,0
YKP9RDG4,6,0,0,5,1,0,5,0,0,5,0,0,1,0,0,0,1,0,0,0,0,0,0,0,5,1,0,6,0
HIYH6M5V,124,15,31,95,13,0,51,3,9,40,5,0,73,12,22,55,8,0,5,1,5,1,0,0,54,85,6,139,0
BYCYYGXT,27,0,5,17,5,0,9,0,3,5,1,0,18,0,2,12,4,0,1,0,0,1,0,0,9,18,1,27,0
ZQ6GYIVI,2,0,0,0,2,0,0,0,0,0,0,0,2,0,0,0,2,0,0,0,0,0,0,0,0,2,0,2,0
4ESMFB9F,33,12,19,23,1,2,30,12,18,21,1,2,3,0,1,2,0,0,0,0,0,0,0,0,42,3,0,45,0
RMLHPYVW,66,9,20,50,5,1,39,6,12,29,4,1,27,3,8,21,1,0,4,0,1,3,0,0,45,30,4,75,0
ZVUVTFNL,38,2,8,32,0,0,9,1,1,9,0,0,29,1,7,23,0,0,3,0,0,3,0,0,10,30,3,40,0
JVYBRRTW,33,0,7,26,0,0,3,0,0,3,0,0,30,0,7,23,0,0,6,0,0,6,0,0,3,30,6,33,0
JSBB9321,46,20,14,46,5,1,15,11,4,20,2,0,31,9,10,26,3,1,6,0,2,4,0,0,26,40,6,66,0
HE6P38TE,104,20,24,92,8,2,36,11,6,38,3,0,68,9,18,54,5,2,5,1,1,4,1,0,47,77,6,124,0
R85ZTOOM,148,14,42,107,13,10,45,11,16,34,6,4,103,3,26,73,7,6,18,0,4,14,0,1,56,106,18,162,0
BMNRA6NC,17,2,3,6,7,3,8,0,2,1,4,1,9,2,1,5,3,2,0,0,0,0,0,0,8,11,0,19,0
HXEOYEKO,19,6,3,22,0,0,6,0,0,6,0,0,13,6,3,16,0,0,1,0,1,0,0,0,6,19,1,25,0
H53TQ86X,52,1,6,47,0,0,8,1,0,9,0,0,44,0,6,38,0,0,6,0,1,5,0,0,9,44,6,53,0
ETCBLKUZ,63,4,8,52,7,1,27,4,5,20,6,1,36,0,3,32,1,0,3,0,1,1,1,0,31,36,3,67,0
N2HXLS1S,37,5,3,34,5,0,6,0,0,6,0,0,31,5,3,28,5,0,2,4,0,5,1,0,6,36,6,42,0
NH3BPWQK,69,10,10,49,19,2,18,2,4,12,4,0,51,8,6,37,15,2,7,2,1,5,2,1,20,59,9,79,0
HFXTXELZ,24,2,6,19,1,0,14,0,3,10,1,0,10,2,3,9,0,0,2,0,1,1,0,0,14,12,2,26,0
QWGRQZ48,28,2,10,20,0,0,11,0,6,5,0,0,17,2,4,15,0,0,3,0,0,3,0,0,11,19,3,30,0
RFONDIPP,15,6,6,14,1,0,3,3,3,2,1,0,12,3,3,12,0,0,3,0,3,0,0,0,6,15,3,21,0
QSUATEAB,31,3,9,23,2,0,13,2,2,12,1,0,18,1,7,11,1,0,3,0,2,1,0,0,15,19,3,34,0
HTRTSF6X,39,4,8,32,0,3,4,0,1,3,0,0,35,4,7,29,0,3,16,4,3,14,0,3,4,39,20,43,0
MGQCGIPC,35,2,10,27,0,0,11,0,1,10,0,0,24,2,9,17,0,0,4,0,1,3,0,0,11,26,4,37,0
KM4UGQZK,83,4,33,53,1,3,22,1,9,13,1,2,61,3,24,40,0,1,17,0,7,10,0,0,23,64,17,87,0
KISKRTN6,42,7,2,39,8,0,15,5,1,15,4,0,27,2,1,24,4,0,0,0,0,0,0,0,20,29,0,49,0
9VYDTISV,37,2,8,30,1,0,13,0,4,9,0,0,24,2,4,21,1,0,6,0,2,4,0,0,13,26,6,39,0
ENCPHEY1,89,12,17,77,6,1,34,11,13,28,4,0,55,1,4,49,2,1,6,0,0,6,0,0,45,56,6,101,0
FXSSSJ8V,88,4,16,60,16,0,46,3,5,35,9,0,42,1,11,25,7,0,2,0,1,0,1,0,49,43,2,92,0
O6P7DGNW,5,0,0,1,4,0,1,0,0,1,0,0,4,0,0,0,4,0,0,0,0,0,0,0,1,4,0,5,0
YPBFUITT,21,5,5,18,3,0,10,5,2,10,3,0,11,0,3,8,0,0,3,0,1,2,0,0,15,11,3,26,0
4MSKS4JF,1,0,0,1,0,0,0,0,0,0,0,0,1,0,0,1,0,0,1,0,0,1,0,0,0,1,1,1,1
1QD3OWUI,50,1,21,29,1,0,4,0,2,2,0,0,46,1,19,27,1,0,8,0,3,5,0,0,4,47,8,51,0
SV8SGL4E,4,0,0,1,0,3,0,0,0,0,0,0,4,0,0,1,0,3,0,0,0,0,0,0,0,4,0,4,0
CZHHQOQF,154,49,19,120,52,12,47,18,5,35,18,7,107,31,14,85,34,5,10,2,0,10,2,0,65,138,12,203,0
E8WOXBJX,66,8,12,59,3,0,13,3,3,13,0,0,53,5,9,46,3,0,9,0,2,6,1,0,16,58,9,74,0
KKGXOF4T,4,0,0,4,0,0,3,0,0,3,0,0,1,0,0,1,0,0,0,0,0,0,0,0,3,1,0,4,0
VMIH9NUT,4,2,0,3,2,1,1,2,0,2,1,0,3,0,0,1,1,1,0,0,0,0,0,0,3,3,0,6,0
AC3AYOFH,24,0,2,21,1,0,5,0,0,4,1,0,19,0,2,17,0,0,4,0,1,3,0,0,5,19,4,24,0
9EFWXRBG,9,0,0,9,0,0,2,0,0,2,0,0,7,0,0,7,0,0,1,0,0,1,0,0,2,7,1,9,0
6HDNBLEK,51,2,13,39,1,0,19,2,7,14,0,0,32,0,6,25,1,0,9,0,2,7,0,0,21,32,9,53,0
HXRY4VHC,4,0,0,2,2,0,3,0,0,1,2,0,1,0,0,1,0,0,0,0,0,0,0,0,3,1,0,4,0
SGHK2L9P,54,14,12,43,13,0,13,4,2,10,5,0,41,10,10,33,8,0,4,2,1,5,0,0,17,51,6,68,0
6FEDPQQ1,1,0,1,0,0,0,0,0,0,0,0,0,1,0,1,0,0,0,1,0,1,0,0,0,0,1,1,1,0
NZNOTNIH,106,17,28,81,12,3,36,9,8,30,5,2,70,8,20,51,7,1,9,1,4,6,0,0,45,78,10,123,0
VPABRWQH,39,0,4,35,0,0,10,0,1,9,0,0,29,0,3,26,0,0,2,0,2,0,0,0,10,29,2,39,0
GMFQB3QI,14,2,5,9,2,0,3,1,3,1,0,0,11,1,2,8,2,0,0,0,0,0,0,0,4,12,0,16,0
QNHYLIM6,41,6,11,34,2,0,6,0,1,5,0,0,35,6,10,29,2,0,17,6,8,15,0,0,6,41,23,47,0
HTTUOGEC,19,2,10,11,0,0,3,2,2,3,0,0,16,0,8,8,0,0,1,0,0,1,0,0,5,16,1,21,0
LEHWEKLL,12,1,5,8,0,0,5,0,3,2,0,0,7,1,2,6,0,0,2,0,0,2,0,0,5,8,2,13,0
ZSDDCBVF,35,0,4,31,0,2,8,0,1,7,0,0,27,0,3,24,0,2,5,0,3,2,0,2,8,27,5,35,0
7SW5JDJF,17,0,2,15,0,0,4,0,1,3,0,0,13,0,1,12,0,0,3,0,0,3,0,0,4,13,3,17,0
HHDHJYKP,10,9,1,11,6,1,1,0,0,1,0,0,9,9,1,10,6,1,0,0,0,0,0,0,1,18,0,19,0
HKML1WTS,29,1,7,23,0,1,9,1,2,8,0,0,20,0,5,15,0,1,2,0,1,1,0,0,10,20,2,30,0
AJPIJUY8,3,0,2,1,0,0,0,0,0,0,0,0,3,0,2,1,0,0,0,0,0,0,0,0,0,3,0,3,0
AXJ8MTTY,30,0,3,27,0,0,17,0,2,15,0,0,13,0,1,12,0,0,0,0,0,0,0,0,17,13,0,30,0
ZELVLMMP,8,1,2,5,1,0,0,0,0,0,0,0,8,1,2,5,1,0,0,0,0,0,0,0,0,9,0,9,0
WUICMXJI,42,2,0,43,1,0,12,1,0,13,0,0,30,1,0,30,1,0,2,0,0,2,0,0,13,31,2,44,0
ELGTNGYX,27,4,6,25,0,0,8,4,1,11,0,0,19,0,5,14,0,0,3,0,1,2,0,0,12,19,3,31,0
WRZHRCWZ,28,0,4,24,0,0,6,0,1,5,0,0,22,0,3,19,0,0,0,0,0,0,0,0,6,22,0,28,0
XKEJAIOZ,59,12,13,48,8,2,23,6,5,19,4,1,36,6,8,29,4,1,4,0,1,3,0,0,29,42,4,71,0
NRG6V88H,11,0,3,7,0,1,5,0,1,4,0,0,6,0,2,3,0,1,0,0,0,0,0,0,5,6,0,11,0
W8T6MIHE,48,7,6,35,9,5,37,6,6,23,9,5,11,1,0,12,0,0,1,0,0,1,0,0,43,12,1,55,0
IGQAX4RF,29,0,11,18,0,0,8,0,3,5,0,0,21,0,8,13,0,0,4,0,1,3,0,0,8,21,4,29,0
K6HGACF3,35,0,16,19,0,1,11,0,6,5,0,0,24,0,10,14,0,1,5,0,2,3,0,0,11,24,5,35,0
KHV6FIVI,52,17,17,37,15,0,44,17,15,31,15,0,8,0,2,6,0,0,0,0,0,0,0,0,61,8,0,69,0
4ZBMBQKM,41,5,13,32,1,0,8,3,1,10,0,0,33,2,12,22,1,0,9,0,5,3,1,0,11,35,9,46,0
PNPQ3CQG,232,39,24,145,78,24,57,19,11,33,22,10,175,20,13,112,56,14,41,3,6,32,6,0,76,195,44,271,0
Z1U1FC1R,131,19,17,123,9,1,49,5,7,40,6,1,82,14,10,83,3,0,8,0,1,7,0,0,54,96,8,150,0
WLXOMTAE,6,0,2,4,0,0,0,0,0,0,0,0,6,0,2,4,0,0,0,0,0,0,0,0,0,6,0,6,0
9KH22IJX,39,2,4,36,1,0,15,2,3,13,1,0,24,0,1,23,0,0,9,0,0,9,0,0,17,24,9,41,0
BDVJPEER,18,0,3,15,0,0,5,0,1,4,0,0,13,0,2,11,0,0,1,0,1,0,0,0,5,13,1,18,0
NK7M1ATO,6,0,2,4,0,0,3,0,0,3,0,0,3,0,2,1,0,0,0,0,0,0,0,0,3,3,0,6,0
NYGXF3VC,52,10,2,49,11,0,23,7,2,25,3,0,29,3,0,24,8,0,2,0,0,1,1,0,30,32,2,62,0
3UBYOTBS,2,0,2,0,0,0,0,0,0,0,0,0,2,0,2,0,0,0,2,0,2,0,0,0,0,2,2,2,0
WBRCUN7I,78,7,41,43,1,0,18,4,9,13,0,0,60,3,32,30,1,0,17,1,9,9,0,0,22,63,18,85,0
VZ9LFK9T,8,6,1,9,2,2,2,4,1,3,2,0,6,2,0,6,0,2,2,0,0,1,0,1,6,8,2,14,0
ECNU9YRZ,30,1,4,26,1,1,6,0,3,3,0,0,24,1,1,23,1,1,2,0,0,2,0,0,6,25,2,31,0
RTH51EV5,94,21,55,51,9,19,70,21,44,39,8,18,24,0,11,12,1,1,6,0,2,3,1,0,91,24,6,115,0
LDAVG7RY,3,1,0,4,0,0,0,0,0,0,0,0,3,1,0,4,0,0,2,0,0,2,0,0,0,4,2,4,0
GGU3VXVE,59,19,11,37,26,4,33,9,10,22,10,0,26,10,1,15,16,4,0,0,0,0,0,0,42,36,0,78,0
ENLCUREU,12,0,2,9,1,0,2,0,1,1,0,0,10,0,1,8,1,0,5,0,1,4,0,0,2,10,5,12,0
QIN7349S,107,8,6,94,15,0,22,5,3,15,9,0,85,3,3,79,6,0,6,0,1,5,0,0,27,88,6,115,0
UK1FEAJH,123,25,12,103,31,1,35,10,3,34,7,1,88,15,9,69,24,0,8,0,2,5,1,0,45,103,8,148,0
KN4YU3SB,35,0,14,19,2,0,7,0,4,3,0,0,28,0,10,16,2,0,0,0,0,0,0,0,7,28,0,35,0
UJ56R1LO,26,4,4,18,7,1,13,4,4,10,3,0,13,0,0,8,4,1,2,0,0,2,0,0,17,13,2,30,0
HSPVUF18,34,2,11,23,2,0,6,2,2,5,1,0,28,0,9,18,1,0,8,0,3,5,0,0,8,28,8,36,0
AXAETMN4,91,18,15,52,27,16,23,10,7,8,9,10,68,8,8,44,18,6,20,0,0,15,5,0,33,76,20,109,0
SW95QOHJ,16,1,3,9,2,3,3,0,0,2,1,0,13,1,3,7,1,3,1,0,0,1,0,0,3,14,1,17,0
L66X8TPC,7,0,1,6,0,0,4,0,1,3,0,0,3,0,0,3,0,0,0,0,0,0,0,0,4,3,0,7,0
QQ1PCQLR,8,0,0,8,0,0,6,0,0,6,0,0,2,0,0,2,0,0,0,0,0,0,0,0,6,2,0,8,0
NKCFW36F,44,22,20,36,10,0,41,22,18,35,10,0,3,0,2,1,0,0,0,0,0,0,0,0,63,3,0,66,0
C5WJ1E5A,129,31,27,103,27,3,70,20,12,55,20,3,59,11,15,48,7,0,11,2,3,10,0,0,90,70,13,160,0
VH6WHJEE,29,12,6,21,5,9,8,5,4,3,3,3,21,7,2,18,2,6,11,2,0,11,2,0,13,28,13,41,0
OW3PWNZB,9,1,6,3,1,0,1,0,1,0,0,0,8,1,5,3,1,0,0,0,0,0,0,0,1,9,0,10,0
RBQ2WP42,37,2,2,35,2,0,11,1,0,12,0,0,26,1,2,23,2,0,4,0,0,4,0,0,12,27,4,39,0
4AZLODFX,15,3,9,9,0,3,5,1,4,2,0,1,10,2,5,7,0,2,0,0,0,0,0,0,6,12,0,18,0
SAKB5XNQ,15,6,6,15,0,0,5,0,1,4,0,0,10,6,5,11,0,0,2,1,1,2,0,0,5,16,3,21,0
NH6VDYMV,54,2,9,41,4,2,20,0,2,15,3,0,34,2,7,26,1,2,2,0,0,1,0,1,20,36,2,56,0
TP4L22YT,17,1,3,14,1,0,4,0,0,4,0,0,13,1,3,10,1,0,3,0,2,1,0,0,4,14,3,18,0
1AL8HKAI,6,1,3,4,0,1,3,0,2,1,0,1,3,1,1,3,0,0,0,0,0,0,0,0,3,4,0,7,0
MXCQL2BB,12,0,5,6,0,1,5,0,3,1,0,1,7,0,2,5,0,0,3,0,0,3,0,0,5,7,3,12,0
FUY3BER2,17,0,4,11,0,2,7,0,2,3,0,2,10,0,2,8,0,0,1,0,0,1,0,0,7,10,1,17,0
WHYOYSR4,39,2,9,29,2,1,26,2,5,20,2,1,13,0,4,9,0,0,5,0,0,5,0,0,28,13,5,41,0
HBLZ7PQX,179,45,49,131,42,7,77,30,26,52,27,4,102,15,23,79,15,3,14,1,2,9,4,0,107,117,15,224,0
IKPWTU4W,8,0,1,7,0,0,2,0,0,2,0,0,6,0,1,5,0,0,0,0,0,0,0,0,2,6,0,8,0
STXJ2MXK,25,0,3,22,0,0,10,0,1,9,0,0,15,0,2,13,0,0,2,0,0,2,0,0,10,15,2,25,0
RA76DTGP,14,3,4,8,5,0,10,3,3,5,5,0,4,0,1,3,0,0,2,0,0,2,0,0,13,4,2,17,0
8XHJBZOO,84,4,6,75,7,0,17,4,2,18,1,0,67,0,4,57,6,0,20,0,3,16,1,0,21,67,20,88,0
ENKLWDBR,57,0,9,46,2,0,12,0,3,7,2,0,45,0,6,39,0,0,7,0,1,6,0,0,12,45,7,57,0
IQSDDJQC,23,8,1,15,10,5,7,4,0,5,5,1,16,4,1,10,5,4,4,1,0,2,2,1,11,20,5,31,0
S5JWOCUG,11,0,2,8,1,0,5,0,1,4,0,0,6,0,1,4,1,0,1,0,0,0,1,0,5,6,1,11,0
STZZP5DT,23,0,1,20,2,0,5,0,0,5,0,0,18,0,1,15,2,0,1,0,0,1,0,0,5,18,1,23,0
TGMH2RYC,4,0,2,1,1,2,1,0,1,0,0,1,3,0,1,1,1,1,1,0,0,0,1,0,1,3,1,4,0
RCICEYUZ,6,0,3,3,0,0,3,0,2,1,0,0,3,0,1,2,0,0,2,0,1,1,0,0,3,3,2,6,0
KKFGG6P2,46,1,4,38,5,0,15,1,1,15,0,0,31,0,3,23,5,0,4,0,1,3,0,0,16,31,4,47,0
ZBTCRPU9,9,1,5,5,0,0,5,0,4,1,0,0,4,1,1,4,0,0,0,0,0,0,0,0,5,5,0,10,0
3D2LOECT,13,0,0,12,1,0,9,0,0,8,1,0,4,0,0,4,0,0,1,0,0,1,0,0,9,4,1,13,0
I5WDAS2Q,14,0,0,14,0,0,3,0,0,3,0,0,11,0,0,11,0,0,0,0,0,0,0,0,3,11,0,14,0
MGNMZVTC,19,5,2,18,4,0,7,3,1,7,2,0,12,2,1,11,2,0,3,0,0,3,0,0,10,14,3,24,0
EDAF9ATJ,40,11,17,33,1,1,6,4,2,8,0,0,34,7,15,25,1,1,4,1,2,3,0,0,10,41,5,51,1
O6IMC46X,10,0,1,8,1,0,5,0,1,3,1,0,5,0,0,5,0,0,1,0,0,1,0,0,5,5,1,10,0
ZMJJNOVC,26,0,6,19,1,0,1,0,0,1,0,0,25,0,6,18,1,0,3,0,0,3,0,0,1,25,3,26,0
FOAGTOTY,13,0,0,13,0,0,3,0,0,3,0,0,10,0,0,10,0,0,4,0,0,4,0,0,3,10,4,13,0
BKUXCGKO,20,1,2,18,1,0,5,1,1,5,0,0,15,0,1,13,1,0,0,0,0,0,0,0,6,15,0,21,0
TQ2U3TN8,46,6,19,29,0,5,8,4,3,6,0,3,38,2,16,23,0,2,4,0,1,3,0,0,12,40,4,52,0
F6TXXRVE,31,4,4,29,2,0,6,0,0,6,0,0,25,4,4,23,2,0,6,3,0,7,2,0,6,29,9,35,0
35QLFULT,49,8,11,40,3,6,16,1,3,11,2,3,33,7,8,29,1,3,6,2,5,3,0,1,17,40,8,57,0
QB9MFS61,11,0,2,3,3,3,3,0,0,2,1,0,8,0,2,1,2,3,1,0,1,0,0,0,3,8,1,11,0
2OSCDLVD,43,0,12,31,0,0,13,0,4,9,0,0,30,0,8,22,0,0,3,0,0,3,0,0,13,30,3,43,0
LH1ZHCLO,9,0,2,7,0,0,5,0,0,5,0,0,4,0,2,2,0,0,0,0,0,0,0,0,5,4,0,9,0
Q9WAXN6H,35,0,6,29,0,0,6,0,1,5,0,0,29,0,5,24,0,0,3,0,1,2,0,0,6,29,3,35,0
WSY4S6LI,20,0,5,15,0,0,6,0,3,3,0,0,14,0,2,12,0,0,3,0,0,3,0,0,6,14,3,20,0
A7GSWHC5,40,3,15,28,0,0,10,0,4,6,0,0,30,3,11,22,0,0,0,0,0,0,0,0,10,33,0,43,0
6GG993KC,17,3,5,15,0,0,4,3,1,6,0,0,13,0,4,9,0,0,2,0,0,2,0,0,7,13,2,20,0
KVMJTJGU,44,7,4,43,4,0,20,4,1,23,0,0,24,3,3,20,4,0,0,0,0,0,0,0,24,27,0,51,0
CCBYJT3Q,28,2,13,17,0,0,9,0,2,7,0,0,19,2,11,10,0,0,2,0,2,0,0,0,9,21,2,30,0
CIYE4EDP,32,0,2,28,2,0,11,0,1,8,2,0,21,0,1,20,0,0,1,0,0,1,0,0,11,21,1,32,0
J2KCNXES,120,14,22,101,8,3,49,11,9,43,5,3,71,3,13,58,3,0,9,1,2,8,0,0,60,74,10,134,0
B4HOI9D6,33,1,1,31,2,0,9,0,0,8,1,0,24,1,1,23,1,0,7,0,0,7,0,0,9,25,7,34,0
GHU9H6GA,24,2,7,14,4,1,9,1,2,7,1,0,15,1,5,7,3,1,0,0,0,0,0,0,10,16,0,26,0
N6BCU83Z,20,0,5,15,0,0,6,0,2,4,0,0,14,0,3,11,0,0,2,0,1,1,0,0,6,14,2,20,0
3PFCJME3,1,0,1,0,0,0,1,0,1,0,0,0,0,0,0,0,0,0,0,0,0,0,0,0,1,0,0,1,0
KGTZTBCL,77,16,37,56,0,1,28,7,14,21,0,1,49,9,23,35,0,0,7,0,4,3,0,0,35,58,7,93,0
XM7PXG7D,41,4,24,19,1,1,18,1,10,7,1,1,23,3,14,12,0,0,3,0,1,2,0,0,19,26,3,45,0
FZCPBCIA,6,0,0,6,0,0,1,0,0,1,0,0,5,0,0,5,0,0,0,0,0,0,0,0,1,5,0,6,0
TV1BZUCZ,11,1,4,8,0,0,2,1,1,2,0,0,9,0,3,6,0,0,1,0,0,1,0,0,3,9,1,12,0
I6ILKPZG,87,17,20,75,9,1,18,5,5,16,2,0,69,12,15,59,7,1,12,5,2,15,0,0,23,81,17,104,0
BFDTZUL6,85,19,18,65,21,0,48,12,11,38,11,0,37,7,7,27,10,0,15,2,5,9,3,0,60,44,17,104,0
TZDYFTOG,12,0,7,5,0,0,1,0,1,0,0,0,11,0,6,5,0,0,2,0,0,2,0,0,1,11,2,12,0
BIVDOZ6X,23,1,4,18,2,0,4,0,0,4,0,0,19,1,4,14,2,0,1,0,0,1,0,0,4,20,1,24,0
GPXK9TKF,65,8,14,50,7,2,20,4,4,12,6,2,45,4,10,38,1,0,9,0,4,5,0,0,24,49,9,73,0
VGBTFZGM,46,4,16,34,0,0,11,1,3,9,0,0,35,3,13,25,0,0,8,3,3,8,0,0,12,38,11,50,0
BNUHV936,92,12,9,81,14,0,20,5,3,22,0,0,72,7,6,59,14,0,6,0,0,5,1,0,25,79,6,104,0
ACI6MZ4W,6,0,0,6,0,0,4,0,0,4,0,0,2,0,0,2,0,0,1,0,0,1,0,0,4,2,1,6,0
IU5RAGFK,12,0,2,10,0,0,2,0,0,2,0,0,10,0,2,8,0,0,3,0,0,3,0,0,2,10,3,12,0
J4ODNUER,13,0,2,11,0,0,9,0,1,8,0,0,4,0,1,3,0,0,0,0,0,0,0,0,9,4,0,13,0
1RGK7RZI,8,0,1,6,1,0,3,0,1,2,0,0,5,0,0,4,1,0,1,0,0,1,0,0,3,5,1,8,0
WIIVWHBC,9,0,0,9,0,0,6,0,0,6,0,0,3,0,0,3,0,0,0,0,0,0,0,0,6,3,0,9,0
8NRFQN16,38,0,8,30,0,0,12,0,2,10,0,0,26,0,6,20,0,0,2,0,1,1,0,0,12,26,2,38,0
H3EVX2GE,11,0,4,7,0,0,2,0,1,1,0,0,9,0,3,6,0,0,0,0,0,0,0,0,2,9,0,11,0
SYOG7ERT,10,1,2,9,0,0,5,0,1,4,0,0,5,1,1,5,0,0,1,0,0,1,0,0,5,6,1,11,0
UMA6HDIL,47,0,13,34,0,0,15,0,6,9,0,0,32,0,7,25,0,0,2,0,0,2,0,0,15,32,2,47,0
WOACMERR,3,0,0,1,2,0,2,0,0,0,2,0,1,0,0,1,0,0,0,0,0,0,0,0,2,1,0,3,0
OTN8PD4G,3,1,1,2,1,0,3,1,1,2,1,0,0,0,0,0,0,0,0,0,0,0,0,0,4,0,0,4,0
GWQRHRZK,79,5,5,59,12,8,39,1,4,23,9,4,40,4,1,36,3,4,6,0,0,6,0,0,40,44,6,84,0
OCCWM91Y,126,22,20,89,39,1,19,8,5,15,7,0,107,14,15,74,32,1,14,0,2,9,3,0,27,121,14,148,0
YWPDSSYX,48,2,10,40,0,0,12,1,1,12,0,0,36,1,9,28,0,0,2,0,2,0,0,0,13,37,2,50,0
K8UWXFTY,19,0,1,18,0,0,7,0,0,7,0,0,12,0,1,11,0,0,0,0,0,0,0,0,7,12,0,19,0
FFK7JMCS,41,0,13,25,3,0,23,0,6,14,3,0,18,0,7,11,0,0,2,0,1,1,0,0,23,18,2,41,0
K6SXYG7R,5,2,0,7,0,0,0,0,0,0,0,0,5,2,0,7,0,0,3,0,0,3,0,0,0,7,3,7,0
UNTGKKEK,26,4,5,23,2,1,9,1,1,9,0,0,17,3,4,14,2,1,4,2,2,3,1,1,10,20,6,30,0
5INQUEIP,103,7,21,76,13,2,59,7,11,45,10,1,44,0,10,31,3,1,2,0,0,1,1,0,66,44,2,110,0
DDA3FPOO,23,1,7,17,0,0,20,1,7,14,0,0,3,0,0,3,0,0,1,0,0,1,0,0,21,3,1,24,0
HYKALKJE,103,19,32,73,1,12,57,14,21,39,1,8,46,5,11,34,0,4,0,0,0,0,0,0,71,51,0,122,0
FQJUOCU1,10,0,3,7,0,0,5,0,1,4,0,0,5,0,2,3,0,0,0,0,0,0,0,0,5,5,0,10,0
HAVBAJ9N,5,0,3,2,0,2,0,0,0,0,0,0,5,0,3,2,0,2,4,0,2,2,0,2,0,5,4,5,0
D2GR9XET,47,2,8,40,1,1,14,0,1,13,0,0,33,2,7,27,1,1,4,0,1,3,0,0,14,35,4,49,0
MIC1PB96,14,1,3,11,1,0,3,0,0,2,1,0,11,1,3,9,0,0,1,0,0,1,0,0,3,12,1,15,0
FYD1ZEGZ,21,1,2,13,7,0,6,1,2,4,1,0,15,0,0,9,6,0,0,0,0,0,0,0,7,15,0,22,0
17WX2EKJ,5,1,0,5,0,1,0,0,0,0,0,0,5,1,0,5,0,1,1,1,0,1,0,1,0,6,2,6,0
NNRFX1UW,34,2,8,26,2,0,5,2,0,5,2,0,29,0,8,21,0,0,1,0,1,0,0,0,7,29,1,36,0
5FOYR62M,122,11,35,90,8,1,29,5,14,17,3,1,93,6,21,73,5,0,26,3,4,24,1,0,34,99,29,133,0
SYHFNDHV,32,0,5,26,0,1,0,0,0,0,0,0,32,0,5,26,0,1,11,0,1,9,0,1,0,32,11,32,0
QKO2KZGQ,20,2,2,11,6,3,11,0,1,3,4,3,9,2,1,8,2,0,3,0,0,3,0,0,11,11,3,22,0
WFVSNGE4,66,6,14,55,3,0,25,2,5,20,2,0,41,4,9,35,1,0,12,0,3,8,1,0,27,45,12,72,0
WO3CIF3B,10,2,3,9,0,0,3,2,1,4,0,0,7,0,2,5,0,0,0,0,0,0,0,0,5,7,0,12,0
DLYJ8QKA,10,0,0,10,0,0,7,0,0,7,0,0,3,0,0,3,0,0,1,0,0,1,0,0,7,3,1,10,0
YCQBLGPZ,11,0,3,8,0,0,4,0,2,2,0,0,7,0,1,6,0,0,0,0,0,0,0,0,4,7,0,11,0
YSRT9UM7,9,2,0,10,1,0,1,0,0,1,0,0,8,2,0,9,1,0,1,0,0,1,0,0,1,10,1,11,0
IHNEBLFC,21,4,0,23,2,0,15,4,0,18,1,0,6,0,0,5,1,0,0,0,0,0,0,0,19,6,0,25,0
LKFRLWIX,46,9,11,39,5,0,30,5,9,24,2,0,16,4,2,15,3,0,4,0,0,4,0,0,35,20,4,55,0
UBGA3NDQ,11,0,1,10,0,0,4,0,0,4,0,0,7,0,1,6,0,0,1,0,0,1,0,0,4,7,1,11,0
VTECRSLC,95,15,11,73,21,5,15,4,2,16,1,0,80,11,9,57,20,5,12,0,3,8,1,0,19,91,12,110,0
LA9NEHSH,5,0,2,2,1,0,1,0,0,1,0,0,4,0,2,1,1,0,0,0,0,0,0,0,1,4,0,5,0
CZV1H1QQ,55,1,7,48,1,0,13,0,1,11,1,0,42,1,6,37,0,0,8,0,3,5,0,0,13,43,8,56,0
DSJVJQPH,6,0,1,4,1,0,2,0,0,2,0,0,4,0,1,2,1,0,1,0,1,0,0,0,2,4,1,6,0
RU6DT1BG,3,0,1,2,0,0,3,0,1,2,0,0,0,0,0,0,0,0,0,0,0,0,0,0,3,0,0,3,0
UERFISDR,15,1,1,15,0,0,6,0,0,6,0,0,9,1,1,9,0,0,1,0,0,1,0,0,6,10,1,16,0
FK9JHW4E,9,18,14,13,0,0,9,5,8,6,0,0,0,13,6,7,0,0,0,5,2,3,0,0,14,13,5,27,0
NV2QJLRW,64,4,9,56,3,0,11,1,1,11,0,0,53,3,8,45,3,0,7,0,2,5,0,0,12,56,7,68,0
3LJGPCNU,9,2,3,7,1,0,1,0,0,1,0,0,8,2,3,6,1,0,0,0,0,0,0,0,1,10,0,11,0
R3JI5GSX,17,5,2,13,1,6,14,4,2,9,1,6,3,1,0,4,0,0,0,0,0,0,0,0,18,4,0,22,0
ACKSWPIR,1,17,1,13,4,0,1,3,0,3,1,0,0,14,1,10,3,0,0,0,0,0,0,0,4,14,0,18,0
PA1YRIVV,9,2,0,11,0,0,4,2,0,6,0,0,5,0,0,5,0,0,0,0,0,0,0,0,6,5,0,11,0
LHLLE1BS,30,7,5,30,2,2,8,1,2,6,1,0,22,6,3,24,1,2,7,1,1,6,1,0,9,28,8,37,0
XPJNDGRJ,6,0,1,5,0,0,2,0,0,2,0,0,4,0,1,3,0,0,2,0,1,1,0,0,2,4,2,6,0
LGQGZXXL,63,9,13,57,2,0,24,6,6,24,0,0,39,3,7,33,2,0,0,0,0,0,0,0,30,42,0,72,0
F774LIU2,79,41,19,65,35,2,34,24,15,31,11,2,45,17,4,34,24,0,6,4,1,9,0,0,58,62,10,120,0
AYJWP34Y,4,0,1,3,0,0,2,0,1,1,0,0,2,0,0,2,0,0,0,0,0,0,0,0,2,2,0,4,0
IAR8HMGE,80,10,3,73,9,5,39,9,3,35,5,5,41,1,0,38,4,0,1,1,0,1,1,0,48,42,2,90,0
YP899HJN,67,10,38,33,6,4,0,0,0,0,0,0,67,10,38,33,6,4,19,3,7,13,2,0,0,77,22,77,0
W6DV27YR,151,32,37,72,38,37,44,10,9,20,13,13,107,22,28,52,25,24,6,1,3,4,0,0,54,129,7,183,0
BVOOEMX4,14,0,2,12,0,0,3,0,1,2,0,0,11,0,1,10,0,0,3,0,0,3,0,0,3,11,3,14,0
LAUYTOKR,16,1,3,12,2,0,4,1,0,5,0,0,12,0,3,7,2,0,0,0,0,0,0,0,5,12,0,17,0
XQJF5OEB,1,0,0,1,0,0,1,0,0,1,0,0,0,0,0,0,0,0,0,0,0,0,0,0,1,0,0,1,0
FPDJZZJB,1,8,5,4,0,1,1,5,2,4,0,1,0,3,3,0,0,0,0,0,0,0,0,0,6,3,0,9,0
9AAAPJRU,19,3,3,14,5,0,1,0,0,1,0,0,18,3,3,13,5,0,3,1,1,3,0,0,1,21,4,22,0
EGJTIAR6,4,2,0,6,0,0,3,2,0,5,0,0,1,0,0,1,0,0,1,0,0,1,0,0,5,1,1,6,0
5AKEH1CG,13,1,4,7,1,2,7,0,2,3,0,2,6,1,2,4,1,0,0,0,0,0,0,0,7,7,0,14,0
PHHT8DBX,32,4,6,23,7,1,18,3,5,12,4,1,14,1,1,11,3,0,3,0,0,2,1,0,21,15,3,36,0
WAUBUW3F,31,4,10,19,5,0,11,3,5,5,4,0,20,1,5,14,1,0,3,1,0,3,1,0,14,21,4,35,0
STUGFBTH,38,11,12,26,8,3,10,8,3,8,7,0,28,3,9,18,1,3,3,0,1,2,0,0,18,31,3,49,0
AXADADGZ,25,2,0,23,4,0,5,2,0,5,2,0,20,0,0,18,2,0,0,0,0,0,0,0,7,20,0,27,0
LARQOWLX,19,0,7,11,0,1,5,0,2,3,0,0,14,0,5,8,0,1,3,0,0,3,0,0,5,14,3,19,0
PT3MR5H2,9,5,3,10,1,0,7,4,3,7,1,0,2,1,0,3,0,0,0,0,0,0,0,0,11,3,0,14,0
LVQEM9ZP,119,19,58,79,1,0,62,18,35,45,0,0,57,1,23,34,1,0,9,0,2,7,0,0,80,58,9,138,0
MME4HMEF,1,0,0,1,0,0,0,0,0,0,0,0,1,0,0,1,0,0,1,0,0,1,0,0,0,1,1,1,0
2ZQUMM7W,30,1,8,16,7,0,12,0,4,7,1,0,18,1,4,9,6,0,3,0,1,2,0,0,12,19,3,31,0
6JVEAFK5,7,0,0,7,0,0,4,0,0,4,0,0,3,0,0,3,0,0,0,0,0,0,0,0,4,3,0,7,0
ZOS81ERU,2,0,1,1,0,0,1,0,0,1,0,0,1,0,1,0,0,0,0,0,0,0,0,0,1,1,0,2,0
BCECPQO6,7,0,1,6,0,0,4,0,1,3,0,0,3,0,0,3,0,0,1,0,0,1,0,0,4,3,1,7,0
NCBP8Y8V,11,0,2,8,1,1,5,0,2,2,1,1,6,0,0,6,0,0,3,0,0,3,0,0,5,6,3,11,0
GUKFNCYR,45,0,2,37,6,0,11,0,0,11,0,0,34,0,2,26,6,0,5,0,1,3,1,0,11,34,5,45,0
KUUFHVCE,26,3,7,22,0,0,8,2,2,8,0,0,18,1,5,14,0,0,3,1,1,3,0,0,10,19,4,29,0
GFI2RO2J,28,1,13,15,0,2,4,0,2,2,0,0,24,1,11,13,0,2,5,0,3,2,0,0,4,25,5,29,0
STZSOT2W,31,4,7,27,0,0,6,1,0,7,0,0,25,3,7,20,0,0,3,1,0,3,0,0,7,28,4,35,0
CDNEJQTW,1,1,1,1,0,0,1,1,1,1,0,0,0,0,0,0,0,0,0,0,0,0,0,0,2,0,0,2,0
LVZQIVJS,21,5,4,18,2,2,4,5,1,5,2,1,17,0,3,13,0,1,5,0,0,5,0,0,9,17,5,26,0
EPDIWTVS,5,0,0,3,1,1,0,0,0,0,0,0,5,0,0,3,1,1,1,0,0,0,0,1,0,5,1,5,0
RUDUU55S,35,10,3,33,6,4,22,9,3,22,3,4,13,1,0,11,3,0,2,0,0,2,0,0,31,14,2,45,0
LBKZMYIU,4,3,0,6,1,0,2,1,0,2,1,0,2,2,0,4,0,0,0,0,0,0,0,0,3,4,0,7,0
3PJ6CLXG,5,0,0,3,2,0,4,0,0,2,2,0,1,0,0,1,0,0,0,0,0,0,0,0,4,1,0,5,0
5OG24PHW,30,2,13,18,1,1,1,2,0,2,1,0,29,0,13,16,0,1,7,0,2,5,0,1,3,29,7,32,0
CVOAQ6JE,24,6,4,24,2,0,5,2,1,6,0,0,19,4,3,18,2,0,2,0,1,1,0,0,7,23,2,30,0
T7AYCMJC,4,0,0,4,0,0,3,0,0,3,0,0,1,0,0,1,0,0,0,0,0,0,0,0,3,1,0,4,0
44UMWYFS,20,3,5,18,0,0,8,2,4,6,0,0,12,1,1,12,0,0,0,0,0,0,0,0,10,13,0,23,0
KEAJFGLH,5,1,1,4,0,1,2,1,1,1,0,1,3,0,0,3,0,0,0,0,0,0,0,0,3,3,0,6,0
X7HU4Y25,2,0,0,2,0,0,2,0,0,2,0,0,0,0,0,0,0,0,0,0,0,0,0,0,2,0,0,2,0
3ZBQXA9J,3,0,0,2,1,0,3,0,0,2,1,0,0,0,0,0,0,0,0,0,0,0,0,0,3,0,0,3,0
QXU1DOQY,142,15,43,108,3,6,60,4,22,41,1,1,82,11,21,67,2,5,11,0,3,8,0,0,64,93,11,157,0
GSKANBLJ,29,0,3,24,2,0,12,0,0,12,0,0,17,0,3,12,2,0,2,0,1,1,0,0,12,17,2,29,0
JS1PST9H,19,0,7,11,0,0,3,0,1,2,0,0,16,0,6,9,0,0,1,0,1,0,0,0,3,16,1,19,0
HFSMWRRW,11,0,0,11,0,0,5,0,0,5,0,0,6,0,0,6,0,0,0,0,0,0,0,0,5,6,0,11,0
EHIRIVVF,15,0,3,12,0,1,1,0,0,1,0,0,14,0,3,11,0,1,1,0,0,1,0,0,1,14,1,15,0
N3KIY5R5,3,0,0,3,0,0,1,0,0,1,0,0,2,0,0,2,0,0,0,0,0,0,0,0,1,2,0,3,0
SOLATUPB,3,0,0,3,0,0,3,0,0,3,0,0,0,0,0,0,0,0,0,0,0,0,0,0,3,0,0,3,0
HYWQNNO1,17,2,7,12,0,0,5,0,4,1,0,0,12,2,3,11,0,0,1,0,0,1,0,0,5,14,1,19,0
MQII3JFG,18,0,3,14,1,0,6,0,0,6,0,0,12,0,3,8,1,0,0,0,0,0,0,0,6,12,0,18,0
GLCDGZEH,41,4,16,28,1,0,15,2,3,13,1,0,26,2,13,15,0,0,7,1,4,4,0,0,17,28,8,45,0
IPMCD7XV,15,5,5,12,3,0,7,2,2,7,0,0,8,3,3,5,3,0,0,1,1,0,0,0,9,11,1,20,0
BJFDNRZK,12,3,4,11,0,0,8,2,2,8,0,0,4,1,2,3,0,0,1,1,1,1,0,0,10,5,2,15,0
XJTW3ES3,16,2,3,15,0,0,3,1,0,4,0,0,13,1,3,11,0,0,5,1,2,4,0,0,4,14,6,18,0
E8XNCJY7,45,9,5,34,14,1,34,9,4,26,12,1,11,0,1,8,2,0,2,0,1,1,0,0,43,11,2,54,0
LYYFCWGN,2,0,0,2,0,0,2,0,0,2,0,0,0,0,0,0,0,0,0,0,0,0,0,0,2,0,0,2,0
Z6TFNFM6,150,12,38,119,5,0,62,10,20,51,1,0,88,2,18,68,4,0,12,0,0,11,1,0,72,90,12,162,0
6MRE1XS7,153,28,29,136,16,0,67,19,12,63,11,0,86,9,17,73,5,0,16,0,4,12,0,0,86,95,16,181,0
KM5SRCKZ,27,4,4,27,0,0,8,1,0,9,0,0,19,3,4,18,0,0,5,1,0,6,0,0,9,22,6,31,0
C66MZBE8,110,7,30,77,9,1,48,2,14,32,4,0,62,5,16,45,5,1,18,0,5,11,2,0,50,67,18,117,0
NMXXP1HG,81,16,31,62,4,0,45,11,16,36,4,0,36,5,15,26,0,0,5,1,2,4,0,0,56,41,6,97,0
PRUN9MHP,15,3,3,13,2,0,10,3,3,8,2,0,5,0,0,5,0,0,3,0,0,3,0,0,13,5,3,18,0
UPLCJUYQ,26,0,14,11,1,0,8,0,4,3,1,0,18,0,10,8,0,0,3,0,2,1,0,0,8,18,3,26,0
HTYBHFA8,13,2,7,8,0,0,1,2,2,1,0,0,12,0,5,7,0,0,0,0,0,0,0,0,3,12,0,15,0
U4AXAOPL,1,0,0,1,0,0,0,0,0,0,0,0,1,0,0,1,0,0,0,0,0,0,0,0,0,1,0,1,0
MF9MUHYT,15,5,4,15,1,0,11,5,3,13,0,0,4,0,1,2,1,0,1,0,1,0,0,0,16,4,1,20,0
9MYK7XMS,18,1,1,14,4,0,11,0,0,9,2,0,7,1,1,5,2,0,0,0,0,0,0,0,11,8,0,19,0
RYMMPXLH,3,0,0,3,0,0,3,0,0,3,0,0,0,0,0,0,0,0,0,0,0,0,0,0,3,0,0,3,0
1EFTI37E,37,3,15,24,1,0,11,1,4,7,1,0,26,2,11,17,0,0,2,0,1,1,0,0,12,28,2,40,0
GBMNTEK2,26,12,5,25,8,0,17,9,3,17,6,0,9,3,2,8,2,0,0,1,1,0,0,0,26,12,1,38,0
KUDZ4RPO,7,0,0,7,0,0,4,0,0,4,0,0,3,0,0,3,0,0,0,0,0,0,0,0,4,3,0,7,0
8DFHUKRH,68,1,17,49,3,0,27,0,9,17,1,0,41,1,8,32,2,0,8,0,2,6,0,0,27,42,8,69,0
OWNDQHZQ,23,1,7,17,0,1,0,0,0,0,0,0,23,1,7,17,0,1,3,0,0,3,0,0,0,24,3,24,0
2PI2KQNU,16,0,1,10,3,2,4,0,1,2,1,0,12,0,0,8,2,2,0,0,0,0,0,0,4,12,0,16,0
BTCEOZFO,48,11,13,40,5,1,13,1,2,8,4,0,35,10,11,32,1,1,3,0,2,1,0,0,14,45,3,59,0
SWDAESC9,8,2,3,6,1,0,2,2,2,2,0,0,6,0,1,4,1,0,3,0,1,1,1,0,4,6,3,10,0
KA4IRWDS,19,3,4,16,2,2,4,2,0,4,2,0,15,1,4,12,0,2,4,0,1,3,0,0,6,16,4,22,0
WU5Y5CL7,16,5,4,12,5,0,2,0,1,0,1,0,14,5,3,12,4,0,3,0,1,2,0,0,2,19,3,21,0
7VJE7JK9,4,1,1,4,0,0,4,0,1,3,0,0,0,1,0,1,0,0,0,0,0,0,0,0,4,1,0,5,0
FAZ7LPKS,29,0,6,23,0,0,11,0,2,9,0,0,18,0,4,14,0,0,1,0,0,1,0,0,11,18,1,29,0
PHV2MZSN,32,0,9,22,1,0,9,0,3,5,1,0,23,0,6,17,0,0,7,0,3,4,0,0,9,23,7,32,0
V6IBJG9U,70,6,9,49,8,10,11,0,4,6,0,1,59,6,5,43,8,9,5,6,1,7,3,0,11,65,11,76,0
SRHBJ8VW,40,2,16,25,1,3,5,1,2,3,1,0,35,1,14,22,0,3,9,1,4,6,0,1,6,36,10,42,0
ILDKTXDZ,41,1,11,26,5,0,24,1,5,15,5,0,17,0,6,11,0,0,1,0,1,0,0,0,25,17,1,42,0
FRQQDTCB,115,25,26,94,19,0,32,12,10,27,6,0,83,13,16,67,13,0,9,0,0,7,2,0,44,96,9,140,0
O4YHGPNI,72,28,15,84,1,0,15,15,1,28,1,0,57,13,14,56,0,0,8,0,1,7,0,0,30,70,8,100,0
FIA2QTAN,38,10,6,33,9,0,22,10,3,21,8,0,16,0,3,12,1,0,2,0,0,1,1,0,32,16,2,48,0
RY8YNN1N,8,3,1,10,0,0,3,1,0,4,0,0,5,2,1,6,0,0,0,0,0,0,0,0,4,7,0,11,0
P8N2OWJD,32,2,8,21,5,0,5,0,2,2,1,0,27,2,6,19,4,0,3,1,1,2,1,0,5,29,4,34,0
GT9RHXXT,20,0,7,13,0,0,7,0,3,4,0,0,13,0,4,9,0,0,0,0,0,0,0,0,7,13,0,20,0
GZNSRE9G,4,0,1,3,0,0,1,0,1,0,0,0,3,0,0,3,0,0,2,0,0,2,0,0,1,3,2,4,0
EVO1UFZB,26,7,6,22,5,0,19,7,4,18,4,0,7,0,2,4,1,0,0,0,0,0,0,0,26,7,0,33,0
AAR59DBE,13,1,1,13,0,0,3,1,0,4,0,0,10,0,1,9,0,0,2,0,0,2,0,0,4,10,2,14,0
JL8EUGBZ,50,18,8,60,0,1,12,4,0,16,0,0,38,14,8,44,0,1,3,2,0,5,0,0,16,52,5,68,0
XCCKBSMI,47,2,14,30,5,0,16,1,5,8,4,0,31,1,9,22,1,0,4,0,1,3,0,0,17,32,4,49,0
L8CSPTHL,124,29,20,97,30,8,47,11,9,39,8,2,77,18,11,58,22,6,12,4,1,9,6,0,58,95,16,153,0
EJLFXD4N,9,1,3,7,0,0,4,0,1,3,0,0,5,1,2,4,0,0,3,0,1,2,0,0,4,6,3,10,0
EQ7AFPVK,3,0,0,3,0,0,0,0,0,0,0,0,3,0,0,3,0,0,2,0,0,2,0,0,0,3,2,3,0
FBEMAMGG,17,13,2,11,14,3,9,13,1,9,9,3,8,0,1,2,5,0,0,0,0,0,0,0,22,8,0,30,0
OV2YVRVI,106,29,16,96,23,0,58,17,10,50,15,0,48,12,6,46,8,0,0,0,0,0,0,0,75,60,0,135,0
1ISTCNWQ,75,1,17,56,3,0,12,1,3,10,0,0,63,0,14,46,3,0,3,0,0,3,0,0,13,63,3,76,0
WDTV69MC,2,0,1,1,0,0,0,0,0,0,0,0,2,0,1,1,0,0,1,0,1,0,0,0,0,2,1,2,0
EIQPVEED,5,0,1,4,0,0,4,0,1,3,0,0,1,0,0,1,0,0,0,0,0,0,0,0,4,1,0,5,0
IG5IQ6XD,1,2,0,3,0,0,1,0,0,1,0,0,0,2,0,2,0,0,0,1,0,1,0,0,1,2,1,3,0
HV9OYZCK,16,15,1,23,6,1,2,3,1,4,0,0,14,12,0,19,6,1,5,4,0,8,1,0,5,26,9,31,0
YEXRJCBM,5,1,0,4,0,2,3,0,0,1,0,2,2,1,0,3,0,0,1,0,0,1,0,0,3,3,1,6,0
8CX9GAFL,13,8,5,15,1,0,9,0,2,6,1,0,4,8,3,9,0,0,0,0,0,0,0,0,9,12,0,21,0
PDCPQHTE,120,9,22,88,15,4,26,5,3,24,4,0,94,4,19,64,11,4,19,0,4,11,4,0,31,98,19,129,0
AOPETYSM,22,3,2,21,2,0,10,0,1,8,1,0,12,3,1,13,1,0,4,0,1,3,0,0,10,15,4,25,0
WDNGA3UP,65,7,8,57,7,0,29,6,5,25,5,0,36,1,3,32,2,0,2,0,0,2,0,0,35,37,2,72,0
U4RC34MY,13,0,0,10,3,0,8,0,0,8,0,0,5,0,0,2,3,0,0,0,0,0,0,0,8,5,0,13,0
HNT9CSB8,82,2,10,69,5,1,33,0,3,28,2,0,49,2,7,41,3,1,4,0,0,4,0,0,33,51,4,84,0
NIORJIWX,165,27,20,142,29,1,90,14,7,82,15,0,75,13,13,60,14,1,10,0,0,9,1,0,104,88,10,192,0
DGOAS9ZW,170,46,26,172,18,0,75,22,9,81,7,0,95,24,17,91,11,0,27,8,8,25,2,0,97,119,35,216,0
EDWN751R,52,7,5,41,8,5,24,5,2,18,4,5,28,2,3,23,4,0,9,1,2,6,2,0,29,30,10,59,0
JVOY1XDF,52,17,13,40,15,3,14,4,4,11,3,1,38,13,9,29,12,2,1,0,0,1,0,0,18,51,1,69,0
FCYL2OVK,42,0,2,40,0,0,15,0,0,15,0,0,27,0,2,25,0,0,0,0,0,0,0,0,15,27,0,42,0
XBHZ7N2V,50,6,18,33,4,2,20,6,7,14,4,1,30,0,11,19,0,1,3,0,2,1,0,0,26,30,3,56,0
ICN1X3JS,8,4,2,10,0,0,1,4,0,5,0,0,7,0,2,5,0,0,0,0,0,0,0,0,5,7,0,12,0
QX4ASCVM,7,1,2,6,0,0,1,1,1,1,0,0,6,0,1,5,0,0,3,0,1,2,0,0,2,6,3,8,0
USKKFEQB,48,6,4,34,8,8,27,5,2,23,4,3,21,1,2,11,4,5,0,0,0,0,0,0,32,22,0,54,0
POXSSQ2E,28,5,1,18,14,0,12,2,1,6,7,0,16,3,0,12,7,0,5,0,0,4,1,0,14,19,5,33,0
BFUQT5O8,13,2,2,12,1,0,11,1,1,11,0,0,2,1,1,1,1,0,2,0,1,0,1,0,12,3,2,15,0
5DTMIOML,50,5,7,43,5,1,26,5,4,23,4,1,24,0,3,20,1,0,1,0,0,1,0,0,31,24,1,55,0
GE7WFTDD,32,0,7,25,0,0,10,0,2,8,0,0,22,0,5,17,0,0,5,0,2,3,0,0,10,22,5,32,0
MH9IPCCR,62,0,23,39,0,8,18,0,7,11,0,4,44,0,16,28,0,4,4,0,1,3,0,0,18,44,4,62,0
D7ZO9EOZ,16,1,4,13,0,0,6,1,0,7,0,0,10,0,4,6,0,0,0,0,0,0,0,0,7,10,0,17,0
32MEL8XK,23,0,9,14,0,0,7,0,4,3,0,0,16,0,5,11,0,0,2,0,0,2,0,0,7,16,2,23,0
CEW5U3F2,42,4,8,36,2,0,4,0,0,4,0,0,38,4,8,32,2,0,20,3,4,17,2,0,4,42,23,46,0
SOF6QND1,6,0,0,6,0,0,2,0,0,2,0,0,4,0,0,4,0,0,0,0,0,0,0,0,2,4,0,6,0
QBEEUAKJ,29,1,7,20,3,0,12,1,3,9,1,0,17,0,4,11,2,0,6,0,1,3,2,0,13,17,6,30,0
TLZW4SX1,3,1,0,4,0,0,1,0,0,1,0,0,2,1,0,3,0,0,0,0,0,0,0,0,1,3,0,4,0
SATUPKKF,14,0,4,10,0,0,6,0,1,5,0,0,8,0,3,5,0,0,1,0,0,1,0,0,6,8,1,14,0
AZLLA3A4,37,1,3,34,1,0,7,0,1,6,0,0,30,1,2,28,1,0,2,0,0,2,0,0,7,31,2,38,0
LHPBIEVC,95,14,18,67,24,0,34,2,4,26,6,0,61,12,14,41,18,0,11,1,4,7,1,0,36,73,12,109,0
NOYZVZ9E,3,0,1,2,0,0,3,0,1,2,0,0,0,0,0,0,0,0,0,0,0,0,0,0,3,0,0,3,0
CGURIUPF,22,2,5,19,0,0,8,2,2,8,0,0,14,0,3,11,0,0,1,0,0,1,0,0,10,14,1,24,0
ZBCYLNDT,21,2,4,19,0,0,9,0,4,5,0,0,12,2,0,14,0,0,0,0,0,0,0,0,9,14,0,23,0
PAQZULRC,22,9,8,20,3,0,11,3,6,7,1,0,11,6,2,13,2,0,1,1,0,1,1,0,14,17,2,31,0
TMK2REXJ,5,11,2,12,2,0,5,8,2,9,2,0,0,3,0,3,0,0,0,0,0,0,0,0,13,3,0,16,0
QD3ZBFDL,33,0,3,15,9,6,20,0,2,5,7,6,13,0,1,10,2,0,2,0,0,2,0,0,20,13,2,33,0
4JVYRLNY,9,0,1,8,0,0,2,0,0,2,0,0,7,0,1,6,0,0,0,0,0,0,0,0,2,7,0,9,0
3NLPKII9,11,2,1,12,0,1,3,2,1,4,0,1,8,0,0,8,0,0,1,0,0,1,0,0,5,8,1,13,0
VWVTBIIL,51,8,18,35,6,0,37,5,15,25,2,0,14,3,3,10,4,0,4,0,0,4,0,0,42,17,4,59,0
K66EGAWH,31,14,7,30,6,4,13,4,2,14,1,0,18,10,5,16,5,4,9,0,1,5,1,2,17,28,9,45,0
5LN3KDVI,13,0,0,9,4,0,7,0,0,6,1,0,6,0,0,3,3,0,2,0,0,0,2,0,7,6,2,13,0
OVTIGVKY,51,3,8,44,0,1,12,1,1,12,0,0,39,2,7,32,0,1,6,0,0,5,0,1,13,41,6,54,0
I4AJCFXU,2,0,2,0,0,0,0,0,0,0,0,0,2,0,2,0,0,0,0,0,0,0,0,0,0,2,0,2,0
VSUOBFCX,7,1,0,5,3,0,0,0,0,0,0,0,7,1,0,5,3,0,0,0,0,0,0,0,0,8,0,8,0
1RJHFONJ,36,1,5,30,2,0,12,0,2,10,0,0,24,1,3,20,2,0,4,1,0,4,1,0,12,25,5,37,0
MV5QCPI6,12,3,0,12,3,0,2,1,0,2,1,0,10,2,0,10,2,0,1,0,0,1,0,0,3,12,1,15,0
GLLAYRBJ,31,0,15,16,0,0,7,0,2,5,0,0,24,0,13,11,0,0,6,0,3,3,0,0,7,24,6,31,0
XQZBBIM7,39,1,10,28,2,0,11,1,3,9,0,0,28,0,7,19,2,0,6,0,1,3,2,0,12,28,6,40,0
BEFZVFCK,27,1,11,15,2,0,10,1,4,7,0,0,17,0,7,8,2,0,4,0,1,3,0,0,11,17,4,28,0
WOOCKQM4,5,1,1,5,0,0,0,0,0,0,0,0,5,1,1,5,0,0,0,0,0,0,0,0,0,6,0,6,0
YNHDUK6T,15,2,3,13,1,0,6,0,0,5,1,0,9,2,3,8,0,0,0,0,0,0,0,0,6,11,0,17,0
AJWITFNU,6,1,0,5,2,0,1,0,0,1,0,0,5,1,0,4,2,0,0,0,0,0,0,0,1,6,0,7,0
LCQRKVWK,44,10,3,45,6,0,23,5,1,24,3,0,21,5,2,21,3,0,3,0,0,3,0,0,28,26,3,54,0
UXUJDHSA,2,0,2,0,0,0,1,0,1,0,0,0,1,0,1,0,0,0,1,0,1,0,0,0,1,1,1,2,0
BJ2OGJ5U,6,0,0,5,1,0,2,0,0,1,1,0,4,0,0,4,0,0,1,0,0,1,0,0,2,4,1,6,0
R3Z5UJQI,4,0,0,2,2,0,3,0,0,1,2,0,1,0,0,1,0,0,0,0,0,0,0,0,3,1,0,4,0
WL5I7YWC,12,2,1,13,0,0,5,1,0,6,0,0,7,1,1,7,0,0,4,0,0,4,0,0,6,8,4,14,0
OFQWSTZS,2,0,0,2,0,0,1,0,0,1,0,0,1,0,0,1,0,0,0,0,0,0,0,0,1,1,0,2,0
IXCNISML,95,13,23,83,2,3,46,8,21,32,1,3,49,5,2,51,1,0,9,1,0,10,0,0,54,54,10,108,0
MYGPPCYY,51,11,12,39,11,0,27,8,6,21,8,0,24,3,6,18,3,0,7,0,1,6,0,0,35,27,7,62,0
TXCJPDG7,26,5,2,24,4,1,11,1,0,10,1,1,15,4,2,14,3,0,2,0,0,2,0,0,12,19,2,31,0
B2UGVFQH,32,2,9,25,0,0,4,0,0,4,0,0,28,2,9,21,0,0,6,0,3,3,0,0,4,30,6,34,0
XYW9FJUH,132,22,20,102,32,0,46,9,9,29,17,0,86,13,11,73,15,0,11,1,1,11,0,0,55,99,12,154,0
I5SQXRRA,204,19,73,132,18,10,69,9,26,44,8,4,135,10,47,88,10,6,26,1,9,16,2,2,78,145,27,223,0
LBFLDMGZ,91,14,27,67,11,0,24,6,2,24,4,0,67,8,25,43,7,0,7,0,2,5,0,0,30,75,7,105,0
APYHSEBU,10,1,4,7,0,0,2,1,0,3,0,0,8,0,4,4,0,0,2,0,2,0,0,0,3,8,2,11,0
YSFHDJGA,14,0,2,12,0,0,2,0,0,2,0,0,12,0,2,10,0,0,5,0,0,5,0,0,2,12,5,14,0
PZXG3QBC,53,4,19,36,1,1,29,4,12,19,1,1,24,0,7,17,0,0,11,0,3,8,0,0,33,24,11,57,0
KTOYXEBF,63,2,0,51,14,0,43,2,0,37,8,0,20,0,0,14,6,0,3,0,0,1,2,0,45,20,3,65,0
FB7L75W8,3,0,0,1,2,0,0,0,0,0,0,0,3,0,0,1,2,0,2,0,0,0,2,0,0,3,2,3,0
TZEUFQPH,14,0,2,12,0,0,2,0,0,2,0,0,12,0,2,10,0,0,6,0,2,4,0,0,2,12,6,14,0
VTL7L5WI,132,29,28,79,41,16,42,12,14,26,12,4,90,17,14,53,29,12,1,0,0,1,0,0,54,107,1,161,0
FHLGW8NR,67,10,12,58,6,1,19,4,3,17,3,0,48,6,9,41,3,1,3,0,0,3,0,0,23,54,3,77,0
HC4W3RWX,7,0,3,4,0,0,1,0,1,0,0,0,6,0,2,4,0,0,1,0,1,0,0,0,1,6,1,7,0
KCRTDDPY,47,8,5,46,4,0,28,7,5,27,3,0,19,1,0,19,1,0,4,0,0,4,0,0,35,20,4,55,0
QVCW9XEB,19,1,2,18,0,0,9,1,1,9,0,0,10,0,1,9,0,0,0,0,0,0,0,0,10,10,0,20,0
7KAGLCCV,91,16,28,69,10,0,28,11,9,27,3,0,63,5,19,42,7,0,12,0,3,9,0,0,39,68,12,107,0
BKUT3FWN,50,1,8,40,3,0,10,1,2,9,0,0,40,0,6,31,3,0,3,0,0,3,0,0,11,40,3,51,0
FG5W5BSZ,22,1,4,14,1,4,7,1,1,7,0,0,15,0,3,7,1,4,4,0,0,2,1,1,8,15,4,23,0
RKXWK4SU,31,1,3,28,1,0,5,1,1,5,0,0,26,0,2,23,1,0,3,0,0,3,0,0,6,26,3,32,0
RVIYNZLG,27,3,11,18,1,1,7,2,1,7,1,0,20,1,10,11,0,1,3,0,1,2,0,0,9,21,3,30,0
5SXPCMOH,27,2,4,21,3,2,15,0,3,10,2,1,12,2,1,11,1,1,2,0,0,2,0,0,15,14,2,29,0
59VPK4XG,22,5,12,15,0,0,16,5,11,10,0,0,6,0,1,5,0,0,0,0,0,0,0,0,21,6,0,27,0
LDXNJWVK,17,7,1,20,3,0,4,3,0,7,0,0,13,4,1,13,3,0,9,2,1,9,1,0,7,17,11,24,0
ECZUE28T,33,6,8,25,4,2,8,2,0,8,2,0,25,4,8,17,2,2,12,3,3,8,2,2,10,29,15,39,0
JSFMIMVO,7,0,2,5,0,0,2,0,0,2,0,0,5,0,2,3,0,0,0,0,0,0,0,0,2,5,0,7,0
BGKGXEYC,94,6,19,73,8,0,57,4,14,40,7,0,37,2,5,33,1,0,8,0,1,7,0,0,61,39,8,100,0
AJXOKSWK,2,2,1,2,1,0,0,0,0,0,0,0,2,2,1,2,1,0,0,0,0,0,0,0,0,4,0,4,0
KNMLW4KN,13,1,2,12,0,1,7,0,1,6,0,1,6,1,1,6,0,0,3,1,1,3,0,0,7,7,4,14,0
BY67WL95,26,5,7,20,4,3,10,5,5,10,0,3,16,0,2,10,4,0,1,0,0,1,0,0,15,16,1,31,0
RQ8IBJEC,46,1,8,30,8,1,22,0,2,15,5,0,24,1,6,15,3,1,2,0,1,1,0,0,22,25,2,47,0
BRSP7L1Q,40,0,6,34,0,0,13,0,4,9,0,0,27,0,2,25,0,0,4,0,0,4,0,0,13,27,4,40,0
CHX2LFQP,45,4,1,37,11,0,12,0,0,11,1,0,33,4,1,26,10,0,3,0,0,3,0,0,12,37,3,49,0
GBGLODXX,17,4,3,15,3,0,1,1,0,2,0,0,16,3,3,13,3,0,10,0,3,7,0,0,2,19,10,21,0
KPNUFZHQ,61,31,15,75,2,0,23,13,8,28,0,0,38,18,7,47,2,0,3,0,0,3,0,0,36,56,3,92,0
W3EBFDPX,55,1,8,39,9,1,12,0,3,5,4,1,43,1,5,34,5,0,3,0,0,3,0,0,12,44,3,56,0
2ZGHEEQQ,21,15,2,26,7,1,6,4,1,8,1,0,15,11,1,18,6,1,4,4,0,7,1,0,10,26,8,36,0
UH7TMUXB,6,0,1,5,0,0,0,0,0,0,0,0,6,0,1,5,0,0,2,0,0,2,0,0,0,6,2,6,0
93XW45BV,9,0,3,6,0,0,1,0,1,0,0,0,8,0,2,6,0,0,1,0,0,1,0,0,1,8,1,9,0
QQWN7DHG,97,10,22,66,19,0,34,4,7,26,5,0,63,6,15,40,14,0,9,0,1,6,2,0,38,69,9,107,0
BMMJUWQ9,33,7,4,29,1,6,8,6,2,7,1,4,25,1,2,22,0,2,4,0,0,4,0,0,14,26,4,40,0
HG1YCPUR,4,1,2,2,1,0,2,0,1,1,0,0,2,1,1,1,1,0,0,0,0,0,0,0,2,3,0,5,0
ULAS9PE4,19,2,6,11,3,3,4,1,0,4,1,0,15,1,6,7,2,3,10,0,5,4,1,2,5,16,10,21,0
RJMZDFDO,52,3,6,46,3,0,24,2,5,19,2,0,28,1,1,27,1,0,9,1,0,10,0,0,26,29,10,55,0
3COPEWRK,17,4,2,16,2,3,3,0,0,3,0,0,14,4,2,13,2,3,3,0,0,3,0,0,3,18,3,21,0
5J948BWC,24,8,0,17,15,0,11,5,0,8,8,0,13,3,0,9,7,0,1,0,0,0,1,0,16,16,1,32,0
UBNQLEUA,3,1,1,2,1,0,1,0,0,0,1,0,2,1,1,2,0,0,0,0,0,0,0,0,1,3,0,4,0
BZHYI62I,29,2,5,26,0,0,7,1,0,8,0,0,22,1,5,18,0,0,7,0,4,3,0,0,8,23,7,31,0
8G9R68X3,23,1,6,18,0,0,8,1,4,5,0,0,15,0,2,13,0,0,2,0,1,1,0,0,9,15,2,24,0
MALPIGQH,53,1,7,47,0,0,10,0,2,8,0,0,43,1,5,39,0,0,10,0,0,10,0,0,10,44,10,54,0
8OBUCJUI,24,11,9,20,6,0,13,5,5,10,3,0,11,6,4,10,3,0,0,0,0,0,0,0,18,17,0,35,0
GUBR12XA,11,5,0,13,3,0,2,0,0,0,2,0,9,5,0,13,1,0,0,0,0,0,0,0,2,14,0,16,0
C3EHKCQG,11,0,3,8,0,0,4,0,0,4,0,0,7,0,3,4,0,0,3,0,2,1,0,0,4,7,3,11,0
JNT86TQC,6,1,0,7,0,0,0,1,0,1,0,0,6,0,0,6,0,0,0,0,0,0,0,0,1,6,0,7,0
DUIODPJ4,43,10,2,34,17,0,24,7,2,21,8,0,19,3,0,13,9,0,0,0,0,0,0,0,31,22,0,53,0
OUWLUBXU,84,6,21,64,5,0,48,3,14,36,1,0,36,3,7,28,4,0,6,0,1,5,0,0,51,39,6,90,0
PZVP1FUP,10,0,0,7,3,0,4,0,0,1,3,0,6,0,0,6,0,0,1,0,0,1,0,0,4,6,1,10,0
PXKUTHJD,81,21,48,47,4,3,20,10,12,16,0,3,61,11,36,31,4,0,11,1,7,4,1,0,30,72,12,102,0
2A6BEEME,6,1,0,4,2,1,4,0,0,3,1,0,2,1,0,1,1,1,1,1,0,0,1,1,4,3,2,7,0
KLAOLVIY,44,2,10,36,0,0,13,1,6,8,0,0,31,1,4,28,0,0,5,0,2,3,0,0,14,32,5,46,0
7WFSBZZ3,37,5,6,24,8,4,5,0,1,2,2,0,32,5,5,22,6,4,15,4,2,9,4,4,5,37,19,42,0
KFVIBNEW,80,13,16,66,5,6,24,4,4,18,0,6,56,9,12,48,5,0,4,0,2,2,0,0,28,65,4,93,0
NME8VQSR,27,0,5,22,0,0,2,0,1,1,0,0,25,0,4,21,0,0,3,0,0,3,0,0,2,25,3,27,0
TPHEFK3P,64,16,2,47,9,23,25,14,2,13,6,19,39,2,0,34,3,4,6,1,0,6,1,0,39,41,7,80,0
QYJHJPWO,36,2,8,30,0,0,10,0,3,7,0,0,26,2,5,23,0,0,2,1,1,2,0,0,10,28,3,38,0
R9ITFVU4,102,19,21,69,22,9,49,15,7,28,20,9,53,4,14,41,2,0,10,0,3,7,0,0,64,57,10,121,0
L6NJLC5R,26,6,1,24,5,2,18,2,1,12,5,2,8,4,0,12,0,0,2,0,0,2,0,0,20,12,2,32,0
EYBUVGDH,5,0,1,4,0,0,2,0,0,2,0,0,3,0,1,2,0,0,0,0,0,0,0,0,2,3,0,5,0
SNFZA8K6,100,5,35,70,0,5,43,2,15,30,0,1,57,3,20,40,0,4,12,0,5,7,0,1,45,60,12,105,0
TDK4K65C,7,0,2,5,0,0,0,0,0,0,0,0,7,0,2,5,0,0,1,0,0,1,0,0,0,7,1,7,0
6DTYIIYJ,4,4,4,4,0,1,1,2,0,3,0,0,3,2,4,1,0,1,0,0,0,0,0,0,3,5,0,8,0
UR81MXEN,52,3,22,33,0,1,16,3,5,14,0,0,36,0,17,19,0,1,6,0,1,5,0,0,19,36,6,55,0
JRSZCNQU,67,15,18,57,7,0,17,2,1,15,3,0,50,13,17,42,4,0,41,8,13,32,4,0,19,63,49,82,0
S9PWBWCN,23,0,10,12,1,0,5,0,0,4,1,0,18,0,10,8,0,0,10,0,7,3,0,0,5,18,10,23,0
7VSXQYYN,51,0,21,30,0,0,9,0,4,5,0,0,42,0,17,25,0,0,9,0,3,6,0,0,9,42,9,51,0
IAGV2DMD,160,15,21,113,26,15,71,0,8,42,13,8,89,15,13,71,13,7,31,14,8,26,5,6,71,104,45,175,0
KGGUY4XR,75,17,10,67,14,1,25,0,2,18,4,1,50,17,8,49,10,0,7,1,3,4,1,0,25,67,8,92,0
BXKGHACZ,2,0,1,1,0,0,1,0,0,1,0,0,1,0,1,0,0,0,0,0,0,0,0,0,1,1,0,2,0
DNCYEVUQ,43,0,8,35,0,0,13,0,3,10,0,0,30,0,5,25,0,0,1,0,0,1,0,0,13,30,1,43,0
HQQFMCAG,41,4,7,34,4,0,12,3,1,13,1,0,29,1,6,21,3,0,7,1,2,5,1,0,15,30,8,45,0
TVVAC2YV,61,5,20,44,2,2,18,1,5,14,0,1,43,4,15,30,2,1,7,0,3,3,1,0,19,47,7,66,0
IHRQXOCW,39,1,0,38,2,0,13,1,0,13,1,0,26,0,0,25,1,0,5,0,0,4,1,0,14,26,5,40,0
IHBRXQTU,1,0,1,0,0,0,0,0,0,0,0,0,1,0,1,0,0,0,0,0,0,0,0,0,0,1,0,1,0
1NKTLPZN,38,6,16,28,0,1,7,2,4,5,0,0,31,4,12,23,0,1,7,0,2,5,0,1,9,35,7,44,0
SOZH7YDC,14,0,4,9,1,0,2,0,0,2,0,0,12,0,4,7,1,0,2,0,0,1,1,0,2,12,2,14,0
KSB3YAPZ,27,1,5,20,3,0,12,1,1,10,2,0,15,0,4,10,1,0,2,0,1,1,0,0,13,15,2,28,0
EFZZPX34,160,9,14,104,43,9,52,5,2,31,17,8,108,4,12,73,26,1,16,0,2,10,4,0,57,112,16,169,0
ISDC9QKR,11,1,3,9,0,1,4,0,1,3,0,1,7,1,2,6,0,0,1,0,0,1,0,0,4,8,1,12,0
EM7XMFR4,27,0,5,19,3,0,9,0,0,7,2,0,18,0,5,12,1,0,2,0,1,1,0,0,9,18,2,27,0
BPAI6BUV,14,3,6,11,0,0,3,0,1,2,0,0,11,3,5,9,0,0,1,0,0,1,0,0,3,14,1,17,0
A4ZX1BRP,59,0,12,42,5,0,32,0,5,23,4,0,27,0,7,19,1,0,5,0,1,4,0,0,32,27,5,59,0
OKVK4REL,73,5,14,58,6,5,16,3,3,15,1,0,57,2,11,43,5,5,5,0,2,3,0,1,19,59,5,78,0
MEDZC6YS,50,16,18,46,2,0,17,5,9,13,0,0,33,11,9,33,2,0,5,0,1,4,0,0,22,44,5,66,0
YYE9SBHL,42,0,25,17,0,1,12,0,7,5,0,0,30,0,18,12,0,1,0,0,0,0,0,0,12,30,0,42,0
AEVAHL96,54,1,14,41,0,0,16,1,6,11,0,0,38,0,8,30,0,0,8,0,2,6,0,0,17,38,8,55,0
JZGIJ11K,70,3,12,54,7,0,20,1,2,15,4,0,50,2,10,39,3,0,9,0,2,7,0,0,21,52,9,73,0
J9SUBHIX,48,0,26,22,0,0,10,0,5,5,0,0,38,0,21,17,0,0,5,0,1,4,0,0,10,38,5,48,0
2B2L15OY,50,4,23,31,0,2,18,1,6,13,0,0,32,3,17,18,0,2,3,0,1,2,0,0,19,35,3,54,0
KPLVOKXD,21,0,2,19,0,0,3,0,0,3,0,0,18,0,2,16,0,0,5,0,2,3,0,0,3,18,5,21,0
L7PJYORI,31,5,20,16,0,1,10,0,8,2,0,1,21,5,12,14,0,0,4,0,0,4,0,0,10,26,4,36,0
FIABXXR4,10,0,4,6,0,0,5,0,2,3,0,0,5,0,2,3,0,0,2,0,0,2,0,0,5,5,2,10,0
PZNWI5QJ,7,3,0,6,4,0,1,2,0,2,1,0,6,1,0,4,3,0,0,0,0,0,0,0,3,7,0,10,0
B4AQCHAJ,27,0,11,16,0,1,8,0,2,6,0,1,19,0,9,10,0,0,2,0,1,1,0,0,8,19,2,27,0
HPGXEVAG,62,3,20,43,2,1,28,3,9,20,2,0,34,0,11,23,0,1,6,0,0,6,0,0,31,34,6,65,0
DCPVTEAD,7,0,2,3,2,0,3,0,1,2,0,0,4,0,1,1,2,0,0,0,0,0,0,0,3,4,0,7,0
JEG6LWV4,12,3,4,10,1,1,9,2,4,6,1,1,3,1,0,4,0,0,1,0,0,1,0,0,11,4,1,15,0
8OACMP3U,39,3,12,30,0,1,23,3,6,20,0,1,16,0,6,10,0,0,0,0,0,0,0,0,26,16,0,42,0
8DKYLDGS,3,0,1,2,0,0,2,0,1,1,0,0,1,0,0,1,0,0,0,0,0,0,0,0,2,1,0,3,0
NW1WDPMO,170,28,64,129,5,4,34,2,8,28,0,1,136,26,56,101,5,3,3,0,0,3,0,0,36,162,3,198,0
UZVQOP9O,34,0,7,19,8,1,7,0,3,3,1,1,27,0,4,16,7,0,3,0,1,2,0,0,7,27,3,34,0
W2PYDUI4,2,0,0,2,0,0,2,0,0,2,0,0,0,0,0,0,0,0,0,0,0,0,0,0,2,0,0,2,0
TCBLWSJW,26,2,8,20,0,0,9,2,3,8,0,0,17,0,5,12,0,0,3,0,0,3,0,0,11,17,3,28,0
LSRGGMSR,3,0,0,2,1,0,3,0,0,2,1,0,0,0,0,0,0,0,0,0,0,0,0,0,3,0,0,3,0
I5MDKAFY,1,0,0,1,0,0,1,0,0,1,0,0,0,0,0,0,0,0,0,0,0,0,0,0,1,0,0,1,0
LQQ2HJ7T,1,2,1,2,0,0,0,0,0,0,0,0,1,2,1,2,0,0,0,0,0,0,0,0,0,3,0,3,0
EJ6LGPEM,6,0,0,5,1,0,3,0,0,3,0,0,3,0,0,2,1,0,0,0,0,0,0,0,3,3,0,6,0
GXITDSIG,75,5,19,47,14,1,58,1,18,30,11,1,17,4,1,17,3,0,0,0,0,0,0,0,59,21,0,80,0
W4HAFS51,57,1,6,39,13,0,18,1,3,13,3,0,39,0,3,26,10,0,5,0,0,5,0,0,19,39,5,58,0
5YP8DUAO,37,0,9,27,1,0,18,0,5,12,1,0,19,0,4,15,0,0,0,0,0,0,0,0,18,19,0,37,0
PGENJLJ7,83,17,21,67,10,4,45,16,17,37,5,3,38,1,4,30,5,1,6,0,0,4,2,0,61,39,6,100,0
OMZFRBQS,5,2,1,3,1,2,2,1,1,2,0,0,3,1,0,1,1,2,0,0,0,0,0,0,3,4,0,7,0
9YGJSZCY,50,12,3,50,9,0,31,6,2,30,5,0,19,6,1,20,4,0,1,0,0,1,0,0,37,25,1,62,0
JYMOYQBY,5,1,1,5,0,0,0,0,0,0,0,0,5,1,1,5,0,0,0,0,0,0,0,0,0,6,0,6,0
JKJLCLQN,2,0,0,2,0,0,1,0,0,1,0,0,1,0,0,1,0,0,0,0,0,0,0,0,1,1,0,2,0
QLTA8STL,23,4,5,20,2,0,6,2,1,5,2,0,17,2,4,15,0,0,4,0,1,3,0,0,8,19,4,27,0
7FJYZPEL,14,2,4,12,0,0,6,2,2,6,0,0,8,0,2,6,0,0,1,0,0,1,0,0,8,8,1,16,0
UMGJQLPD,2,0,0,2,0,0,1,0,0,1,0,0,1,0,0,1,0,0,1,0,0,1,0,0,1,1,1,2,0
DJIDYNTQ,152,29,16,153,10,3,75,17,11,72,7,3,77,12,5,81,3,0,5,0,0,5,0,0,92,89,5,181,0
GZTMRU2J,14,2,4,9,3,0,4,1,1,3,1,0,10,1,3,6,2,0,0,0,0,0,0,0,5,11,0,16,0
ONKGJGBK,28,0,2,25,1,0,12,0,1,10,1,0,16,0,1,15,0,0,2,0,0,2,0,0,12,16,2,28,0
7P8YWGAY,38,17,6,41,8,0,21,11,5,23,4,0,17,6,1,18,4,0,1,0,0,1,0,0,32,23,1,55,0
THGC5AML,29,2,8,23,0,0,11,2,3,10,0,0,18,0,5,13,0,0,2,0,0,2,0,0,13,18,2,31,0
GIFPL7EC,17,1,2,16,0,0,1,0,0,1,0,0,16,1,2,15,0,0,3,0,0,3,0,0,1,17,3,18,0
7D59FUFU,47,5,13,38,1,0,23,5,6,21,1,0,24,0,7,17,0,0,6,0,2,4,0,0,28,24,6,52,0
RIMZMROQ,102,20,6,95,21,0,48,6,2,38,14,0,54,14,4,57,7,0,4,0,1,2,1,0,54,68,4,122,0
TXGU5JZZ,32,1,14,19,0,0,10,1,5,6,0,0,22,0,9,13,0,0,1,0,1,0,0,0,11,22,1,33,0
OFGHDZNU,5,0,1,4,0,0,1,0,1,0,0,0,4,0,0,4,0,0,0,0,0,0,0,0,1,4,0,5,0
HPASXEKR,49,8,5,38,14,0,33,5,2,24,12,0,16,3,3,14,2,0,0,0,0,0,0,0,38,19,0,57,0
A3RSEIAC,1,0,0,0,1,0,1,0,0,0,1,0,0,0,0,0,0,0,0,0,0,0,0,0,1,0,0,1,0
ZIDFGPOT,5,0,0,0,5,0,3,0,0,0,3,0,2,0,0,0,2,0,0,0,0,0,0,0,3,2,0,5,0
BWZOJX9E,49,3,6,46,0,1,13,2,5,10,0,1,36,1,1,36,0,0,8,0,0,8,0,0,15,37,8,52,1
8HROURLF,30,2,6,25,1,0,11,2,2,11,0,0,19,0,4,14,1,0,2,0,0,2,0,0,13,19,2,32,0
2PUHABON,46,2,6,42,0,1,15,2,4,13,0,1,31,0,2,29,0,0,4,0,0,4,0,0,17,31,4,48,0
I5EOD41S,85,8,24,66,3,1,42,4,15,28,3,0,43,4,9,38,0,1,13,2,5,10,0,1,46,47,15,93,0
YUDY328F,33,2,6,28,1,0,8,1,2,7,0,0,25,1,4,21,1,0,7,0,3,4,0,0,9,26,7,35,0
BXOMPNHS,7,0,2,5,0,0,2,0,1,1,0,0,5,0,1,4,0,0,0,0,0,0,0,0,2,5,0,7,0
VO6IOGKL,22,0,3,18,0,1,8,0,2,6,0,0,14,0,1,12,0,1,3,0,1,1,0,1,8,14,3,22,0
NZPFGSOI,4,6,1,9,0,0,2,2,1,3,0,0,2,4,0,6,0,0,0,0,0,0,0,0,4,6,0,10,0
Q2CFWIWD,22,1,4,12,3,4,6,1,2,4,0,1,16,0,2,8,3,3,5,0,0,3,0,2,7,16,5,23,0
JREXIRSO,74,0,16,58,0,0,19,0,4,15,0,0,55,0,12,43,0,0,8,0,4,4,0,0,19,55,8,74,0
FOZNTNVB,13,0,4,8,1,0,8,0,2,5,1,0,5,0,2,3,0,0,0,0,0,0,0,0,8,5,0,13,0
BN6TMOJO,64,11,3,58,10,4,23,1,3,15,3,3,41,10,0,43,7,1,7,0,0,7,0,0,24,51,7,75,0
5OBWPYH3,2,0,0,2,0,0,0,0,0,0,0,0,2,0,0,2,0,0,2,0,0,2,0,0,0,2,2,2,0
1QUZLSMU,9,0,3,6,0,0,1,0,1,0,0,0,8,0,2,6,0,0,6,0,2,4,0,0,1,8,6,9,0
HQGOCXLL,8,1,3,6,0,0,0,1,0,1,0,0,8,0,3,5,0,0,0,0,0,0,0,0,1,8,0,9,0
XAPGZVWD,4,3,0,7,0,0,1,1,0,2,0,0,3,2,0,5,0,0,2,0,0,2,0,0,2,5,2,7,0
AYGA829I,43,1,6,34,4,0,12,0,0,10,2,0,31,1,6,24,2,0,5,0,2,3,0,0,12,32,5,44,0
ZSXHDQGW,32,0,18,12,2,0,25,0,17,8,0,0,7,0,1,4,2,0,3,0,1,2,0,0,25,7,3,32,0
N1IZHPNY,5,1,0,6,0,0,3,1,0,4,0,0,2,0,0,2,0,0,0,0,0,0,0,0,4,2,0,6,0
4H4N5VRY,245,17,85,144,33,5,116,11,41,65,21,1,129,6,44,79,12,4,16,2,7,11,0,1,127,135,18,262,0
7KQEWHNV,7,2,0,9,0,0,5,0,0,5,0,0,2,2,0,4,0,0,1,0,0,1,0,0,5,4,1,9,0
TYJWLWY4,19,5,5,15,4,0,15,3,3,12,3,0,4,2,2,3,1,0,0,0,0,0,0,0,18,6,0,24,0
9M2GXBJP,96,10,18,58,30,0,31,3,8,19,7,0,65,7,10,39,23,0,23,1,3,11,10,0,34,72,24,106,0
U5DDZFZN,29,10,5,31,3,0,12,8,4,14,2,0,17,2,1,17,1,0,0,0,0,0,0,0,20,19,0,39,0
LSYJ7EYF,60,13,23,48,2,1,30,9,15,22,2,1,30,4,8,26,0,0,4,0,1,3,0,0,39,34,4,73,0
99BIEXKD,33,0,3,30,0,0,18,0,2,16,0,0,15,0,1,14,0,0,1,0,0,1,0,0,18,15,1,33,0
ZNGJN9LD,53,3,5,49,2,0,13,0,1,12,0,0,40,3,4,37,2,0,6,1,0,5,2,0,13,43,7,56,0
Z6ULNGFQ,256,10,67,157,32,10,113,6,32,67,16,4,143,4,35,90,16,6,27,0,6,20,1,0,119,147,27,266,0
DIDGSPVY,14,0,6,8,0,0,4,0,1,3,0,0,10,0,5,5,0,0,0,0,0,0,0,0,4,10,0,14,0
KXVAFE7R,1,0,0,1,0,0,0,0,0,0,0,0,1,0,0,1,0,0,0,0,0,0,0,0,0,1,0,1,0
R1OUTKCO,108,6,7,57,28,21,21,0,1,19,1,0,87,6,6,38,27,21,28,3,0,7,9,14,21,93,31,114,0
8KKN7URO,20,0,5,15,0,0,7,0,1,6,0,0,13,0,4,9,0,0,2,0,1,1,0,0,7,13,2,20,0
OAN9EVPR,6,0,0,6,0,0,3,0,0,3,0,0,3,0,0,3,0,0,0,0,0,0,0,0,3,3,0,6,0
LW6XCOC3,5,3,5,2,1,0,2,0,0,1,1,0,3,3,5,1,0,0,0,0,0,0,0,0,2,6,0,8,0
NPR89OPF,39,4,9,33,1,0,9,1,1,8,1,0,30,3,8,25,0,0,4,1,0,5,0,0,10,33,5,43,0
DC58ZQLI,40,11,14,37,0,2,36,11,11,36,0,2,4,0,3,1,0,0,0,0,0,0,0,0,47,4,0,51,0
ZAFFOYCD,51,4,27,26,1,2,16,4,10,8,1,2,35,0,17,18,0,0,5,0,1,4,0,0,20,35,5,55,0
8F8BTGNS,14,0,2,12,0,0,2,0,0,2,0,0,12,0,2,10,0,0,2,0,1,1,0,0,2,12,2,14,0
AOGGD7DN,74,3,4,60,13,1,21,1,1,15,6,1,53,2,3,45,7,0,11,1,2,6,4,0,22,55,12,77,0
ZHHR9RLU,90,3,35,55,1,1,30,3,13,19,1,0,60,0,22,36,0,1,12,0,5,7,0,0,33,60,12,93,0
S4RTXTSN,19,0,11,8,0,1,3,0,1,2,0,0,16,0,10,6,0,1,8,0,4,4,0,0,3,16,8,19,0
P5VDIG2L,34,0,10,21,2,1,6,0,1,5,0,0,28,0,9,16,2,1,5,0,3,2,0,0,6,28,5,34,0
RAJAOOMU,21,0,2,19,0,0,7,0,0,7,0,0,14,0,2,12,0,0,5,0,0,5,0,0,7,14,5,21,0
EN9GO6ML,3,0,0,2,1,0,1,0,0,1,0,0,2,0,0,1,1,0,1,0,0,0,1,0,1,2,1,3,0
WGLHN67U,7,0,1,6,0,0,5,0,1,4,0,0,2,0,0,2,0,0,0,0,0,0,0,0,5,2,0,7,0
F3RLECKK,255,87,137,171,34,9,92,51,56,71,16,4,163,36,81,100,18,5,39,9,20,23,5,2,143,199,48,342,0
W2KGIKPF,18,10,6,21,1,0,10,3,3,10,0,0,8,7,3,11,1,0,3,0,1,2,0,0,13,15,3,28,0
XNKKVEXF,61,8,3,57,9,0,11,5,1,9,6,0,50,3,2,48,3,0,14,0,2,12,0,0,16,53,14,69,0
XTCVTQJ4,7,0,3,3,1,0,2,0,1,0,1,0,5,0,2,3,0,0,0,0,0,0,0,0,2,5,0,7,0
EUCEQUTV,42,0,5,34,3,0,10,0,3,6,1,0,32,0,2,28,2,0,2,0,1,1,0,0,10,32,2,42,0
FEHMVIHY,8,5,3,9,1,0,4,4,2,5,1,0,4,1,1,4,0,0,1,0,1,0,0,0,8,5,1,13,0
LWBVSQNI,13,0,2,11,0,0,6,0,1,5,0,0,7,0,1,6,0,0,0,0,0,0,0,0,6,7,0,13,0
B14DKQCJ,76,2,6,71,1,0,21,2,2,20,1,0,55,0,4,51,0,0,13,0,1,12,0,0,23,55,13,78,0
N6YQL26J,16,7,1,17,4,1,4,3,0,6,1,0,12,4,1,11,3,1,2,0,1,0,0,1,7,16,2,23,0
DO2LTCJX,4,3,0,7,0,0,3,2,0,5,0,0,1,1,0,2,0,0,1,0,0,1,0,0,5,2,1,7,0
JKQ68WJ8,41,8,9,39,1,0,16,3,6,13,0,0,25,5,3,26,1,0,2,0,0,2,0,0,19,30,2,49,0
JCVEFQLB,27,0,10,17,0,0,10,0,3,7,0,0,17,0,7,10,0,0,2,0,2,0,0,0,10,17,2,27,0
DC9GAENA,65,3,11,53,4,0,25,2,4,21,2,0,40,1,7,32,2,0,4,0,1,3,0,0,27,41,4,68,0
L1PBUT6A,137,30,9,86,52,20,75,18,2,43,33,15,62,12,7,43,19,5,2,0,0,2,0,0,93,74,2,167,0
UDBTVSFY,51,2,18,34,1,0,13,0,7,5,1,0,38,2,11,29,0,0,6,0,2,4,0,0,13,40,6,53,0
KZVDHCAC,52,0,15,37,0,0,10,0,1,9,0,0,42,0,14,28,0,0,7,0,1,6,0,0,10,42,7,52,0
Q9IFZ8NL,35,2,7,29,1,0,11,2,1,11,1,0,24,0,6,18,0,0,3,0,3,0,0,0,13,24,3,37,0
PCM92UQ8,53,42,1,43,44,7,17,19,0,19,15,2,36,23,1,24,29,5,3,1,0,3,1,0,36,59,4,95,0
KYOZEST2,98,13,6,74,31,0,52,9,6,41,14,0,46,4,0,33,17,0,3,0,0,3,0,0,61,50,3,111,0
UYAEJ3ZY,48,3,16,33,2,0,9,0,3,6,0,0,39,3,13,27,2,0,7,2,2,7,0,0,9,42,9,51,0
EUEGHE5Z,87,22,25,64,20,1,46,21,13,38,16,0,41,1,12,26,4,1,5,0,0,5,0,0,67,42,5,109,0
NVLGIJTR,54,4,6,45,7,0,20,1,2,17,2,0,34,3,4,28,5,0,6,0,1,3,2,0,21,37,6,58,0
LSUVQIIG,134,19,15,101,36,2,59,9,11,34,22,1,75,10,4,67,14,1,14,2,0,15,1,0,68,85,16,153,0
BBGLD7MN,57,2,23,36,0,0,17,2,6,13,0,0,40,0,17,23,0,0,6,0,2,4,0,0,19,40,6,59,0
MIRR5KII,7,0,3,4,0,0,3,0,1,2,0,0,4,0,2,2,0,0,2,0,1,1,0,0,3,4,2,7,0
AGAV7X2G,13,0,2,9,2,1,4,0,2,1,1,1,9,0,0,8,1,0,2,0,0,2,0,0,4,9,2,13,0
O1E6SADN,96,34,37,90,3,0,61,29,27,60,3,0,35,5,10,30,0,0,1,0,0,1,0,0,90,40,1,130,0
PHZVTBBA,27,0,5,21,1,0,11,0,1,9,1,0,16,0,4,12,0,0,1,0,0,1,0,0,11,16,1,27,0
SXDBQLJC,59,3,25,36,1,3,22,2,13,11,0,2,37,1,12,25,1,1,1,0,1,0,0,0,24,38,1,62,0
OBBLCTK9,15,1,0,9,7,0,6,0,0,2,4,0,9,1,0,7,3,0,3,0,0,3,0,0,6,10,3,16,0
ZKTFXEDR,8,2,1,9,0,0,2,0,1,1,0,0,6,2,0,8,0,0,2,0,0,2,0,0,2,8,2,10,0
EGLUBA7N,1,0,0,1,0,0,0,0,0,0,0,0,1,0,0,1,0,0,0,0,0,0,0,0,0,1,0,1,1
IYTZ9DA1,20,2,5,16,1,0,18,2,5,14,1,0,2,0,0,2,0,0,0,0,0,0,0,0,20,2,0,22,0
UAOGQOPR,4,0,2,2,0,0,3,0,1,2,0,0,1,0,1,0,0,0,0,0,0,0,0,0,3,1,0,4,0
ZEWQKOMM,23,0,3,18,2,0,11,0,3,6,2,0,12,0,0,12,0,0,1,0,0,1,0,0,11,12,1,23,0
HAVLAPXH,1,0,0,1,0,0,1,0,0,1,0,0,0,0,0,0,0,0,0,0,0,0,0,0,1,0,0,1,0
AGYA9QKH,59,2,19,38,4,0,21,2,8,15,0,0,38,0,11,23,4,0,8,0,3,5,0,0,23,38,8,61,0
T2GDDR1D,70,2,29,43,0,0,17,2,6,13,0,0,53,0,23,30,0,0,8,0,2,6,0,0,19,53,8,72,0
YDGB3EZH,13,5,5,12,0,1,5,3,3,4,0,1,8,2,2,8,0,0,0,0,0,0,0,0,8,10,0,18,0
OYP89CXU,28,1,8,21,0,0,3,1,0,4,0,0,25,0,8,17,0,0,5,0,3,2,0,0,4,25,5,29,0
QRTSNCMO,15,0,0,14,1,0,8,0,0,8,0,0,7,0,0,6,1,0,0,0,0,0,0,0,8,7,0,15,1
TL46WKYF,4,3,1,3,3,0,2,0,1,1,0,0,2,3,0,2,3,0,0,0,0,0,0,0,2,5,0,7,0
JBY2PQIV,12,0,2,10,0,0,4,0,1,3,0,0,8,0,1,7,0,0,1,0,1,0,0,0,4,8,1,12,0
YUVTWYUI,19,6,4,21,0,0,2,2,0,4,0,0,17,4,4,17,0,0,2,0,0,2,0,0,4,21,2,25,0
9DJEXTGM,20,3,0,22,1,0,8,2,0,9,1,0,12,1,0,13,0,0,1,0,0,1,0,0,10,13,1,23,0
MQJBEKW9,2,0,0,2,0,0,0,0,0,0,0,0,2,0,0,2,0,0,0,0,0,0,0,0,0,2,0,2,0
D3MTKYCJ,9,1,2,8,0,0,7,0,1,6,0,0,2,1,1,2,0,0,0,1,1,0,0,0,7,3,1,10,0
GJRYWTLI,35,2,20,17,0,0,6,0,3,3,0,0,29,2,17,14,0,0,2,0,1,1,0,0,6,31,2,37,0
Q6G8JWJK,32,0,10,22,0,0,6,0,2,4,0,0,26,0,8,18,0,0,2,0,0,2,0,0,6,26,2,32,0
JOBAEUHZ,48,3,5,45,1,0,13,2,1,14,0,0,35,1,4,31,1,0,2,0,0,2,0,0,15,36,2,51,0
E58CSRFK,10,1,7,3,1,0,2,0,0,1,1,0,8,1,7,2,0,0,0,0,0,0,0,0,2,9,0,11,0
7PWVRDPN,6,0,2,3,1,0,3,0,2,1,0,0,3,0,0,2,1,0,2,0,0,2,0,0,3,3,2,6,0
WUXCYHMO,9,1,0,10,0,0,6,1,0,7,0,0,3,0,0,3,0,0,0,0,0,0,0,0,7,3,0,10,0
DSFYV87U,117,12,28,95,6,2,21,1,6,16,0,1,96,11,22,79,6,1,18,0,4,14,0,0,22,107,18,129,0
GHRA9BNL,29,1,1,28,1,0,9,0,1,8,0,0,20,1,0,20,1,0,2,0,0,2,0,0,9,21,2,30,0
GZ9QWYO8,26,0,2,21,3,0,9,0,0,7,2,0,17,0,2,14,1,0,1,0,0,1,0,0,9,17,1,26,0
JRT5HFUH,12,1,2,11,0,0,5,0,1,4,0,0,7,1,1,7,0,0,2,0,0,2,0,0,5,8,2,13,0
PUYYGAJ5,80,14,10,34,11,39,66,14,5,25,11,39,14,0,5,9,0,0,7,0,2,5,0,0,80,14,7,94,1
TDCSSRAQ,33,1,18,16,0,0,10,1,5,6,0,0,23,0,13,10,0,0,3,0,1,2,0,0,11,23,3,34,0
QESP5DL6,140,35,21,88,49,16,65,21,2,40,31,13,75,14,19,48,18,3,7,0,3,4,0,0,86,89,7,175,0
YDUJLZWM,31,0,10,21,0,0,11,0,3,8,0,0,20,0,7,13,0,0,1,0,0,1,0,0,11,20,1,31,0
9V1HLHWR,19,4,2,16,5,0,5,1,1,3,2,0,14,3,1,13,3,0,1,0,0,1,0,0,6,17,1,23,0
PRFYCTFJ,17,3,4,15,1,0,5,0,1,4,0,0,12,3,3,11,1,0,5,1,1,5,0,0,5,15,6,20,0
IUKDWFFZ,72,7,8,63,7,2,28,4,4,25,2,2,44,3,4,38,5,0,9,1,1,9,0,0,32,47,10,79,0
YUPJSZM7,88,10,27,62,9,0,42,7,11,31,7,0,46,3,16,31,2,0,9,0,2,7,0,0,49,49,9,98,0
CRMYKODS,65,2,17,50,0,0,14,0,2,12,0,0,51,2,15,38,0,0,10,0,4,6,0,0,14,53,10,67,0
XI3NFOGL,192,36,5,112,75,36,142,35,3,81,59,34,50,1,2,31,16,2,5,0,0,5,0,0,177,51,5,228,1
7PJVEF2G,47,1,7,41,0,0,7,0,1,6,0,0,40,1,6,35,0,0,8,0,2,6,0,0,7,41,8,48,0
VI9GFWLC,14,0,0,5,5,4,4,0,0,2,1,1,10,0,0,3,4,3,7,0,0,1,3,3,4,10,7,14,0
MIIFASBU,61,7,7,48,9,4,16,4,2,13,5,0,45,3,5,35,4,4,7,1,0,6,2,0,20,48,8,68,0
A8CYW2HA,8,0,3,5,0,0,1,0,1,0,0,0,7,0,2,5,0,0,1,0,0,1,0,0,1,7,1,8,0
CSNEAB8N,86,5,14,67,10,0,22,2,8,14,2,0,64,3,6,53,8,0,7,0,2,4,1,0,24,67,7,91,0
VMNIOHLC,1,0,0,1,0,0,1,0,0,1,0,0,0,0,0,0,0,0,0,0,0,0,0,0,1,0,0,1,0
XKTZWO9A,51,1,5,46,1,0,19,0,3,16,0,0,32,1,2,30,1,0,0,0,0,0,0,0,19,33,0,52,0
GKMGG1II,42,0,3,37,2,0,11,0,2,9,0,0,31,0,1,28,2,0,5,0,0,5,0,0,11,31,5,42,0
V1M2H89K,52,3,9,44,2,0,15,2,0,16,1,0,37,1,9,28,1,0,8,0,1,7,0,0,17,38,8,55,0
CIWGZIJ8,38,2,15,25,0,0,12,2,7,7,0,0,26,0,8,18,0,0,4,0,0,4,0,0,14,26,4,40,0
7HXS5HJN,61,4,15,49,1,0,15,1,5,10,1,0,46,3,10,39,0,0,5,2,4,3,0,0,16,49,7,65,0
F7ITK9H1,18,0,2,16,0,0,8,0,1,7,0,0,10,0,1,9,0,0,1,0,0,1,0,0,8,10,1,18,0
JDYVYVQ6,47,3,10,40,0,1,13,3,3,13,0,1,34,0,7,27,0,0,9,0,3,6,0,0,16,34,9,50,0
3YJRKBAG,22,0,0,21,1,0,4,0,0,3,1,0,18,0,0,18,0,0,2,0,0,2,0,0,4,18,2,22,0
VPG2MGNK,6,0,1,5,0,0,3,0,1,2,0,0,3,0,0,3,0,0,1,0,0,1,0,0,3,3,1,6,0
MSJNWCEX,116,14,82,48,0,6,47,6,30,23,0,3,69,8,52,25,0,3,9,0,8,1,0,0,53,77,9,130,0
PV4FPIOK,14,1,6,9,0,0,3,0,1,2,0,0,11,1,5,7,0,0,3,0,0,3,0,0,3,12,3,15,0
3OYVLK4P,36,2,11,26,1,0,7,1,4,4,0,0,29,1,7,22,1,0,4,0,1,3,0,0,8,30,4,38,0
HGGEIDNN,23,0,2,19,2,0,13,0,0,11,2,0,10,0,2,8,0,0,0,0,0,0,0,0,13,10,0,23,0
PYKHODW1,174,35,30,59,86,39,73,15,18,21,29,23,101,20,12,38,57,16,9,0,2,5,2,0,88,121,9,209,0
J5J7SJON,41,17,5,43,8,2,24,14,4,25,7,2,17,3,1,18,1,0,1,0,0,1,0,0,38,20,1,58,0
GHT6ADJZ,17,0,7,8,2,0,0,0,0,0,0,0,17,0,7,8,2,0,7,0,2,5,0,0,0,17,7,17,0
HOC6HO7V,34,2,4,21,9,3,15,2,1,8,6,2,19,0,3,13,3,1,0,0,0,0,0,0,17,19,0,36,0
QA4Z9CSO,20,0,7,13,0,0,7,0,1,6,0,0,13,0,6,7,0,0,0,0,0,0,0,0,7,13,0,20,0
9MYKK3CV,41,5,1,32,10,3,9,3,0,7,3,2,32,2,1,25,7,1,4,0,0,4,0,0,12,34,4,46,0
5IPQAAM6,163,35,21,134,42,2,59,16,6,53,16,1,104,19,15,81,26,1,12,0,1,11,0,0,75,123,12,198,0
EBGNDFDS,22,0,3,19,0,1,3,0,0,3,0,0,19,0,3,16,0,1,3,0,0,3,0,0,3,19,3,22,0
WFJESXVA,32,15,5,29,8,5,1,3,0,3,1,0,31,12,5,26,7,5,16,8,1,15,5,3,4,43,24,47,0
TLE9CF7F,27,2,1,28,0,0,6,1,0,7,0,0,21,1,1,21,0,0,3,0,1,2,0,0,7,22,3,29,0
VBHGZTI6,62,26,34,34,8,15,9,3,7,5,0,3,53,23,27,29,8,12,23,10,8,12,6,7,12,76,33,88,0
RKRWNFLL,2,0,1,1,0,0,1,0,0,1,0,0,1,0,1,0,0,0,0,0,0,0,0,0,1,1,0,2,0
EXJUAIV3,11,0,3,8,0,0,0,0,0,0,0,0,11,0,3,8,0,0,1,0,0,1,0,0,0,11,1,11,0
EKL8RSMT,47,1,16,32,0,0,7,1,2,6,0,0,40,0,14,26,0,0,9,0,3,6,0,0,8,40,9,48,1
LSEKV31R,45,0,15,28,2,0,18,0,5,13,0,0,27,0,10,15,2,0,4,0,1,3,0,0,18,27,4,45,0
TEYKUTV6,5,4,4,5,0,0,2,1,1,2,0,0,3,3,3,3,0,0,0,0,0,0,0,0,3,6,0,9,0
AA6TZNWJ,48,13,33,28,0,0,15,1,4,12,0,0,33,12,29,16,0,0,8,2,5,5,0,0,16,45,10,61,0
H5NI6I4P,36,2,2,35,1,0,8,1,0,9,0,0,28,1,2,26,1,0,3,0,0,3,0,0,9,29,3,38,0
2EWL5GYZ,54,1,4,50,1,1,24,1,1,24,0,0,30,0,3,26,1,1,2,0,1,1,0,1,25,30,2,55,1
GDFL5YRG,15,1,7,9,0,0,5,1,2,4,0,0,10,0,5,5,0,0,2,0,1,1,0,0,6,10,2,16,1
YKZ5YRGO,25,3,10,18,0,0,5,1,3,3,0,0,20,2,7,15,0,0,1,0,1,0,0,0,6,22,1,28,0
BBMRFY6B,23,15,5,33,0,0,2,0,0,2,0,0,21,15,5,31,0,0,0,0,0,0,0,0,2,36,0,38,0
BZYYSF7I,25,11,10,18,6,2,1,2,1,2,0,0,24,9,9,16,6,2,13,8,3,11,5,2,3,33,21,36,0
O5RXW1IH,17,0,8,8,0,1,3,0,1,2,0,0,14,0,7,6,0,1,2,0,2,0,0,0,3,14,2,17,0
QKP6MCLW,19,5,7,16,1,0,9,2,3,7,1,0,10,3,4,9,0,0,2,0,1,1,0,0,11,13,2,24,0
MVHQCRF7,21,0,2,11,3,5,2,0,0,2,0,0,19,0,2,9,3,5,0,0,0,0,0,0,2,19,0,21,0
QGYM4Y7A,56,1,11,45,1,1,14,0,4,10,0,1,42,1,7,35,1,0,6,0,1,5,0,0,14,43,6,57,0
QNXPUFJC,1,0,0,1,0,0,0,0,0,0,0,0,1,0,0,1,0,0,0,0,0,0,0,0,0,1,0,1,0
QFBXIYZA,30,1,4,27,0,0,13,1,3,11,0,0,17,0,1,16,0,0,2,0,1,1,0,0,14,17,2,31,0
CWCO5HZG,27,0,4,22,1,0,7,0,0,7,0,0,20,0,4,15,1,0,3,0,0,2,1,0,7,20,3,27,0
CPI162K8,29,5,5,22,7,1,9,2,0,10,1,0,20,3,5,12,6,1,1,1,0,2,0,0,11,23,2,34,0
ZK4TFJGT,51,0,12,39,0,0,18,0,4,14,0,0,33,0,8,25,0,0,6,0,2,4,0,0,18,33,6,51,0
BT4HUARE,9,1,5,5,0,0,4,1,2,3,0,0,5,0,3,2,0,0,2,0,1,1,0,0,5,5,2,10,0
MCCFCHLD,22,1,8,12,3,0,8,0,2,5,1,0,14,1,6,7,2,0,3,1,1,1,2,0,8,15,4,23,0
ZNWG26GW,27,4,0,30,1,0,7,1,0,8,0,0,20,3,0,22,1,0,6,0,0,6,0,0,8,23,6,31,0
Y2O9TSH8,3,1,0,3,1,0,1,0,0,1,0,0,2,1,0,2,1,0,0,1,0,0,1,0,1,3,1,4,0
XRXV17VN,84,4,19,69,0,0,27,3,8,22,0,0,57,1,11,47,0,0,13,0,3,10,0,0,30,58,13,88,0
GKO7EW7H,75,5,38,42,0,7,25,2,13,14,0,3,50,3,25,28,0,4,12,0,5,7,0,0,27,53,12,80,0
9KDFNS6R,16,3,5,10,4,0,1,0,0,0,1,0,15,3,5,10,3,0,3,0,0,3,0,0,1,18,3,19,0
W5FYW6YN,90,7,19,75,3,0,28,2,10,19,1,0,62,5,9,56,2,0,16,2,2,16,0,0,30,67,18,97,0
MGJ9GIEC,49,2,10,41,0,0,12,2,4,10,0,0,37,0,6,31,0,0,4,0,0,4,0,0,14,37,4,51,0
4JDA5QKX,9,0,2,7,0,0,5,0,0,5,0,0,4,0,2,2,0,0,1,0,1,0,0,0,5,4,1,9,0
EHGMKKNQ,71,2,7,57,9,0,15,1,1,14,1,0,56,1,6,43,8,0,10,0,2,7,1,0,16,57,10,73,0
ISPYQMA4,27,0,9,17,1,0,6,0,3,2,1,0,21,0,6,15,0,0,5,0,2,3,0,0,6,21,5,27,0
KWQVMIKB,9,2,1,6,3,1,2,0,1,1,0,0,7,2,0,5,3,1,3,0,0,3,0,0,2,9,3,11,0
V2LQAWPE,14,1,4,9,2,0,3,1,2,2,0,0,11,0,2,7,2,0,5,0,0,3,2,0,4,11,5,15,0
YWAX866W,11,1,1,10,1,0,3,0,0,3,0,0,8,1,1,7,1,0,0,0,0,0,0,0,3,9,0,12,0
ZALQYFVR,38,2,10,29,1,0,15,0,5,10,0,0,23,2,5,19,1,0,5,0,1,4,0,0,15,25,5,40,0
QOUFFEA8,98,13,7,81,23,0,37,6,2,34,7,0,61,7,5,47,16,0,7,1,1,6,1,0,43,68,8,111,0
YIZ3CWUG,59,8,2,48,12,5,14,1,1,13,1,0,45,7,1,35,11,5,14,4,0,11,3,4,15,52,18,67,0
MFZG89ZG,26,3,5,22,0,0,3,2,1,4,0,0,23,1,4,18,0,0,5,0,2,3,0,0,5,24,5,29,0
VNGFO9WR,14,7,6,13,2,0,13,7,6,12,2,0,1,0,0,1,0,0,0,0,0,0,0,0,20,1,0,21,0
R6MIWZQS,15,2,2,14,1,0,2,0,0,2,0,0,13,2,2,12,1,0,0,0,0,0,0,0,2,15,0,17,0
RZCMPUZS,20,1,5,9,7,0,6,1,2,2,3,0,14,0,3,7,4,0,3,0,0,1,2,0,7,14,3,21,0
KTMCBN8B,11,0,4,7,0,0,2,0,1,1,0,0,9,0,3,6,0,0,2,0,1,1,0,0,2,9,2,11,0
BA3VK4EM,41,2,20,22,1,0,11,2,4,8,1,0,30,0,16,14,0,0,4,0,1,3,0,0,13,30,4,43,0
4JC72TFD,13,1,0,14,0,0,3,0,0,3,0,0,10,1,0,11,0,0,5,0,0,5,0,0,3,11,5,14,0
VEJAWMOD,27,4,5,25,1,0,9,4,2,10,1,0,18,0,3,15,0,0,6,0,2,4,0,0,13,18,6,31,0
UNPOVNNJ,30,3,7,25,1,0,4,1,3,2,0,0,26,2,4,23,1,0,1,0,0,1,0,0,5,28,1,33,0
FAVIWZIX,27,1,9,17,2,0,10,0,5,4,1,0,17,1,4,13,1,0,3,0,1,2,0,0,10,18,3,28,0
1EHBRMO7,63,3,13,47,5,3,19,2,9,11,1,0,44,1,4,36,4,3,11,0,0,10,1,0,21,45,11,66,0
ZSL7WBDZ,71,21,17,64,11,0,34,10,8,31,5,0,37,11,9,33,6,0,9,0,0,9,0,0,44,48,9,92,0
485MJFAR,125,5,53,77,0,1,34,3,17,20,0,1,91,2,36,57,0,0,21,0,9,12,0,0,37,93,21,130,0
DNP8AHZY,12,1,4,8,1,0,4,1,0,4,1,0,8,0,4,4,0,0,3,0,0,3,0,0,5,8,3,13,0
SMBFLZCE,96,28,34,81,9,6,54,21,25,43,7,5,42,7,9,38,2,1,0,0,0,0,0,0,75,49,0,124,0
MF3U4LNW,4,0,0,4,0,0,0,0,0,0,0,0,4,0,0,4,0,0,2,0,0,2,0,0,0,4,2,4,0
L1UJPQNZ,16,0,2,11,3,0,2,0,0,0,2,0,14,0,2,11,1,0,4,0,0,4,0,0,2,14,4,16,0
GFMAAKJU,78,4,18,62,2,0,16,0,3,12,1,0,62,4,15,50,1,0,7,0,1,6,0,0,16,66,7,82,0
S1ECSETO,25,0,6,15,4,0,16,0,3,9,4,0,9,0,3,6,0,0,5,0,2,3,0,0,16,9,5,25,0
CZEJHVVW,1,0,1,0,0,0,1,0,1,0,0,0,0,0,0,0,0,0,0,0,0,0,0,0,1,0,0,1,0
ZF4AYSPE,31,3,9,23,2,0,10,1,4,6,1,0,21,2,5,17,1,0,2,0,0,2,0,0,11,23,2,34,0
SGKT8LGM,61,13,3,39,15,17,17,2,1,14,2,2,44,11,2,25,13,15,6,0,1,4,1,0,19,55,6,74,0
OEELPFZS,11,0,0,9,2,0,3,0,0,3,0,0,8,0,0,6,2,0,0,0,0,0,0,0,3,8,0,11,0
QOVNSK45,20,3,2,17,4,0,14,3,0,14,3,0,6,0,2,3,1,0,2,0,0,2,0,0,17,6,2,23,0
KVUVRPRM,12,0,1,11,0,0,5,0,1,4,0,0,7,0,0,7,0,0,1,0,0,1,0,0,5,7,1,12,0
YU5LBGDF,68,0,20,42,6,1,38,0,9,24,5,0,30,0,11,18,1,1,2,0,0,2,0,0,38,30,2,68,0
EYQPEAJE,143,19,23,105,29,5,43,8,8,33,9,1,100,11,15,72,20,4,14,0,4,10,0,0,51,111,14,162,0
HZVGWIWD,29,3,1,30,1,0,15,3,1,17,0,0,14,0,0,13,1,0,3,0,0,3,0,0,18,14,3,32,0
ZX71GFDM,3,0,0,2,1,0,0,0,0,0,0,0,3,0,0,2,1,0,3,0,0,2,1,0,0,3,3,3,0
LLLHUGOB,40,0,23,17,0,1,5,0,3,2,0,0,35,0,20,15,0,1,11,0,5,6,0,1,5,35,11,40,0
EPO6MT8P,97,2,11,74,13,3,22,2,5,19,0,0,75,0,6,55,13,3,10,0,0,7,3,0,24,75,10,99,0
WBCSOXJI,160,57,24,171,22,0,62,27,15,70,4,0,98,30,9,101,18,0,15,1,0,12,4,0,89,128,16,217,0
HZQAZQLK,395,114,169,248,84,10,156,50,63,102,38,4,239,64,106,146,46,6,65,18,28,40,13,2,206,303,83,509,0
D6MBZDLS,106,27,21,82,23,7,53,14,10,41,10,6,53,13,11,41,13,1,5,2,2,4,1,0,67,66,7,133,0
ZBHDBVKC,58,8,9,52,5,0,40,8,7,36,5,0,18,0,2,16,0,0,0,0,0,0,0,0,48,18,0,66,0
QJZT4TQ6,32,1,13,20,0,1,15,1,7,9,0,1,17,0,6,11,0,0,5,0,0,5,0,0,16,17,5,33,0
K6FRFOF6,27,1,17,11,0,0,6,0,3,3,0,0,21,1,14,8,0,0,6,0,3,3,0,0,6,22,6,28,0
EBTEABIJ,21,1,4,15,3,0,17,1,2,13,3,0,4,0,2,2,0,0,0,0,0,0,0,0,18,4,0,22,0
V6QDCYYX,5,0,0,4,1,0,1,0,0,0,1,0,4,0,0,4,0,0,0,0,0,0,0,0,1,4,0,5,0
7EH5OY3W,136,51,38,124,22,6,48,34,17,50,14,2,88,17,21,74,8,4,39,0,3,31,5,0,82,105,39,187,0
KBR51AZD,6,2,0,5,3,0,4,2,0,3,3,0,2,0,0,2,0,0,0,0,0,0,0,0,6,2,0,8,0
XF1EUAKB,3,0,0,2,1,0,0,0,0,0,0,0,3,0,0,2,1,0,0,0,0,0,0,0,0,3,0,3,0
GZI5VFMC,11,1,3,9,0,0,3,1,1,3,0,0,8,0,2,6,0,0,1,0,1,0,0,0,4,8,1,12,0
FDOP7RLE,7,1,0,6,2,0,2,0,0,2,0,0,5,1,0,4,2,0,0,0,0,0,0,0,2,6,0,8,0
PK6XASBJ,33,2,12,23,0,0,7,1,1,7,0,0,26,1,11,16,0,0,3,0,0,3,0,0,8,27,3,35,0
PN7FENUH,15,5,0,8,12,0,4,2,0,3,3,0,11,3,0,5,9,0,0,0,0,0,0,0,6,14,0,20,0
ZGXTNFVM,14,1,4,6,5,2,4,0,0,3,1,0,10,1,4,3,4,2,3,0,0,1,2,0,4,11,3,15,0
MYCEZHRV,8,0,0,6,2,0,3,0,0,2,1,0,5,0,0,4,1,0,3,0,0,2,1,0,3,5,3,8,0
UH3NNQTC,13,4,1,5,1,10,9,0,1,3,1,4,4,4,0,2,0,6,0,0,0,0,0,0,9,8,0,17,0
JHCUUIJN,6,4,1,9,0,0,4,1,1,4,0,0,2,3,0,5,0,0,0,3,0,3,0,0,5,5,3,10,0
B8M7KIB8,62,2,29,33,2,3,50,1,22,27,2,3,12,1,7,6,0,0,1,1,0,2,0,0,51,13,2,64,0
KXCQIAYZ,13,0,1,12,0,0,7,0,0,7,0,0,6,0,1,5,0,0,0,0,0,0,0,0,7,6,0,13,0
W9E8KZLA,13,0,8,5,0,0,2,0,1,1,0,0,11,0,7,4,0,0,0,0,0,0,0,0,2,11,0,13,0
AFTZF1FS,21,0,4,17,0,0,6,0,1,5,0,0,15,0,3,12,0,0,1,0,0,1,0,0,6,15,1,21,0
SIAODKFI,79,2,33,39,0,11,29,0,15,11,0,4,50,2,18,28,0,7,5,0,2,3,0,0,29,52,5,81,0
4DHJFNFO,30,1,2,29,0,0,8,1,1,8,0,0,22,0,1,21,0,0,6,0,1,5,0,0,9,22,6,31,0
1486WITN,18,1,3,16,0,0,1,1,2,0,0,0,17,0,1,16,0,0,5,0,1,4,0,0,2,17,5,19,0
SNLDIAVA,11,1,1,9,2,0,1,1,1,0,1,0,10,0,0,9,1,0,1,0,0,1,0,0,2,10,1,12,0
V2T9P6AT,40,2,8,24,3,7,18,2,4,7,2,7,22,0,4,17,1,0,8,0,0,7,1,0,20,22,8,42,0
6UKNJ1EE,3,0,0,3,0,0,1,0,0,1,0,0,2,0,0,2,0,0,0,0,0,0,0,0,1,2,0,3,0
JITXANGV,22,7,2,22,2,3,7,0,1,6,0,0,15,7,1,16,2,3,2,6,0,6,1,1,7,22,8,29,0
MCMKLJW6,55,15,8,46,14,2,25,11,4,24,6,2,30,4,4,22,8,0,2,0,0,2,0,0,36,34,2,70,0
YELEAYHH,73,1,26,41,7,0,14,1,4,8,3,0,59,0,22,33,4,0,5,0,2,3,0,0,15,59,5,74,0
AMUKKP2N,21,0,2,18,1,0,5,0,2,3,0,0,16,0,0,15,1,0,3,0,0,3,0,0,5,16,3,21,0
1ITTFFCP,121,24,27,92,24,2,49,18,10,34,21,2,72,6,17,58,3,0,15,3,1,16,1,0,67,78,18,145,0
MOBKU5KX,5,0,0,5,0,0,2,0,0,2,0,0,3,0,0,3,0,0,2,0,0,2,0,0,2,3,2,5,0
SPU8WSVK,5,0,0,5,0,0,0,0,0,0,0,0,5,0,0,5,0,0,1,0,0,1,0,0,0,5,1,5,0
RYPLFPKQ,5,2,0,5,2,0,3,1,0,3,1,0,2,1,0,2,1,0,0,0,0,0,0,0,4,3,0,7,0
7WZVBFSW,11,0,3,8,0,0,5,0,0,5,0,0,6,0,3,3,0,0,0,0,0,0,0,0,5,6,0,11,0
YLQSDQV4,5,2,0,7,0,0,2,0,0,2,0,0,3,2,0,5,0,0,1,0,0,1,0,0,2,5,1,7,0
MNGILQRF,33,1,4,27,3,0,10,0,2,8,0,0,23,1,2,19,3,0,2,0,0,2,0,0,10,24,2,34,0
IFGFUEEY,53,1,16,36,2,0,17,1,1,15,2,0,36,0,15,21,0,0,10,0,3,7,0,0,18,36,10,54,0
4IRSOLIX,136,2,22,94,15,7,70,2,10,41,14,7,66,0,12,53,1,0,8,0,3,5,0,0,72,66,8,138,0
ZQAJA19X,19,0,13,6,0,0,4,0,2,2,0,0,15,0,11,4,0,0,4,0,2,2,0,0,4,15,4,19,0
EMCAWJS7,25,3,6,16,5,2,7,3,1,7,2,0,18,0,5,9,3,2,4,0,1,3,0,0,10,18,4,28,0
KMCZLJMG,3,2,0,0,4,1,2,1,0,0,2,1,1,1,0,0,2,0,0,0,0,0,0,0,3,2,0,5,0
XNL1X9BN,9,0,0,9,0,0,7,0,0,7,0,0,2,0,0,2,0,0,0,0,0,0,0,0,7,2,0,9,0
WNYBUKOP,24,10,5,24,4,1,10,6,3,9,3,1,14,4,2,15,1,0,4,1,0,5,0,0,16,18,5,34,0
FCVO4VXE,24,7,6,22,3,0,6,0,0,6,0,0,18,7,6,16,3,0,3,0,2,1,0,0,6,25,3,31,0
JWZTB3O1,2,0,0,2,0,0,2,0,0,2,0,0,0,0,0,0,0,0,0,0,0,0,0,0,2,0,0,2,0
OWH4PLNZ,56,17,2,50,18,3,21,9,0,23,6,1,35,8,2,27,12,2,11,4,0,12,3,0,30,43,15,73,0
I1SIMYTU,7,1,2,6,0,0,3,1,1,3,0,0,4,0,1,3,0,0,2,0,1,1,0,0,4,4,2,8,0
IWCHQ2CD,64,8,3,51,18,0,10,1,1,10,0,0,54,7,2,41,18,0,6,0,0,6,0,0,11,61,6,72,0
VSNKPCRA,30,2,1,11,14,6,20,2,1,5,10,6,10,0,0,6,4,0,0,0,0,0,0,0,22,10,0,32,0
EP9AE9DO,40,0,7,23,4,6,13,0,1,2,4,6,27,0,6,21,0,0,7,0,3,4,0,0,13,27,7,40,0
3JUEZR1C,6,0,0,5,1,0,3,0,0,3,0,0,3,0,0,2,1,0,2,0,0,1,1,0,3,3,2,6,0
U2LBFZMK,37,4,13,25,3,1,19,4,7,13,3,1,18,0,6,12,0,0,1,0,0,1,0,0,23,18,1,41,0
OJ1GJHIB,10,0,0,8,2,0,4,0,0,2,2,0,6,0,0,6,0,0,0,0,0,0,0,0,4,6,0,10,0
ILUN8CTZ,6,0,1,2,3,0,0,0,0,0,0,0,6,0,1,2,3,0,3,0,1,2,0,0,0,6,3,6,0
F4PNNALB,13,0,1,12,0,0,5,0,0,5,0,0,8,0,1,7,0,0,2,0,1,1,0,0,5,8,2,13,0
UDHZJFCB,51,0,18,25,8,1,8,0,2,6,0,1,43,0,16,19,8,0,8,0,5,2,1,0,8,43,8,51,0
BY17ZHK5,22,0,2,19,1,0,5,0,0,4,1,0,17,0,2,15,0,0,2,0,1,1,0,0,5,17,2,22,0
TRWYEBLD,106,20,37,84,4,2,36,5,14,27,0,0,70,15,23,57,4,2,6,0,1,5,0,0,41,85,6,126,0
HVWIJXCM,16,1,5,9,1,2,6,0,2,4,0,0,10,1,3,5,1,2,0,0,0,0,0,0,6,11,0,17,1
NSERXYG1,14,6,5,14,1,0,5,0,1,4,0,0,9,6,4,10,1,0,2,1,1,2,0,0,5,15,3,20,0
SX7KSECQ,22,7,5,22,2,0,7,2,3,6,0,0,15,5,2,16,2,0,1,0,0,1,0,0,9,20,1,29,0
GFJESSWA,16,0,5,11,0,2,7,0,2,5,0,2,9,0,3,6,0,0,0,0,0,0,0,0,7,9,0,16,0
TGALIP89,48,17,7,33,14,11,10,1,0,8,2,1,38,16,7,25,12,10,19,12,4,15,6,6,11,54,31,65,0
EG4HVOSO,3,0,0,3,0,0,1,0,0,1,0,0,2,0,0,2,0,0,0,0,0,0,0,0,1,2,0,3,0
YN7QJWBO,20,0,6,14,0,0,9,0,1,8,0,0,11,0,5,6,0,0,1,0,0,1,0,0,9,11,1,20,0
OKKSHNBC,94,5,6,72,20,1,31,0,0,26,5,0,63,5,6,46,15,1,11,0,1,7,3,0,31,68,11,99,0
DUCR36FJ,80,0,25,54,1,1,17,0,8,9,0,1,63,0,17,45,1,0,8,0,5,3,0,0,17,63,8,80,0
JVNNVZ1Z,62,19,9,60,12,0,27,5,5,20,7,0,35,14,4,40,5,0,1,0,0,1,0,0,32,49,1,81,0
HS2YYJTP,2,0,1,1,0,0,2,0,1,1,0,0,0,0,0,0,0,0,0,0,0,0,0,0,2,0,0,2,0
V8NU8NT6,10,1,6,5,0,1,1,0,1,0,0,0,9,1,5,5,0,1,6,0,4,2,0,1,1,10,6,11,0
NXDYVWAT,23,0,3,18,2,0,2,0,0,2,0,0,21,0,3,16,2,0,2,0,0,2,0,0,2,21,2,23,0
BS6CPZBE,8,0,0,8,0,0,1,0,0,1,0,0,7,0,0,7,0,0,0,0,0,0,0,0,1,7,0,8,0
4NGIEBFT,126,13,18,106,8,7,39,6,4,39,1,1,87,7,14,67,7,6,25,0,2,15,2,6,45,94,25,139,0
CJENZWXZ,1,0,0,1,0,0,0,0,0,0,0,0,1,0,0,1,0,0,0,0,0,0,0,0,0,1,0,1,1
MEPTZKPE,11,2,1,7,3,2,2,1,1,1,0,1,9,1,0,6,3,1,2,0,0,2,0,0,3,10,2,13,0
IYP7P6HJ,9,1,1,9,0,0,2,1,0,3,0,0,7,0,1,6,0,0,1,0,0,1,0,0,3,7,1,10,0
FIIUFL1E,47,10,15,33,8,1,27,7,8,18,8,0,20,3,7,15,0,1,5,1,0,5,0,1,34,23,6,57,0
MRGCZW8T,17,1,3,13,2,0,6,0,0,6,0,0,11,1,3,7,2,0,4,0,0,3,1,0,6,12,4,18,0
RCMDMG87,29,0,2,24,3,0,9,0,0,6,3,0,20,0,2,18,0,0,2,0,0,2,0,0,9,20,2,29,0
3HVXY7VS,3,0,0,2,1,0,0,0,0,0,0,0,3,0,0,2,1,0,1,0,0,0,1,0,0,3,1,3,0
BYOCYSBR,6,0,2,4,0,0,5,0,2,3,0,0,1,0,0,1,0,0,0,0,0,0,0,0,5,1,0,6,0
IYSWIBSA,9,0,1,7,1,0,9,0,1,7,1,0,0,0,0,0,0,0,0,0,0,0,0,0,9,0,0,9,0
E47E2HLU,8,0,2,5,1,0,3,0,1,2,0,0,5,0,1,3,1,0,0,0,0,0,0,0,3,5,0,8,0
H8YZVHMI,32,2,5,26,3,0,16,0,2,12,2,0,16,2,3,14,1,0,4,1,3,1,1,0,16,18,5,34,0
TF3QR18M,5,0,0,5,0,0,3,0,0,3,0,0,2,0,0,2,0,0,2,0,0,2,0,0,3,2,2,5,0
SFZ5FKYM,13,1,4,10,0,0,10,1,4,7,0,0,3,0,0,3,0,0,1,0,0,1,0,0,11,3,1,14,0
NLHWOEBX,3,0,0,2,1,0,1,0,0,0,1,0,2,0,0,2,0,0,1,0,0,1,0,0,1,2,1,3,0
FNXMCIMU,7,3,3,7,0,0,7,3,3,7,0,0,0,0,0,0,0,0,0,0,0,0,0,0,10,0,0,10,0
JTJ7KCHA,1,0,0,1,0,0,1,0,0,1,0,0,0,0,0,0,0,0,0,0,0,0,0,0,1,0,0,1,0
I1MR2ATP,7,1,0,8,0,0,5,1,0,6,0,0,2,0,0,2,0,0,1,0,0,1,0,0,6,2,1,8,0
9PBLSU4J,29,12,8,25,8,0,24,12,8,20,8,0,5,0,0,5,0,0,0,0,0,0,0,0,36,5,0,41,0
XSEHIGTI,41,12,12,38,3,1,7,6,4,9,0,0,34,6,8,29,3,1,6,2,2,4,2,0,13,40,8,53,0
R1RXLWTO,9,1,8,1,1,1,1,1,0,1,1,0,8,0,8,0,0,1,2,0,2,0,0,0,2,8,2,10,0
HSOLZEKA,29,1,2,21,4,3,10,1,0,5,3,3,19,0,2,16,1,0,4,0,0,3,1,0,11,19,4,30,0
74NNCQKJ,84,11,17,66,12,0,28,7,9,20,6,0,56,4,8,46,6,0,7,0,0,6,1,0,35,60,7,95,0
ZU8CHC2B,27,0,7,19,1,0,6,0,1,5,0,0,21,0,6,14,1,0,5,0,1,3,1,0,6,21,5,27,0
HJ2BENHN,14,2,1,14,1,0,4,1,0,4,1,0,10,1,1,10,0,0,0,0,0,0,0,0,5,11,0,16,0
KQD2CCP2,11,0,1,9,1,0,5,0,1,3,1,0,6,0,0,6,0,0,0,0,0,0,0,0,5,6,0,11,0
X3PVZHFY,47,11,16,29,13,0,9,5,2,7,5,0,38,6,14,22,8,0,6,1,3,1,3,0,14,44,7,58,0
PEKUB7FN,89,10,19,78,2,0,40,8,10,36,2,0,49,2,9,42,0,0,6,0,0,6,0,0,48,51,6,99,0
YITUEM2R,4,2,1,4,1,0,1,0,0,1,0,0,3,2,1,3,1,0,3,2,1,3,1,0,1,5,5,6,0
WYZL1JVY,32,0,8,23,1,0,7,0,1,6,0,0,25,0,7,17,1,0,7,0,3,3,1,0,7,25,7,32,0
LBIZOT2R,13,0,3,10,0,0,2,0,0,2,0,0,11,0,3,8,0,0,2,0,1,1,0,0,2,11,2,13,0
7OLWFEAX,135,11,51,82,9,13,40,8,17,23,4,10,95,3,34,59,5,3,17,1,6,12,0,1,48,98,18,146,0
IKRWLIKD,34,1,1,31,3,0,7,1,0,6,2,0,27,0,1,25,1,0,5,0,0,5,0,0,8,27,5,35,0
VTJIUYBO,10,7,6,9,2,0,3,1,2,2,0,0,7,6,4,7,2,0,4,3,2,5,0,0,4,13,7,17,0
SWRDS8NN,8,1,3,6,0,0,2,1,0,3,0,0,6,0,3,3,0,0,1,0,1,0,0,0,3,6,1,9,0
F79VHSEH,20,1,2,15,3,1,3,0,0,1,2,0,17,1,2,14,1,1,6,0,0,4,1,1,3,18,6,21,0
RMZYLY6X,16,2,1,17,0,0,4,1,1,4,0,0,12,1,0,13,0,0,3,1,0,4,0,0,5,13,4,18,0
NGAISHVV,294,44,88,214,36,2,117,19,33,86,17,1,177,25,55,128,19,1,28,1,7,20,2,0,136,202,29,338,0
CW2AHCZN,53,0,11,41,0,1,6,0,2,4,0,0,47,0,9,37,0,1,10,0,2,8,0,0,6,47,10,53,0
ANHKTBJN,47,2,22,25,2,1,24,2,12,13,1,0,23,0,10,12,1,1,3,0,2,1,0,0,26,23,3,49,0
PQEXFQJP,53,17,4,38,12,16,23,16,1,12,10,16,30,1,3,26,2,0,7,0,0,7,0,0,39,31,7,70,0
Q1J8MW6X,54,22,6,53,15,2,34,19,4,40,8,1,20,3,2,13,7,1,0,0,0,0,0,0,53,23,0,76,0
BBH4UGME,44,2,6,38,2,0,12,2,0,13,1,0,32,0,6,25,1,0,4,0,2,2,0,0,14,32,4,46,0
AEHESG5S,25,0,6,18,1,0,4,0,1,3,0,0,21,0,5,15,1,0,2,0,0,2,0,0,4,21,2,25,0
HLYCEPZG,2,0,1,1,0,1,1,0,0,1,0,0,1,0,1,0,0,1,0,0,0,0,0,0,1,1,0,2,0
DKYFBRS9,9,0,2,7,0,0,3,0,1,2,0,0,6,0,1,5,0,0,1,0,0,1,0,0,3,6,1,9,0
NBKKJCVY,1,0,0,1,0,0,0,0,0,0,0,0,1,0,0,1,0,0,0,0,0,0,0,0,0,1,0,1,0
SD9B9EOA,21,0,6,15,0,0,3,0,1,2,0,0,18,0,5,13,0,0,0,0,0,0,0,0,3,18,0,21,0
D6YVLQNL,10,7,5,9,3,0,5,4,5,3,1,0,5,3,0,6,2,0,0,0,0,0,0,0,9,8,0,17,0
PVY47HDE,79,28,15,61,29,2,47,12,7,32,18,2,32,16,8,29,11,0,8,1,4,5,0,0,59,48,9,107,0
2EPHRWPS,19,4,2,20,1,0,14,3,2,15,0,0,5,1,0,5,1,0,1,0,0,0,1,0,17,6,1,23,0
PNIKUWL2,39,0,13,26,0,0,11,0,3,8,0,0,28,0,10,18,0,0,3,0,1,2,0,0,11,28,3,39,0
OPORGB3Z,113,11,7,99,14,4,41,4,2,38,4,1,72,7,5,61,10,3,11,2,1,10,2,0,45,79,13,124,0
K4QCAGYA,133,48,15,82,70,14,66,28,10,40,39,5,67,20,5,42,31,9,0,0,0,0,0,0,94,87,0,181,0
QODCM2YK,3,0,0,3,0,0,1,0,0,1,0,0,2,0,0,2,0,0,0,0,0,0,0,0,1,2,0,3,0
4VGVAYFG,3,0,1,0,2,0,2,0,1,0,1,0,1,0,0,0,1,0,0,0,0,0,0,0,2,1,0,3,0
GY2YVBPK,87,2,18,58,13,2,26,2,10,16,2,2,61,0,8,42,11,0,3,0,0,2,1,0,28,61,3,89,0
BCOCS1ZG,7,0,4,3,0,0,3,0,2,1,0,0,4,0,2,2,0,0,0,0,0,0,0,0,3,4,0,7,0
HNQVXGAD,20,1,4,13,4,0,10,1,2,7,2,0,10,0,2,6,2,0,2,0,1,1,0,0,11,10,2,21,0
8ZTNY71K,7,5,1,11,0,0,0,1,1,0,0,0,7,4,0,11,0,0,1,0,0,1,0,0,1,11,1,12,0
YXWJCM5V,20,3,1,17,4,1,6,1,0,6,1,0,14,2,1,11,3,1,0,0,0,0,0,0,7,16,0,23,0
YVVCRLPB,111,17,33,71,23,1,32,4,5,24,7,0,79,13,28,47,16,1,12,1,2,9,2,0,36,92,13,128,0
GRLM7KHP,61,9,15,40,4,11,2,0,1,1,0,0,59,9,14,39,4,11,28,8,6,18,2,10,2,68,36,70,0
4SUEK8ZW,42,0,10,31,1,1,15,0,5,10,0,1,27,0,5,21,1,0,8,0,1,7,0,0,15,27,8,42,1
PDNLKWYA,18,1,2,13,4,0,8,0,2,4,2,0,10,1,0,9,2,0,1,0,0,0,1,0,8,11,1,19,0
CAGGNRZX,63,21,20,56,7,1,33,8,9,30,2,0,30,13,11,26,5,1,2,0,1,1,0,0,41,43,2,84,0
AESDDMAX,21,1,2,20,0,0,7,0,0,7,0,0,14,1,2,13,0,0,0,0,0,0,0,0,7,15,0,22,0
LQH97883,90,8,21,70,3,5,17,2,5,14,0,1,73,6,16,56,3,4,24,1,8,13,3,1,19,79,25,98,0
GJDD8YDN,185,31,13,174,22,8,103,15,8,91,13,7,82,16,5,83,9,1,12,0,1,11,0,0,118,98,12,216,0
RWZLGBSE,11,1,2,10,0,0,4,0,0,4,0,0,7,1,2,6,0,0,1,0,0,1,0,0,4,8,1,12,0
7PV92V3L,68,5,11,61,1,0,39,4,7,36,0,0,29,1,4,25,1,0,6,0,1,5,0,0,43,30,6,73,0
9S4FGDVW,27,2,6,22,1,0,11,1,1,10,1,0,16,1,5,12,0,0,1,0,1,0,0,0,12,17,1,29,0
BAYY51DJ,6,0,0,5,0,1,2,0,0,2,0,0,4,0,0,3,0,1,3,0,0,3,0,0,2,4,3,6,0
HA12FZEP,45,15,4,40,16,0,27,15,4,27,11,0,18,0,0,13,5,0,3,0,0,3,0,0,42,18,3,60,0
ZXGL5CER,79,12,17,47,13,13,42,9,4,21,12,13,37,3,13,26,1,0,6,0,3,3,0,0,51,40,6,91,0
NLBXTRNU,31,2,3,19,6,5,3,0,0,2,1,0,28,2,3,17,5,5,4,0,0,4,0,0,3,30,4,33,1
ATTVKBHI,131,31,14,71,39,37,72,22,8,36,24,25,59,9,6,35,15,12,2,0,0,2,0,0,94,68,2,162,1
OI1JDRWY,65,12,29,46,2,0,9,0,3,6,0,0,56,12,26,40,2,0,8,3,3,8,0,0,9,68,11,77,0
9TELQY93,8,0,0,8,0,0,0,0,0,0,0,0,8,0,0,8,0,0,0,0,0,0,0,0,0,8,0,8,0
4ST5DBI1,85,32,17,77,22,1,35,14,11,27,10,1,50,18,6,50,12,0,4,0,1,2,1,0,49,68,4,117,0
5WDTTULV,22,1,5,15,3,0,9,1,1,8,1,0,13,0,4,7,2,0,1,0,1,0,0,0,10,13,1,23,0
IK7HXEE6,30,1,5,25,1,0,12,0,2,9,1,0,18,1,3,16,0,0,2,0,0,2,0,0,12,19,2,31,0
A4DAFSHA,13,3,1,12,3,0,10,3,1,9,3,0,3,0,0,3,0,0,1,0,0,1,0,0,13,3,1,16,0
STNEADXJ,18,9,2,18,4,3,8,5,0,9,1,3,10,4,2,9,3,0,0,0,0,0,0,0,13,14,0,27,0
JPIQMSKM,41,5,13,30,3,1,35,3,12,25,1,1,6,2,1,5,2,0,4,0,0,2,2,0,38,8,4,46,0
QENAYDZA,38,0,10,28,0,0,7,0,4,3,0,0,31,0,6,25,0,0,4,0,0,4,0,0,7,31,4,38,0
6SO9BZB3,41,5,6,40,0,0,11,0,2,9,0,0,30,5,4,31,0,0,3,5,0,8,0,0,11,35,8,46,0
WJ96YTGF,12,3,4,10,0,1,2,0,0,2,0,0,10,3,4,8,0,1,2,1,0,3,0,0,2,13,3,15,0
UOHPVUMA,3,9,0,7,5,0,3,9,0,7,5,0,0,0,0,0,0,0,0,0,0,0,0,0,12,0,0,12,0
RFGBINXK,4,0,0,3,1,0,0,0,0,0,0,0,4,0,0,3,1,0,1,0,0,1,0,0,0,4,1,4,0
RYEYEF7Q,29,1,6,24,0,0,16,0,3,13,0,0,13,1,3,11,0,0,4,0,1,3,0,0,16,14,4,30,0
FBXGDJZV,28,2,16,13,1,0,2,1,1,2,0,0,26,1,15,11,1,0,5,1,3,2,1,0,3,27,6,30,0
AYREL7SP,25,2,0,22,4,1,14,0,0,9,4,1,11,2,0,13,0,0,3,0,0,3,0,0,14,13,3,27,0
KHCE46C7,12,0,6,6,0,0,4,0,2,2,0,0,8,0,4,4,0,0,0,0,0,0,0,0,4,8,0,12,0
A3HM1ZFE,32,3,10,25,0,1,9,2,5,6,0,1,23,1,5,19,0,0,4,0,0,4,0,0,11,24,4,35,0
ZGF1PNP7,28,3,9,20,2,0,11,1,3,9,0,0,17,2,6,11,2,0,5,1,1,4,1,0,12,19,6,31,0
ISI5PFIM,12,3,3,7,5,0,3,3,2,2,2,0,9,0,1,5,3,0,3,0,1,2,0,0,6,9,3,15,0
EHISNZEV,11,0,3,8,0,0,0,0,0,0,0,0,11,0,3,8,0,0,0,0,0,0,0,0,0,11,0,11,0
A9DPQWRF,70,0,9,59,2,0,7,0,2,5,0,0,63,0,7,54,2,0,15,0,4,9,2,0,7,63,15,70,0
JNTBHIZZ,126,17,13,95,35,0,36,7,2,28,13,0,90,10,11,67,22,0,14,0,1,12,1,0,43,100,14,143,0
EFS9RGI7,53,4,3,46,8,0,14,2,1,12,3,0,39,2,2,34,5,0,11,1,2,9,1,0,16,41,12,57,0
ZHEESBV7,68,6,8,64,2,0,25,6,3,26,2,0,43,0,5,38,0,0,11,0,0,11,0,0,31,43,11,74,0
88LQQ5R4,28,4,8,24,0,0,7,2,2,7,0,0,21,2,6,17,0,0,1,1,0,2,0,0,9,23,2,32,0
HBS5JMIR,45,4,14,35,0,1,19,0,8,11,0,1,26,4,6,24,0,0,9,3,3,9,0,0,19,30,12,49,0
XFJFTLG6,7,0,0,7,0,0,1,0,0,1,0,0,6,0,0,6,0,0,4,0,0,4,0,0,1,6,4,7,0
TZGSV3ZZ,12,0,4,8,0,1,3,0,2,1,0,1,9,0,2,7,0,0,0,0,0,0,0,0,3,9,0,12,0
X2NNSOXW,152,34,24,133,22,8,54,13,7,40,13,8,98,21,17,93,9,0,13,0,0,13,0,0,67,119,13,186,0
RYVDVSWM,35,6,6,25,6,4,21,5,4,14,4,4,14,1,2,11,2,0,2,0,0,2,0,0,26,15,2,41,0
526KRNSU,71,3,7,62,4,1,24,2,6,18,2,0,47,1,1,44,2,1,10,0,0,10,0,0,26,48,10,74,0
LTL6LGHW,56,4,14,46,0,2,8,0,4,4,0,1,48,4,10,42,0,1,11,4,3,12,0,0,8,52,15,60,0
3V25YTQM,94,21,13,51,17,34,57,17,7,20,14,33,37,4,6,31,3,1,4,0,1,2,0,0,74,41,4,115,0
KVNYBGZI,28,3,2,25,4,1,13,3,1,11,4,0,15,0,1,14,0,1,3,0,0,3,0,0,16,15,3,31,0
PFXRBMHW,38,17,5,38,11,1,8,5,2,9,2,0,30,12,3,29,9,1,9,1,0,10,0,0,13,42,10,55,0
EFIOF8IE,21,1,5,15,2,0,10,1,2,8,1,0,11,0,3,7,1,0,0,0,0,0,0,0,11,11,0,22,0
WVMXJV7W,19,0,12,7,0,4,8,0,2,6,0,1,11,0,10,1,0,3,1,0,1,0,0,0,8,11,1,19,0
UWFCTSRA,72,5,2,64,11,0,39,1,0,34,6,0,33,4,2,30,5,0,1,0,0,1,0,0,40,37,1,77,0
7MUCLWXJ,19,2,3,18,0,1,11,0,0,11,0,0,8,2,3,7,0,1,3,0,0,3,0,0,11,10,3,21,0
GQJMQVS6,86,11,30,53,13,5,32,7,12,20,6,2,54,4,18,33,7,3,4,1,0,5,0,0,39,58,5,97,0
L5FG2XTL,64,6,13,55,2,1,25,4,7,21,1,1,39,2,6,34,1,0,4,0,1,3,0,0,29,41,4,70,0
SUOBGBIM,15,4,1,17,1,0,7,0,0,7,0,0,8,4,1,10,1,0,3,0,1,2,0,0,7,12,3,19,0
GBVCW1QV,34,3,9,28,0,0,9,2,3,8,0,0,25,1,6,20,0,0,2,0,0,2,0,0,11,26,2,37,0
AJZUUANI,68,8,12,46,11,7,20,8,4,18,4,2,48,0,8,28,7,5,1,0,0,1,0,0,28,48,1,76,0
FQXCWWIP,13,1,4,7,3,0,5,1,1,4,1,0,8,0,3,3,2,0,0,0,0,0,0,0,6,8,0,14,0
4SNYXAIG,10,1,0,10,1,0,3,1,0,3,1,0,7,0,0,7,0,0,0,0,0,0,0,0,4,7,0,11,0
C8PRFDIR,41,6,11,33,3,0,10,4,3,9,2,0,31,2,8,24,1,0,6,0,3,3,0,0,14,33,6,47,0
EZYBSVPO,8,0,0,8,0,0,3,0,0,3,0,0,5,0,0,5,0,0,2,0,0,2,0,0,3,5,2,8,0
JWW74XLF,73,2,14,56,4,2,10,0,1,9,0,0,63,2,13,47,4,2,15,0,3,11,1,0,10,65,15,75,0
JDGWBRX7,34,2,12,22,2,0,6,1,2,5,0,0,28,1,10,17,2,0,4,1,3,2,0,0,7,29,5,36,0
IHEBVQDC,7,0,3,4,0,0,3,0,2,1,0,0,4,0,1,3,0,0,1,0,0,1,0,0,3,4,1,7,0
EBLDCKX1,12,1,5,8,0,0,5,1,2,4,0,0,7,0,3,4,0,0,0,0,0,0,0,0,6,7,0,13,0
KCT2CUOY,112,4,3,84,24,5,41,2,2,30,11,0,71,2,1,54,13,5,17,0,0,12,4,1,43,73,17,116,0
OWJB1WXK,7,0,1,5,1,0,0,0,0,0,0,0,7,0,1,5,1,0,0,0,0,0,0,0,0,7,0,7,0
8DGHJ9TL,0,3,0,3,0,0,0,0,0,0,0,0,0,3,0,3,0,0,0,0,0,0,0,0,0,3,0,3,0
KKRIDPSX,86,15,5,73,7,15,18,5,2,11,1,8,68,10,3,62,6,7,12,2,0,14,0,0,23,78,14,101,0
ETLWK1RE,9,3,3,8,1,0,4,0,2,2,0,0,5,3,1,6,1,0,0,0,0,0,0,0,4,8,0,12,0
KXP5GFO8,77,4,4,71,6,0,26,0,2,19,5,0,51,4,2,52,1,0,8,0,0,8,0,0,26,55,8,81,0
UT6NNRLW,21,1,4,17,1,0,7,0,0,7,0,0,14,1,4,10,1,0,3,1,1,3,0,0,7,15,4,22,0
FZM9CACE,70,21,21,54,10,6,41,9,14,25,5,6,29,12,7,29,5,0,5,3,3,5,0,0,50,41,8,91,0
GEAFEYSW,10,3,0,8,1,4,3,0,0,3,0,0,7,3,0,5,1,4,0,0,0,0,0,0,3,10,0,13,0
7XIUGX8X,9,0,3,6,0,0,2,0,0,2,0,0,7,0,3,4,0,0,1,0,1,0,0,0,2,7,1,9,0
OD3GCJZH,7,2,2,5,0,2,1,0,1,0,0,0,6,2,1,5,0,2,2,0,0,2,0,0,1,8,2,9,0
VQR8SOTV,20,0,5,10,5,1,14,0,4,5,5,1,6,0,1,5,0,0,3,0,1,2,0,0,14,6,3,20,0
JZX8WXIO,28,0,2,26,0,0,14,0,1,13,0,0,14,0,1,13,0,0,0,0,0,0,0,0,14,14,0,28,0
XDKQQ8ET,1,0,0,1,0,0,0,0,0,0,0,0,1,0,0,1,0,0,0,0,0,0,0,0,0,1,0,1,0
ZPMY8MLO,22,15,3,20,9,4,10,12,2,11,6,2,12,3,1,9,3,2,3,0,0,2,1,0,22,15,3,37,0
WZRGOCOG,30,2,4,24,3,1,10,0,4,3,2,1,20,2,0,21,1,0,2,0,0,2,0,0,10,22,2,32,0
P1MLIGTJ,4,1,0,2,3,0,0,0,0,0,0,0,4,1,0,2,3,0,2,1,0,1,2,0,0,5,3,5,0
K7ET9K29,176,38,53,131,28,2,64,24,20,54,12,2,112,14,33,77,16,0,21,2,9,13,1,0,88,126,23,214,0
7VKU8DXO,14,7,3,15,3,0,4,5,1,5,3,0,10,2,2,10,0,0,2,0,1,1,0,0,9,12,2,21,0
PEUZ5XTF,80,7,18,63,6,0,36,5,9,28,4,0,44,2,9,35,2,0,9,0,3,6,0,0,41,46,9,87,0
YNRAXWRH,132,31,34,98,23,7,29,8,10,20,4,2,103,23,24,78,19,5,20,4,6,13,5,0,37,126,24,163,0
DHTXXOGO,47,2,2,43,4,0,14,1,1,13,1,0,33,1,1,30,3,0,0,0,0,0,0,0,15,34,0,49,0
RHGU4UE5,281,71,85,214,51,4,116,31,37,91,17,4,165,40,48,123,34,0,38,8,11,29,6,0,147,205,46,352,0
ISTFVK6P,25,0,8,16,0,1,7,0,1,5,0,1,18,0,7,11,0,0,5,0,3,2,0,0,7,18,5,25,0
L6JR4WE4,30,0,9,21,0,0,5,0,4,1,0,0,25,0,5,20,0,0,4,0,0,4,0,0,5,25,4,30,0
MXJST7MO,28,0,5,21,2,2,9,0,3,5,1,1,19,0,2,16,1,1,0,0,0,0,0,0,9,19,0,28,0
XME5CR3E,101,15,29,76,8,2,50,12,13,39,7,2,51,3,16,37,1,0,5,0,1,4,0,0,62,54,5,116,0
CGGMDJEM,31,11,2,37,3,0,14,10,2,19,3,0,17,1,0,18,0,0,2,0,0,2,0,0,24,18,2,42,0
GFH2BR9R,36,8,1,31,12,0,17,7,1,15,8,0,19,1,0,16,4,0,1,0,0,1,0,0,24,20,1,44,0
TMSVZ5BG,22,0,6,15,1,0,11,0,4,6,1,0,11,0,2,9,0,0,0,0,0,0,0,0,11,11,0,22,0
GFB4UNGZ,51,1,8,43,1,0,13,1,5,9,0,0,38,0,3,34,1,0,1,0,1,0,0,0,14,38,1,52,0
MCCJYQEQ,68,18,15,53,18,0,44,15,15,33,11,0,24,3,0,20,7,0,1,0,0,1,0,0,59,27,1,86,0
SQXNZILS,7,4,0,8,0,3,1,0,0,1,0,0,6,4,0,7,0,3,2,0,0,2,0,0,1,10,2,11,0
K8LRUGBP,11,0,5,6,0,0,6,0,3,3,0,0,5,0,2,3,0,0,1,0,1,0,0,0,6,5,1,11,0
DCEUR3XA,1,0,1,0,0,0,0,0,0,0,0,0,1,0,1,0,0,0,0,0,0,0,0,0,0,1,0,1,0
D2DEKGGL,278,59,94,186,54,16,127,31,49,84,23,9,151,28,45,102,31,7,26,7,8,17,7,1,158,179,33,337,0
G3IRVY5H,58,1,18,40,1,0,14,0,2,12,0,0,44,1,16,28,1,0,6,0,1,5,0,0,14,45,6,59,0
UTCII68N,49,1,23,26,0,1,15,1,8,7,0,1,34,0,15,19,0,0,7,0,5,2,0,0,16,34,7,50,0
8T5SOE9A,4,1,1,4,0,0,2,1,1,2,0,0,2,0,0,2,0,0,1,0,0,1,0,0,3,2,1,5,0
3IYRJVQN,22,0,7,15,0,0,5,0,4,1,0,0,17,0,3,14,0,0,2,0,0,2,0,0,5,17,2,22,0
N6WIMSIL,36,26,3,42,15,2,23,16,1,23,13,2,13,10,2,19,2,0,1,0,0,1,0,0,39,23,1,62,0
KYRQVC7A,11,0,1,10,0,0,2,0,1,1,0,0,9,0,0,9,0,0,0,0,0,0,0,0,2,9,0,11,0
VGNJ1GOU,151,52,65,115,19,11,72,28,34,52,10,9,79,24,31,63,9,2,4,1,0,4,1,0,100,103,5,203,0
UWQFD65B,95,10,32,70,3,1,26,3,7,21,1,0,69,7,25,49,2,1,12,0,2,9,1,0,29,76,12,105,0
BUJ1SDAX,29,2,9,22,0,1,10,2,3,9,0,0,19,0,6,13,0,1,1,0,1,0,0,1,12,19,1,31,0
UFNYQFCV,17,0,7,10,0,0,0,0,0,0,0,0,17,0,7,10,0,0,3,0,0,3,0,0,0,17,3,17,0
YJIOVLKM,15,1,4,12,0,0,2,1,0,3,0,0,13,0,4,9,0,0,6,0,3,3,0,0,3,13,6,16,0
GFDLYVOU,27,0,8,19,0,1,3,0,1,2,0,0,24,0,7,17,0,1,3,0,1,2,0,0,3,24,3,27,0
WXTC1NIG,25,2,7,20,0,1,12,1,3,10,0,0,13,1,4,10,0,1,2,0,0,2,0,0,13,14,2,27,0
L8MPCR3F,77,8,15,50,14,6,33,3,9,20,6,1,44,5,6,30,8,5,3,0,0,1,0,2,36,49,3,85,0
LDZCQGFW,6,3,2,5,2,0,1,2,1,2,0,0,5,1,1,3,2,0,2,1,1,2,0,0,3,6,3,9,0
W3RB7MPR,172,64,64,143,8,23,61,35,27,58,3,12,111,29,37,85,5,11,29,4,17,15,1,0,96,140,33,236,0
ZCJEVF5T,37,3,14,25,1,0,14,2,5,10,1,0,23,1,9,15,0,0,4,0,0,4,0,0,16,24,4,40,0
TVLXAA7F,13,2,1,10,4,0,1,2,0,1,2,0,12,0,1,9,2,0,2,0,1,0,1,0,3,12,2,15,0
PRRFRCMH,36,3,2,29,8,0,23,2,0,18,7,0,13,1,2,11,1,0,2,0,0,2,0,0,25,14,2,39,0
5GNJFGHT,54,0,5,49,0,0,10,0,1,9,0,0,44,0,4,40,0,0,5,0,2,3,0,0,10,44,5,54,0
ZCMBGDGZ,50,1,12,37,2,0,18,1,3,15,1,0,32,0,9,22,1,0,6,0,0,6,0,0,19,32,6,51,0
4BSTSDPJ,50,26,2,34,22,18,26,15,1,12,14,14,24,11,1,22,8,4,2,6,0,6,2,0,41,35,8,76,0
UYMGDS6M,47,5,1,40,11,0,34,4,0,27,11,0,13,1,1,13,0,0,3,1,0,4,0,0,38,14,4,52,0
AHPUGVVR,46,3,8,37,4,1,18,3,4,14,3,0,28,0,4,23,1,1,2,0,0,2,0,0,21,28,2,49,0
CDVHBWH7,46,13,13,40,6,0,14,4,6,12,0,0,32,9,7,28,6,0,8,0,2,5,1,0,18,41,8,59,0
E7GKOATI,33,3,8,27,1,0,7,0,1,5,1,0,26,3,7,22,0,0,6,1,1,6,0,0,7,29,7,36,0
B6NTZQE8,10,0,0,9,1,0,4,0,0,3,1,0,6,0,0,6,0,0,0,0,0,0,0,0,4,6,0,10,1
FWRFDF2W,20,0,3,17,0,0,5,0,1,4,0,0,15,0,2,13,0,0,2,0,1,1,0,0,5,15,2,20,0
9KCSCFOR,141,20,37,108,16,0,37,4,10,30,1,0,104,16,27,78,15,0,5,0,1,4,0,0,41,120,5,161,0
GY2VQABB,38,0,5,33,0,1,9,0,1,8,0,1,29,0,4,25,0,0,10,0,0,10,0,0,9,29,10,38,0
Z4ZB48IL,4,0,0,1,2,1,0,0,0,0,0,0,4,0,0,1,2,1,0,0,0,0,0,0,0,4,0,4,0
5Y2EIJJT,10,0,0,5,2,3,0,0,0,0,0,0,10,0,0,5,2,3,1,0,0,1,0,0,0,10,1,10,0
ZLISUNXH,32,6,23,15,0,1,17,5,14,8,0,1,15,1,9,7,0,0,1,0,1,0,0,0,22,16,1,38,0
IHOPIZW7,74,11,31,43,11,0,14,3,5,9,3,0,60,8,26,34,8,0,6,0,3,3,0,0,17,68,6,85,0
TWHMV47X,76,10,23,57,6,1,24,3,6,18,3,0,52,7,17,39,3,1,24,2,10,14,2,1,27,59,26,86,0
J4MI8KKC,31,15,8,27,11,1,13,15,7,15,6,1,18,0,1,12,5,0,3,0,0,2,1,0,28,18,3,46,0
HWHWJB3S,5,4,1,2,2,4,3,3,0,0,2,4,2,1,1,2,0,0,1,1,0,2,0,0,6,3,2,9,0
3TF1WOAE,1,3,0,3,1,0,1,0,0,0,1,0,0,3,0,3,0,0,0,0,0,0,0,0,1,3,0,4,0
KKUAZRTO,18,0,3,13,2,0,1,0,0,1,0,0,17,0,3,12,2,0,6,0,2,4,0,0,1,17,6,18,0
QSEJIPAD,95,7,29,69,4,0,23,1,5,19,0,0,72,6,24,50,4,0,12,1,1,12,0,0,24,78,13,102,0
F4UMGPOO,32,7,7,22,10,0,13,4,4,9,4,0,19,3,3,13,6,0,2,1,2,1,0,0,17,22,3,39,0
DTWNY5WX,2,0,1,1,0,0,1,0,0,1,0,0,1,0,1,0,0,0,0,0,0,0,0,0,1,1,0,2,0
UEV3JWOB,13,2,1,14,0,0,6,0,1,5,0,0,7,2,0,9,0,0,2,0,0,2,0,0,6,9,2,15,0
PDT5OORF,69,7,15,58,2,2,20,2,3,17,1,1,49,5,12,41,1,1,7,1,1,6,1,0,22,54,8,76,0
P3934TYP,65,2,19,46,2,0,32,1,9,22,2,0,33,1,10,24,0,0,5,0,0,5,0,0,33,34,5,67,0
LIPCYTAF,18,2,0,14,4,2,6,0,0,5,1,0,12,2,0,9,3,2,2,0,0,2,0,0,6,14,2,20,0
U5XWKCT7,158,33,62,119,10,4,67,14,34,43,4,4,91,19,28,76,6,0,15,2,2,14,1,0,81,110,17,191,0
BQHMNTMX,1,0,0,1,0,0,0,0,0,0,0,0,1,0,0,1,0,0,0,0,0,0,0,0,0,1,0,1,0
7FU7CHZ5,34,13,9,21,4,14,21,13,6,11,4,14,13,0,3,10,0,0,7,0,2,5,0,0,34,13,7,47,0
BAW5THLR,16,2,5,11,2,0,1,1,1,1,0,0,15,1,4,10,2,0,3,0,1,2,0,0,2,16,3,18,0
A1RRJI3U,23,1,10,13,1,1,9,1,5,5,0,1,14,0,5,8,1,0,4,0,1,3,0,0,10,14,4,24,0
NOIOHHXK,44,0,9,33,2,1,12,0,3,9,0,1,32,0,6,24,2,0,1,0,0,1,0,0,12,32,1,44,0
RJ2NJLKB,11,0,3,7,1,0,5,0,1,3,1,0,6,0,2,4,0,0,2,0,1,1,0,0,5,6,2,11,0
JYPZSNHI,31,4,6,24,2,2,7,2,1,7,1,0,24,2,5,17,1,2,4,0,1,3,0,0,9,26,4,35,0
NRIEHTF8,18,0,4,11,3,3,7,0,1,6,0,1,11,0,3,5,3,2,5,0,1,2,2,1,7,11,5,18,0
9KMPEXKD,21,0,4,9,5,3,0,0,0,0,0,0,21,0,4,9,5,3,19,0,2,9,5,3,0,21,19,21,0
WHEAIRKB,3,0,0,3,0,0,2,0,0,2,0,0,1,0,0,1,0,0,0,0,0,0,0,0,2,1,0,3,0
HMXWQKCK,5,0,1,4,0,0,2,0,1,1,0,0,3,0,0,3,0,0,1,0,0,1,0,0,2,3,1,5,0
VAEDWHQM,6,3,2,4,3,0,3,3,1,2,3,0,3,0,1,2,0,0,2,0,0,2,0,0,6,3,2,9,0
UXAGG2MJ,2,0,0,2,0,0,0,0,0,0,0,0,2,0,0,2,0,0,0,0,0,0,0,0,0,2,0,2,0
KRKNZH47,32,10,2,34,5,1,14,1,1,13,1,0,18,9,1,21,4,1,3,4,0,3,3,1,15,27,7,42,0
JHOLCHFQ,7,0,1,6,0,0,4,0,1,3,0,0,3,0,0,3,0,0,0,0,0,0,0,0,4,3,0,7,0
OZPQAUEV,23,1,0,24,0,0,10,1,0,11,0,0,13,0,0,13,0,0,0,0,0,0,0,0,11,13,0,24,0
NXPBYIXY,9,1,1,4,4,1,1,0,0,0,1,0,8,1,1,4,3,1,1,0,0,1,0,0,1,9,1,10,0
WHLPFSFH,7,4,0,9,2,0,6,4,0,8,2,0,1,0,0,1,0,0,1,0,0,1,0,0,10,1,1,11,0
WBBYUEIV,68,10,19,55,3,2,20,3,3,18,1,2,48,7,16,37,2,0,9,2,1,10,0,0,23,55,11,78,0
4QETZI8E,1,0,0,0,1,0,0,0,0,0,0,0,1,0,0,0,1,0,0,0,0,0,0,0,0,1,0,1,0
UAEUNDPA,186,59,46,165,33,1,130,48,35,121,22,0,56,11,11,44,11,1,22,0,3,17,2,0,178,67,22,245,0
XRIU99FS,54,2,6,33,7,10,6,0,2,4,0,0,48,2,4,29,7,10,4,0,0,4,0,0,6,50,4,56,0
BMMPPESD,73,16,7,67,15,0,14,2,0,14,2,0,59,14,7,53,13,0,7,6,3,6,4,0,16,73,13,89,0
KYFXWNR5,27,5,2,28,2,0,8,0,0,8,0,0,19,5,2,20,2,0,4,1,1,4,0,0,8,24,5,32,0
H1DGTJKL,6,5,0,5,5,1,2,5,0,3,4,0,4,0,0,2,1,1,0,0,0,0,0,0,7,4,0,11,0
PUJGGD5D,52,8,17,39,4,1,29,7,12,21,3,1,23,1,5,18,1,0,6,0,0,6,0,0,36,24,6,60,0
RDJH5JSI,153,15,22,127,19,0,34,1,5,28,2,0,119,14,17,99,17,0,10,2,2,8,2,0,35,133,12,168,0
YPRBL68T,15,0,1,14,0,0,5,0,0,5,0,0,10,0,1,9,0,0,4,0,1,3,0,0,5,10,4,15,0
MQOQML84,29,1,7,16,3,4,16,1,6,7,3,1,13,0,1,9,0,3,1,0,0,1,0,0,17,13,1,30,0
REXYP2HJ,10,0,2,7,1,0,4,0,0,3,1,0,6,0,2,4,0,0,0,0,0,0,0,0,4,6,0,10,0
HR4NKECG,10,2,5,5,2,0,2,1,1,2,0,0,8,1,4,3,2,0,4,0,3,0,1,0,3,9,4,12,0
NGZUUJQX,11,0,3,8,0,0,3,0,1,2,0,0,8,0,2,6,0,0,3,0,0,3,0,0,3,8,3,11,0
JFQ4U5MR,92,2,22,72,0,1,27,2,4,25,0,0,65,0,18,47,0,1,9,0,2,7,0,1,29,65,9,94,0
LJKTYJG5,4,4,1,7,0,0,2,4,1,5,0,0,2,0,0,2,0,0,1,0,0,1,0,0,6,2,1,8,0
ZIKCM9TS,30,8,7,24,7,0,6,0,1,3,2,0,24,8,6,21,5,0,3,4,0,6,1,0,6,32,7,38,0
V1ETTQOD,17,0,1,11,2,3,13,0,1,7,2,3,4,0,0,4,0,0,1,0,0,1,0,0,13,4,1,17,0
TUYV5BQX,5,2,1,6,0,0,4,1,0,5,0,0,1,1,1,1,0,0,0,0,0,0,0,0,5,2,0,7,0
BALO8FLS,20,3,5,18,0,0,10,0,3,7,0,0,10,3,2,11,0,0,5,0,2,3,0,0,10,13,5,23,0
URUYBE1S,110,12,22,87,13,0,27,5,4,24,4,0,83,7,18,63,9,0,9,1,2,8,0,0,32,90,10,122,0
EAT5A2CE,73,2,15,60,0,0,24,0,3,21,0,0,49,2,12,39,0,0,2,0,2,0,0,0,24,51,2,75,0
D537CJQK,53,20,1,35,28,9,13,8,0,18,3,0,40,12,1,17,25,9,36,11,1,14,23,9,21,52,47,73,0
17C5OA2Y,76,8,12,60,12,0,34,5,5,28,6,0,42,3,7,32,6,0,3,0,0,3,0,0,39,45,3,84,0
FWSTURVD,33,12,0,17,21,7,5,2,0,5,2,0,28,10,0,12,19,7,5,1,0,1,1,4,7,38,6,45,0
AYGX6XS3,50,4,17,32,5,1,5,0,0,4,1,0,45,4,17,28,4,1,5,0,0,4,1,0,5,49,5,54,0
NWDLDDZ7,24,6,6,20,2,3,6,0,0,4,1,1,18,6,6,16,1,2,7,4,3,6,1,2,6,24,11,30,0
FM7CW7BY,84,8,19,68,4,2,28,7,7,26,1,2,56,1,12,42,3,0,12,1,3,8,2,0,35,57,13,92,0
E3FZTAK1,9,0,3,5,1,0,5,0,0,4,1,0,4,0,3,1,0,0,1,0,0,1,0,0,5,4,1,9,0
PJXMSS7W,3,2,1,3,1,0,1,1,0,1,1,0,2,1,1,2,0,0,0,0,0,0,0,0,2,3,0,5,0
XVHBH9HT,19,1,2,14,4,0,5,0,0,3,2,0,14,1,2,11,2,0,3,0,0,3,0,0,5,15,3,20,0
ZUZAUHW7,16,18,1,28,4,2,5,11,0,13,2,1,11,7,1,15,2,1,1,2,0,3,0,0,16,18,3,34,0
CIB43A77,30,26,12,42,2,0,17,7,6,17,1,0,13,19,6,25,1,0,3,7,2,7,1,0,24,32,10,56,0
QUDUPH7J,36,0,5,30,1,0,8,0,2,5,1,0,28,0,3,25,0,0,4,0,1,3,0,0,8,28,4,36,0
NEYCOAFO,16,0,5,11,0,2,4,0,1,3,0,0,12,0,4,8,0,2,2,0,0,2,0,0,4,12,2,16,0
U2AZAHW6,27,0,4,23,0,0,8,0,2,6,0,0,19,0,2,17,0,0,6,0,1,5,0,0,8,19,6,27,0
F79EQBCN,91,20,22,75,14,0,22,10,11,20,1,0,69,10,11,55,13,0,16,3,4,10,5,0,32,79,19,111,0
IDEO5OBN,15,0,9,6,0,0,2,0,2,0,0,0,13,0,7,6,0,0,4,0,1,3,0,0,2,13,4,15,0
RHROAELB,19,0,4,15,0,0,5,0,1,4,0,0,14,0,3,11,0,0,1,0,0,1,0,0,5,14,1,19,0
YRXCMOLA,34,3,8,29,0,1,7,3,3,7,0,0,27,0,5,22,0,1,2,0,0,2,0,0,10,27,2,37,0
UPNZCOCS,38,3,3,32,6,0,20,2,1,16,5,0,18,1,2,16,1,0,7,1,1,6,1,0,22,19,8,41,0
ZSTCQAZ4,4,0,2,2,0,0,2,0,1,1,0,0,2,0,1,1,0,0,2,0,1,1,0,0,2,2,2,4,0
4DFGPDVG,8,0,2,6,0,0,3,0,0,3,0,0,5,0,2,3,0,0,3,0,2,1,0,0,3,5,3,8,0
COSBH1NJ,63,6,7,58,4,0,18,3,5,15,1,0,45,3,2,43,3,0,5,0,0,5,0,0,21,48,5,69,0
EFVLKGX8,5,0,1,4,0,0,3,0,1,2,0,0,2,0,0,2,0,0,1,0,0,1,0,0,3,2,1,5,0
IRQBPVKF,4,3,2,4,1,0,0,2,2,0,0,0,4,1,0,4,1,0,1,1,0,1,1,0,2,5,2,7,0
FGBZBQWL,29,6,4,30,1,0,13,5,4,13,1,0,16,1,0,17,0,0,4,0,0,4,0,0,18,17,4,35,0
LPXUYROE,81,4,33,49,3,2,33,3,14,21,1,2,48,1,19,28,2,0,4,0,0,4,0,0,36,49,4,85,0
PDIN2WLU,148,11,43,115,1,0,53,7,16,44,0,0,95,4,27,71,1,0,7,0,3,4,0,0,60,99,7,159,0
CCNWY2YQ,6,0,0,6,0,0,2,0,0,2,0,0,4,0,0,4,0,0,0,0,0,0,0,0,2,4,0,6,0
5KGUKQ21,60,1,12,39,9,1,44,1,11,24,9,1,16,0,1,15,0,0,0,0,0,0,0,0,45,16,0,61,0
MYR7KVBM,15,0,2,12,1,0,4,0,0,4,0,0,11,0,2,8,1,0,2,0,2,0,0,0,4,11,2,15,0
FPKHIOI3,282,104,22,173,118,74,112,42,7,67,39,41,170,62,15,106,79,33,44,29,1,33,19,20,154,232,73,386,0
XUUNK28H,63,22,10,73,2,0,28,11,4,35,0,0,35,11,6,38,2,0,5,0,1,4,0,0,39,46,5,85,0
3IWYQX4W,157,45,67,116,19,0,61,24,36,47,2,0,96,21,31,69,17,0,12,0,2,9,1,0,85,117,12,202,0
HNJZKOVT,15,0,1,8,6,0,9,0,1,4,4,0,6,0,0,4,2,0,2,0,0,2,0,0,9,6,2,15,0
QQSYVJGA,40,6,18,28,0,0,13,3,7,9,0,0,27,3,11,19,0,0,0,0,0,0,0,0,16,30,0,46,0
UVOIPIXA,84,15,11,69,18,1,49,8,7,34,15,1,35,7,4,35,3,0,6,0,0,4,2,0,57,42,6,99,0
MOQ9KAII,121,23,22,84,33,5,40,12,4,34,13,1,81,11,18,50,20,4,12,6,3,10,5,0,52,92,18,144,0
5RSURUPB,3,2,0,5,0,0,2,2,0,4,0,0,1,0,0,1,0,0,0,0,0,0,0,0,4,1,0,5,0
D7ZSQGNB,58,3,20,40,1,1,20,3,7,16,0,0,38,0,13,24,1,1,4,0,3,1,0,1,23,38,4,61,0
YZ2WA9CM,16,0,1,15,0,0,2,0,0,2,0,0,14,0,1,13,0,0,3,0,0,3,0,0,2,14,3,16,0
WFBEDGXQ,20,1,4,17,0,1,8,1,2,7,0,0,12,0,2,10,0,1,0,0,0,0,0,0,9,12,0,21,0
B7SEM43L,43,1,4,39,1,2,18,1,2,16,1,1,25,0,2,23,0,1,10,0,0,10,0,0,19,25,10,44,0
CKMGYJ92,55,13,11,43,14,0,20,4,5,15,4,0,35,9,6,28,10,0,2,0,0,2,0,0,24,44,2,68,0
CFCGEETA,52,3,16,32,2,4,19,2,6,14,1,0,33,1,10,18,1,4,4,0,0,4,0,0,21,34,4,55,0
JEYEFTDC,11,1,6,6,0,0,3,1,3,1,0,0,8,0,3,5,0,0,0,0,0,0,0,0,4,8,0,12,0
ILWAUYPJ,29,0,8,20,1,0,13,0,3,9,1,0,16,0,5,11,0,0,4,0,1,3,0,0,13,16,4,29,0
1G8TEUDH,4,0,0,4,0,0,1,0,0,1,0,0,3,0,0,3,0,0,0,0,0,0,0,0,1,3,0,4,0
TEIWAHMD,109,9,13,73,26,6,35,9,5,26,7,6,74,0,8,47,19,0,4,0,1,3,0,0,44,74,4,118,0
NZGDYNAG,88,5,7,83,3,0,25,1,0,26,0,0,63,4,7,57,3,0,6,0,1,5,0,0,26,67,6,93,0
MLDOEGDE,6,1,3,4,0,0,4,1,2,3,0,0,2,0,1,1,0,0,2,0,1,1,0,0,5,2,2,7,0
A3INO3HG,15,8,5,16,2,0,8,6,2,12,0,0,7,2,3,4,2,0,2,0,2,0,0,0,14,9,2,23,0
923JRCEM,28,1,5,22,2,0,10,1,2,9,0,0,18,0,3,13,2,0,1,0,1,0,0,0,11,18,1,29,0
ISMIXPFK,162,46,43,139,25,3,69,22,20,60,10,1,93,24,23,79,15,2,13,0,3,9,1,0,91,117,13,208,0
UECVRHAU,292,99,72,154,126,40,128,47,33,75,45,23,164,52,39,79,81,17,33,5,8,9,19,2,175,216,38,391,0
M7ZDJ2BR,37,5,5,36,1,0,15,1,2,13,1,0,22,4,3,23,0,0,3,0,0,3,0,0,16,26,3,42,1
WI1HGC3K,13,17,2,19,9,0,5,5,1,4,5,0,8,12,1,15,4,0,3,8,1,9,1,0,10,20,11,30,0
3WKQVE9C,8,1,3,6,0,0,3,1,2,2,0,0,5,0,1,4,0,0,1,0,0,1,0,0,4,5,1,9,0
JQPOMHAO,73,5,18,51,9,1,44,3,9,31,7,1,29,2,9,20,2,0,1,0,1,0,0,0,47,31,1,78,0
CCHXBIIV,28,4,1,23,8,0,9,0,0,6,3,0,19,4,1,17,5,0,10,0,0,7,3,0,9,23,10,32,0
FNQPA5SB,20,2,6,15,1,0,1,0,1,0,0,0,19,2,5,15,1,0,1,2,0,3,0,0,1,21,3,22,0
A1NH7OOH,10,7,3,11,3,0,3,7,0,8,2,0,7,0,3,3,1,0,1,0,1,0,0,0,10,7,1,17,0
CUD1H5IG,23,0,0,22,1,0,3,0,0,3,0,0,20,0,0,19,1,0,6,0,0,5,1,0,3,20,6,23,0
N6FHJQHF,92,8,14,73,12,1,27,7,7,24,2,1,65,1,7,49,10,0,3,0,0,3,0,0,34,66,3,100,0
XVLLKD1X,7,0,0,5,2,0,0,0,0,0,0,0,7,0,0,5,2,0,1,0,0,0,1,0,0,7,1,7,0
WHSGHYUF,18,2,2,17,1,0,12,2,2,11,1,0,6,0,0,6,0,0,1,0,0,1,0,0,14,6,1,20,0
ZIIQCOTS,19,2,2,17,1,1,10,1,2,7,1,1,9,1,0,10,0,0,1,0,0,1,0,0,11,10,1,21,0
JBR7QYRU,87,4,40,49,2,0,30,4,14,19,1,0,57,0,26,30,1,0,15,0,7,8,0,0,34,57,15,91,0
XOBGVR8F,11,5,1,15,0,0,9,5,1,13,0,0,2,0,0,2,0,0,1,0,0,1,0,0,14,2,1,16,0
KFQJDQDY,1,2,0,3,0,0,0,2,0,2,0,0,1,0,0,1,0,0,1,0,0,1,0,0,2,1,1,3,0
9RPDDUWJ,54,3,7,46,4,0,30,3,5,25,3,0,24,0,2,21,1,0,0,0,0,0,0,0,33,24,0,57,0
6J3QK8Z3,39,10,1,30,10,8,24,8,1,19,7,5,15,2,0,11,3,3,1,1,0,0,1,1,32,17,2,49,0
6SIRSVRV,4,1,1,4,0,0,0,1,0,1,0,0,4,0,1,3,0,0,3,0,1,2,0,0,1,4,3,5,0
AEBTONID,10,1,3,5,3,0,0,1,0,0,1,0,10,0,3,5,2,0,1,0,0,1,0,0,1,10,1,11,0
ZFYTJDEA,29,2,4,16,6,5,7,0,1,3,3,0,22,2,3,13,3,5,9,1,2,3,0,5,7,24,10,31,0
TZBS2VUB,23,1,1,9,11,3,19,1,0,6,11,3,4,0,1,3,0,0,0,0,0,0,0,0,20,4,0,24,0
TYRURO1I,11,0,4,4,3,0,10,0,4,3,3,0,1,0,0,1,0,0,1,0,0,1,0,0,10,1,1,11,0
JOZYP1HQ,15,2,1,8,8,0,7,2,1,4,4,0,8,0,0,4,4,0,1,0,0,1,0,0,9,8,1,17,0
XN5RLVBY,56,4,3,47,10,0,19,2,0,16,5,0,37,2,3,31,5,0,2,0,0,2,0,0,21,39,2,60,0
RQ1ZDLOY,10,0,6,4,0,0,1,0,0,1,0,0,9,0,6,3,0,0,1,0,1,0,0,0,1,9,1,10,0
EDZ7N6SO,18,2,2,12,2,4,5,0,0,1,2,2,13,2,2,11,0,2,2,0,0,2,0,0,5,15,2,20,0
AZYQSDFR,58,6,3,57,4,0,21,6,2,23,2,0,37,0,1,34,2,0,5,0,1,4,0,0,27,37,5,64,0
RFMIDAN9,65,2,25,41,1,1,24,0,10,14,0,1,41,2,15,27,1,0,4,0,0,4,0,0,24,43,4,67,0
CBZINH6Z,48,6,13,37,3,1,16,4,6,13,1,0,32,2,7,24,2,1,5,0,2,3,0,0,20,34,5,54,0
BTBHNWYH,14,6,3,15,2,0,1,0,0,1,0,0,13,6,3,14,2,0,3,3,2,3,1,0,1,19,6,20,0
QRTKY7I8,53,5,7,48,3,0,29,5,6,26,2,0,24,0,1,22,1,0,5,0,0,5,0,0,34,24,5,58,0
IDTOO7NK,4,3,1,5,1,0,3,3,1,4,1,0,1,0,0,1,0,0,1,0,0,1,0,0,6,1,1,7,0
AQGDDE2Y,14,1,7,8,0,0,5,1,4,2,0,0,9,0,3,6,0,0,1,0,0,1,0,0,6,9,1,15,0
IOQELY1L,80,10,15,60,12,3,30,10,6,25,8,1,50,0,9,35,4,2,7,0,2,4,1,0,40,50,7,90,0
UIVVJ7TG,13,0,2,10,1,0,2,0,0,1,1,0,11,0,2,9,0,0,3,0,0,3,0,0,2,11,3,13,0
FQFJEACX,17,0,0,13,4,0,6,0,0,5,1,0,11,0,0,8,3,0,2,0,0,2,0,0,6,11,2,17,0
52QFFW4J,97,33,32,91,7,0,34,17,11,38,2,0,63,16,21,53,5,0,7,0,3,4,0,0,51,79,7,130,0
YNKV84XW,1,0,0,1,0,0,0,0,0,0,0,0,1,0,0,1,0,0,1,0,0,1,0,0,0,1,1,1,0
ENHMUK9Z,18,0,1,16,1,0,5,0,0,5,0,0,13,0,1,11,1,0,3,0,1,2,0,0,5,13,3,18,0
BWKI9DZL,35,3,10,25,3,0,10,0,4,5,1,0,25,3,6,20,2,0,1,0,0,1,0,0,10,28,1,38,0
YUUUVMHZ,30,3,4,22,4,3,7,0,1,5,1,0,23,3,3,17,3,3,3,1,1,2,0,1,7,26,4,33,0
SQEN47TT,69,6,13,54,8,0,14,2,2,13,1,0,55,4,11,41,7,0,7,0,2,5,0,0,16,59,7,75,0
WTUSTFQ6,31,21,8,24,18,3,15,11,5,13,8,0,16,10,3,11,10,3,3,0,0,2,1,0,26,26,3,52,0
7IDHEGKE,52,2,18,36,0,0,16,1,5,12,0,0,36,1,13,24,0,0,6,1,2,5,0,0,17,37,7,54,0
RDJLQCKD,56,1,5,50,2,0,13,0,1,12,0,0,43,1,4,38,2,0,4,0,0,2,2,0,13,44,4,57,0
GRFUN8DQ,42,3,7,32,5,1,24,3,2,20,4,1,18,0,5,12,1,0,8,0,4,4,0,0,27,18,8,45,0
JYPDL6LL,102,31,8,112,12,0,43,14,5,51,1,0,59,17,3,61,11,0,13,2,1,12,1,0,57,76,15,133,0
9SGZFLT4,11,1,0,10,2,0,5,1,0,5,1,0,6,0,0,5,1,0,2,0,0,1,1,0,6,6,2,12,0
VA3NCWXM,56,7,5,52,6,0,28,6,1,29,4,0,28,1,4,23,2,0,2,0,1,1,0,0,34,29,2,63,0
XD49LP3G,19,4,3,20,0,0,5,3,1,7,0,0,14,1,2,13,0,0,6,0,1,5,0,0,8,15,6,23,0
LHJFAVYL,51,0,6,39,6,0,10,0,3,6,1,0,41,0,3,33,5,0,3,0,1,2,0,0,10,41,3,51,0
OETLOPEW,70,3,26,47,0,0,38,3,18,23,0,0,32,0,8,24,0,0,3,0,0,3,0,0,41,32,3,73,0
E3QHTFET,23,9,8,24,0,0,5,6,2,9,0,0,18,3,6,15,0,0,0,0,0,0,0,0,11,21,0,32,0
WQSLWUMT,5,0,0,4,1,0,4,0,0,4,0,0,1,0,0,0,1,0,0,0,0,0,0,0,4,1,0,5,0
7TGHGD2O,31,3,11,22,1,0,13,0,2,10,1,0,18,3,9,12,0,0,0,0,0,0,0,0,13,21,0,34,0
5HODEUJU,9,1,5,4,1,0,3,0,0,2,1,0,6,1,5,2,0,0,1,0,1,0,0,0,3,7,1,10,0
OGSOBLCT,68,3,17,46,8,1,19,1,4,14,2,1,49,2,13,32,6,0,12,0,4,7,1,0,20,51,12,71,0
ALXAYDXB,5,2,2,4,1,0,0,1,0,1,0,0,5,1,2,3,1,0,1,0,1,0,0,0,1,6,1,7,0
HUNTMLYC,18,5,2,18,2,1,3,0,1,2,0,0,15,5,1,16,2,1,0,0,0,0,0,0,3,20,0,23,0
4KHZ9CAR,87,8,22,50,20,3,29,7,7,23,6,0,58,1,15,27,14,3,9,1,3,3,4,0,36,59,10,95,0
3CDHGQZT,103,4,21,83,3,0,28,4,7,25,0,0,75,0,14,58,3,0,8,0,1,7,0,0,32,75,8,107,0
GU3RMK98,21,4,4,13,7,1,8,4,1,4,6,1,13,0,3,9,1,0,4,0,0,3,1,0,12,13,4,25,0
JF68FXNM,12,2,5,8,1,0,8,2,3,7,0,0,4,0,2,1,1,0,0,0,0,0,0,0,10,4,0,14,0
8FYRMS5B,13,5,4,12,2,0,2,3,2,2,1,0,11,2,2,10,1,0,0,0,0,0,0,0,5,13,0,18,0
FW2ZBDQP,2,0,0,2,0,0,2,0,0,2,0,0,0,0,0,0,0,0,0,0,0,0,0,0,2,0,0,2,0
487CTI8J,24,5,4,18,7,0,12,5,1,9,7,0,12,0,3,9,0,0,1,0,0,1,0,0,17,12,1,29,0
LAMDM38I,48,0,10,38,0,0,38,0,9,29,0,0,10,0,1,9,0,0,4,0,1,3,0,0,38,10,4,48,0
YMEYHCOS,3,0,1,2,0,0,1,0,0,1,0,0,2,0,1,1,0,0,1,0,1,0,0,0,1,2,1,3,0
VWAXBCKT,16,3,2,16,1,0,9,2,2,8,1,0,7,1,0,8,0,0,0,0,0,0,0,0,11,8,0,19,0
XEYF8WDT,1,0,1,0,0,1,1,0,1,0,0,1,0,0,0,0,0,0,0,0,0,0,0,0,1,0,0,1,0
UDNAP6VZ,9,7,1,10,5,0,3,3,1,2,3,0,6,4,0,8,2,0,1,0,0,1,0,0,6,10,1,16,0
OMYOBXLH,16,2,0,18,0,0,7,2,0,9,0,0,9,0,0,9,0,0,1,0,0,1,0,0,9,9,1,18,0
H17Z6THC,29,0,10,19,0,0,7,0,3,4,0,0,22,0,7,15,0,0,5,0,1,4,0,0,7,22,5,29,0
NFFECKVO,59,7,8,37,16,5,17,2,2,8,5,4,42,5,6,29,11,1,3,1,0,4,0,0,19,47,4,66,0
XMFVUCPX,96,6,14,70,17,2,32,6,6,23,8,1,64,0,8,47,9,1,6,0,0,6,0,0,38,64,6,102,0
TRDEEIHS,56,14,4,42,11,13,13,5,1,12,4,1,43,9,3,30,7,12,13,3,0,4,1,11,18,52,16,70,1
MGB3BSAF,11,0,0,10,1,0,5,0,0,5,0,0,6,0,0,5,1,0,3,0,0,3,0,0,5,6,3,11,0
7FEEP2PF,9,0,1,8,0,0,3,0,0,3,0,0,6,0,1,5,0,0,0,0,0,0,0,0,3,6,0,9,0
YDXEHAQW,44,0,17,23,4,2,20,0,11,5,4,2,24,0,6,18,0,0,4,0,0,4,0,0,20,24,4,44,0
7LEQWIMJ,20,2,2,17,3,0,13,0,2,8,3,0,7,2,0,9,0,0,1,0,0,1,0,0,13,9,1,22,0
G8LUICJE,98,22,12,81,27,0,44,15,8,36,15,0,54,7,4,45,12,0,4,1,0,5,0,0,59,61,5,120,0
KDSKTZHD,31,0,5,26,0,0,13,0,3,10,0,0,18,0,2,16,0,0,2,0,0,2,0,0,13,18,2,31,0
MOQM5VD2,32,0,8,24,0,0,13,0,5,8,0,0,19,0,3,16,0,0,6,0,2,4,0,0,13,19,6,32,0
ZBD2VCVV,136,37,14,59,64,39,79,20,7,29,39,26,57,17,7,30,25,13,7,0,1,6,0,0,99,74,7,173,0
OQ3VWOTK,13,10,2,18,3,0,5,5,2,8,0,0,8,5,0,10,3,0,2,2,0,2,2,0,10,13,4,23,0
QHJXPTPI,3,0,0,2,1,0,1,0,0,1,0,0,2,0,0,1,1,0,0,0,0,0,0,0,1,2,0,3,0
RG3FSNXE,3,2,0,5,0,0,0,0,0,0,0,0,3,2,0,5,0,0,0,0,0,0,0,0,0,5,0,5,0
HJ5PO5JT,54,6,29,28,3,0,19,6,10,13,2,0,35,0,19,15,1,0,3,0,1,2,0,0,25,35,3,60,0
MIKBL9WS,12,3,1,5,6,3,10,2,1,3,5,3,2,1,0,2,1,0,0,0,0,0,0,0,12,3,0,15,0
FOXD2TDB,32,8,0,30,10,0,23,7,0,22,8,0,9,1,0,8,2,0,0,0,0,0,0,0,30,10,0,40,0
CBXVUW3I,61,4,14,51,0,0,20,4,2,22,0,0,41,0,12,29,0,0,2,0,0,2,0,0,24,41,2,65,0
ZKGESHU7,45,16,4,41,16,0,30,11,3,28,10,0,15,5,1,13,6,0,0,0,0,0,0,0,41,20,0,61,0
CLNZWE2X,65,15,18,46,16,0,39,12,13,30,8,0,26,3,5,16,8,0,1,0,0,1,0,0,51,29,1,80,0
5LJEDHTX,53,1,9,45,0,1,20,0,6,14,0,1,33,1,3,31,0,0,3,0,0,3,0,0,20,34,3,54,0
TF2D1RHM,2,0,0,2,0,0,1,0,0,1,0,0,1,0,0,1,0,0,0,0,0,0,0,0,1,1,0,2,0
SKGTXOXW,3,0,3,0,0,0,1,0,1,0,0,0,2,0,2,0,0,0,0,0,0,0,0,0,1,2,0,3,0
GS1LPWX7,10,0,0,10,0,0,2,0,0,2,0,0,8,0,0,8,0,0,0,0,0,0,0,0,2,8,0,10,0
Z2LB1Y6E,8,0,1,4,3,0,6,0,1,4,1,0,2,0,0,0,2,0,0,0,0,0,0,0,6,2,0,8,0
GWIZDNLK,30,1,16,15,0,0,7,1,4,4,0,0,23,0,12,11,0,0,2,0,1,1,0,0,8,23,2,31,0
B4IIKTV3,8,1,0,1,2,6,0,1,0,0,1,0,8,0,0,1,1,6,7,0,0,1,0,6,1,8,7,9,0
GPGMO4EC,89,22,26,79,6,1,37,16,8,40,5,0,52,6,18,39,1,1,1,0,1,0,0,1,53,58,1,111,0
3DJU4C3L,88,19,11,88,8,0,19,2,2,18,1,0,69,17,9,70,7,0,9,1,1,6,3,0,21,86,10,107,0
YYDTQFHR,62,3,20,43,2,0,27,3,13,16,1,0,35,0,7,27,1,0,12,0,1,11,0,0,30,35,12,65,0
MZULRACV,18,10,6,21,1,0,8,2,2,7,1,0,10,8,4,14,0,0,1,0,0,1,0,0,10,18,1,28,0
W9L4AJGH,59,12,23,46,2,1,24,6,11,17,2,1,35,6,12,29,0,0,4,0,1,3,0,0,30,41,4,71,0
RH6PP6Z4,32,2,1,15,13,5,20,0,1,10,6,3,12,2,0,5,7,2,4,0,0,2,2,0,20,14,4,34,0
W5YNYSJ8,108,20,11,87,23,7,22,9,3,18,9,1,86,11,8,69,14,6,21,2,1,16,6,0,31,97,23,128,0
IUXAEZ8N,68,11,12,64,3,0,24,3,3,23,1,0,44,8,9,41,2,0,8,0,0,7,1,0,27,52,8,79,0
MZVKSEKU,235,25,81,141,34,7,72,15,34,40,11,2,163,10,47,101,23,5,53,8,15,34,12,2,87,173,61,260,0
BMXISURB,9,5,4,6,4,0,8,2,2,4,4,0,1,3,2,2,0,0,0,1,0,1,0,0,10,4,1,14,0
NZRMO7OI,91,4,10,78,7,0,27,1,2,22,4,0,64,3,8,56,3,0,4,0,1,3,0,0,28,67,4,95,0
9VWFBPLF,6,5,0,10,1,0,2,3,0,5,0,0,4,2,0,5,1,0,0,0,0,0,0,0,5,6,0,11,0
7KRDUXKK,34,8,4,35,3,0,21,7,4,21,3,0,13,1,0,14,0,0,0,0,0,0,0,0,28,14,0,42,0
LMCQICNZ,3,2,1,4,0,0,1,2,0,3,0,0,2,0,1,1,0,0,1,0,0,1,0,0,3,2,1,5,0
MHUL8HXO,24,1,2,19,4,0,12,0,0,8,4,0,12,1,2,11,0,0,2,1,1,2,0,0,12,13,3,25,0
VHY1XSNJ,20,3,4,15,4,1,10,2,0,8,4,0,10,1,4,7,0,1,4,0,3,1,0,1,12,11,4,23,0
PCFOXXQU,3,0,1,2,0,0,1,0,1,0,0,0,2,0,0,2,0,0,0,0,0,0,0,0,1,2,0,3,0
S9YNRIBM,36,11,4,37,6,1,24,11,3,28,4,1,12,0,1,9,2,0,0,0,0,0,0,0,35,12,0,47,0
SWLU7ABX,5,0,0,2,3,0,1,0,0,1,0,0,4,0,0,1,3,0,1,0,0,0,1,0,1,4,1,5,0
TUTUKZ5K,61,6,21,40,6,0,20,6,7,15,4,0,41,0,14,25,2,0,13,0,2,10,1,0,26,41,13,67,0
1QKZKYI9,1,1,1,1,0,0,0,1,1,0,0,0,1,0,0,1,0,0,1,0,0,1,0,0,1,1,1,2,0
MQEZDBIO,17,0,2,13,2,0,4,0,2,2,0,0,13,0,0,11,2,0,3,0,0,2,1,0,4,13,3,17,0
CXIYQTUP,116,20,3,89,37,7,56,12,0,42,19,7,60,8,3,47,18,0,1,0,0,1,0,0,68,68,1,136,0
KC5PGXJC,44,2,3,41,2,0,5,0,0,5,0,0,39,2,3,36,2,0,13,1,2,11,1,0,5,41,14,46,0
DI2JYUGB,17,0,4,7,6,1,10,0,3,2,5,1,7,0,1,5,1,0,0,0,0,0,0,0,10,7,0,17,0
PHJ65PBC,3,0,0,3,0,0,1,0,0,1,0,0,2,0,0,2,0,0,1,0,0,1,0,0,1,2,1,3,0
M4KR32HL,230,38,12,187,69,0,97,22,4,86,29,0,133,16,8,101,40,0,28,0,2,23,3,0,119,149,28,268,0
EKQZA4SG,27,4,2,23,6,0,16,4,2,12,6,0,11,0,0,11,0,0,0,0,0,0,0,0,20,11,0,31,0
HCANNEM6,38,6,7,36,1,0,9,3,1,11,0,0,29,3,6,25,1,0,7,2,1,8,0,0,12,32,9,44,0
BM67RVUQ,5,1,2,2,2,0,3,1,2,1,1,0,2,0,0,1,1,0,0,0,0,0,0,0,4,2,0,6,0
3ORBYEYS,110,24,4,70,33,27,53,13,3,42,14,7,57,11,1,28,19,20,8,1,1,6,2,0,66,68,9,134,0
NXBOI2IT,3,0,0,3,0,0,3,0,0,3,0,0,0,0,0,0,0,0,0,0,0,0,0,0,3,0,0,3,0
2IZ7KZX6,12,3,2,10,3,0,7,3,1,6,3,0,5,0,1,4,0,0,1,0,1,0,0,0,10,5,1,15,0
TDODAJJD,46,11,2,25,24,6,16,6,2,11,9,0,30,5,0,14,15,6,5,0,0,3,2,0,22,35,5,57,0
AQFXW2HG,5,0,1,3,1,0,3,0,0,3,0,0,2,0,1,0,1,0,0,0,0,0,0,0,3,2,0,5,0
BTWOGJCY,3,2,2,3,0,0,2,1,1,2,0,0,1,1,1,1,0,0,0,0,0,0,0,0,3,2,0,5,0
IOCSFHWF,3,1,1,3,0,0,2,0,0,2,0,0,1,1,1,1,0,0,0,0,0,0,0,0,2,2,0,4,0
ETKUD4EX,1,1,1,1,0,0,0,1,0,1,0,0,1,0,1,0,0,0,1,0,1,0,0,0,1,1,1,2,0
OTLXWUBP,71,11,17,49,14,2,27,11,9,18,9,2,44,0,8,31,5,0,9,0,3,6,0,0,38,44,9,82,0
HN3UJIIX,15,5,0,15,1,4,8,5,0,8,1,4,7,0,0,7,0,0,0,0,0,0,0,0,13,7,0,20,0
2ZWWRPF6,11,3,2,6,4,2,3,3,2,2,2,0,8,0,0,4,2,2,1,0,0,1,0,0,6,8,1,14,0
STDGTTNJ,39,4,5,31,7,0,12,3,2,11,2,0,27,1,3,20,5,0,0,0,0,0,0,0,15,28,0,43,0
NO2VRDVM,30,2,4,11,7,9,18,2,0,4,7,8,12,0,4,7,0,1,0,0,0,0,0,0,20,12,0,32,0
SJFOM5PF,112,10,39,78,5,8,35,8,15,26,2,3,77,2,24,52,3,5,15,0,5,10,0,0,43,79,15,122,0
EFDZHV4M,14,2,2,14,0,0,6,2,2,6,0,0,8,0,0,8,0,0,1,0,0,1,0,0,8,8,1,16,0
UJDNRVHV,4,0,1,3,0,0,1,0,0,1,0,0,3,0,1,2,0,0,0,0,0,0,0,0,1,3,0,4,0
Q5MRRMML,1,0,0,1,0,0,0,0,0,0,0,0,1,0,0,1,0,0,0,0,0,0,0,0,0,1,0,1,0
KKYEFQVF,13,2,1,11,3,0,4,0,0,4,0,0,9,2,1,7,3,0,4,0,0,3,1,0,4,11,4,15,0
V8ZJVYYY,4,1,2,3,0,0,2,0,0,2,0,0,2,1,2,1,0,0,1,0,0,1,0,0,2,3,1,5,0
5EHJRLCP,10,3,2,8,1,2,7,0,1,5,1,0,3,3,1,3,0,2,2,0,0,0,0,2,7,6,2,13,0
ZKERRJS4,6,1,1,6,0,0,2,0,0,2,0,0,4,1,1,4,0,0,2,0,0,2,0,0,2,5,2,7,0
EP2WBAOM,12,0,0,8,4,0,9,0,0,7,2,0,3,0,0,1,2,0,1,0,0,0,1,0,9,3,1,12,0
P2TYD4GC,3,0,0,3,0,0,0,0,0,0,0,0,3,0,0,3,0,0,1,0,0,1,0,0,0,3,1,3,0
KHHO7DQM,27,6,3,18,3,8,9,0,2,5,2,0,18,6,1,13,1,8,3,0,0,3,0,0,9,24,3,33,0
STNCTVL7,54,13,9,54,4,0,16,2,2,14,2,0,38,11,7,40,2,0,6,3,2,7,0,0,18,49,9,67,0
3BDP64UE,91,7,8,70,16,4,16,2,1,14,3,0,75,5,7,56,13,4,11,0,2,7,2,0,18,80,11,98,0
TS4SNIZZ,0,2,0,2,0,0,0,1,0,1,0,0,0,1,0,1,0,0,0,0,0,0,0,0,1,1,0,2,0
YJHT8LLG,55,8,11,36,9,7,27,5,8,18,4,2,28,3,3,18,5,5,2,0,1,0,0,1,32,31,2,63,0
EELZTI3S,20,1,1,16,3,1,7,1,1,6,1,0,13,0,0,10,2,1,2,0,0,2,0,0,8,13,2,21,0
MUD2EAZ4,34,5,19,19,1,1,21,4,12,12,1,1,13,1,7,7,0,0,2,0,2,0,0,0,25,14,2,39,0
PUTFU6ZD,22,1,2,21,0,0,6,1,2,5,0,0,16,0,0,16,0,0,1,0,0,1,0,0,7,16,1,23,0
PBDPW2TB,14,0,2,12,0,0,6,0,0,6,0,0,8,0,2,6,0,0,1,0,1,0,0,0,6,8,1,14,0
3PCVSNKI,9,0,3,6,0,0,4,0,2,2,0,0,5,0,1,4,0,0,0,0,0,0,0,0,4,5,0,9,0
MUHUBGXW,38,1,12,27,0,0,14,0,4,10,0,0,24,1,8,17,0,0,6,0,2,4,0,0,14,25,6,39,0
KEQLWXHC,6,0,1,5,0,0,1,0,1,0,0,0,5,0,0,5,0,0,1,0,0,1,0,0,1,5,1,6,0
YH2S8UMC,13,1,2,12,0,1,5,1,2,4,0,1,8,0,0,8,0,0,0,0,0,0,0,0,6,8,0,14,0
KFVICNAT,44,12,7,37,12,0,42,12,7,35,12,0,2,0,0,2,0,0,0,0,0,0,0,0,54,2,0,56,0
ZL9Q1T5W,10,0,5,5,0,0,1,0,1,0,0,0,9,0,4,5,0,0,0,0,0,0,0,0,1,9,0,10,0
6S1U9GDB,14,0,0,4,8,2,4,0,0,1,3,0,10,0,0,3,5,2,0,0,0,0,0,0,4,10,0,14,0
M3FDBS4J,61,8,20,45,4,0,20,5,6,18,1,0,41,3,14,27,3,0,6,0,3,3,0,0,25,44,6,69,0
KVIAFHEK,84,19,44,51,5,3,32,12,19,20,2,2,52,7,25,31,3,1,4,0,2,2,0,0,44,59,4,103,0
MMDKJOEC,88,10,12,61,21,6,34,6,7,23,6,4,54,4,5,38,15,2,4,2,1,2,3,0,40,58,6,98,0
XJBCDLD8,2,0,0,2,0,0,2,0,0,2,0,0,0,0,0,0,0,0,0,0,0,0,0,0,2,0,0,2,0
2UN8LATN,25,0,6,19,0,0,10,0,4,6,0,0,15,0,2,13,0,0,2,0,0,2,0,0,10,15,2,25,0
XTODBGJF,20,0,6,13,1,0,5,0,1,4,0,0,15,0,5,9,1,0,4,0,1,3,0,0,5,15,4,20,0
YPNNVGYQ,56,7,6,46,4,7,28,5,2,20,4,7,28,2,4,26,0,0,3,0,0,3,0,0,33,30,3,63,0
W6EI9KBX,7,2,2,6,1,0,3,1,0,3,1,0,4,1,2,3,0,0,4,1,2,3,0,0,4,5,5,9,0
J4CAPOZQ,165,24,39,140,10,0,61,14,17,55,3,0,104,10,22,85,7,0,10,0,2,7,1,0,75,114,10,189,0
5QKCRAQ6,87,15,25,61,16,1,59,15,24,35,15,1,28,0,1,26,1,0,6,0,0,6,0,0,74,28,6,102,0
YCHGWOWS,37,2,11,26,2,2,9,1,4,6,0,1,28,1,7,20,2,1,4,0,0,3,1,0,10,29,4,39,0
EBDTRZFH,8,2,1,9,0,0,1,2,0,3,0,0,7,0,1,6,0,0,1,0,0,1,0,0,3,7,1,10,0
ENCRKXTC,31,0,2,29,0,1,11,0,1,10,0,1,20,0,1,19,0,0,6,0,1,5,0,0,11,20,6,31,1
M6C2WPJO,126,8,29,83,22,0,24,1,4,15,6,0,102,7,25,68,16,0,10,0,4,4,2,0,25,109,10,134,0
VYKRC7FL,8,0,0,8,0,0,0,0,0,0,0,0,8,0,0,8,0,0,2,0,0,2,0,0,0,8,2,8,0
SNKVS3VV,54,3,17,34,6,0,18,3,9,9,3,0,36,0,8,25,3,0,6,0,0,6,0,0,21,36,6,57,0
NYPZCQ9B,38,8,7,19,9,12,10,6,0,5,6,5,28,2,7,14,3,7,4,2,2,1,2,2,16,30,6,46,0
ECPYXACC,8,6,0,8,6,0,1,0,0,1,0,0,7,6,0,7,6,0,1,1,0,1,1,0,1,13,2,14,0
QHVREK3X,24,3,1,25,1,0,4,0,0,3,1,0,20,3,1,22,0,0,0,0,0,0,0,0,4,23,0,27,0
YKTSJZ1H,3,0,0,3,0,0,3,0,0,3,0,0,0,0,0,0,0,0,0,0,0,0,0,0,3,0,0,3,0
FBCFLEB8,29,3,3,24,5,0,4,0,0,4,0,0,25,3,3,20,5,0,3,0,0,3,0,0,4,28,3,32,0
PF9N3QDD,25,1,2,24,0,0,15,0,1,14,0,0,10,1,1,10,0,0,2,0,0,2,0,0,15,11,2,26,0
PHLLVJPB,7,3,2,7,1,0,7,2,2,6,1,0,0,1,0,1,0,0,0,0,0,0,0,0,9,1,0,10,0
JIYBKTG6,4,2,0,5,1,0,2,2,0,3,1,0,2,0,0,2,0,0,2,0,0,2,0,0,4,2,2,6,0
N9AQKY72,13,0,2,11,0,0,3,0,0,3,0,0,10,0,2,8,0,0,2,0,0,2,0,0,3,10,2,13,0
B8Y9UGS6,25,4,9,15,5,0,18,4,7,11,4,0,7,0,2,4,1,0,2,0,1,1,0,0,22,7,2,29,0
TLHIVF6U,14,1,4,11,0,0,4,1,3,2,0,0,10,0,1,9,0,0,3,0,0,3,0,0,5,10,3,15,0
LZFEYI8S,47,17,10,28,11,15,20,14,2,8,9,15,27,3,8,20,2,0,3,0,0,3,0,0,34,30,3,64,0
G9IRVLB3,4,0,1,3,0,0,2,0,0,2,0,0,2,0,1,1,0,0,0,0,0,0,0,0,2,2,0,4,0
YMBYMHHG,16,0,4,11,1,0,2,0,0,1,1,0,14,0,4,10,0,0,0,0,0,0,0,0,2,14,0,16,0
YLOFTVXG,40,2,3,34,5,0,16,0,3,13,0,0,24,2,0,21,5,0,3,0,0,3,0,0,16,26,3,42,0
TX6MCBJ5,36,4,8,28,4,0,9,0,2,7,0,0,27,4,6,21,4,0,3,0,2,1,0,0,9,31,3,40,0
OOIORYYZ,13,3,2,12,2,0,2,2,2,2,0,0,11,1,0,10,2,0,1,0,0,1,0,0,4,12,1,16,0
MA1QXLZR,9,6,6,9,0,0,7,0,2,5,0,0,2,6,4,4,0,0,1,0,1,0,0,0,7,8,1,15,0
IWVR7H1J,8,5,4,9,0,0,5,1,2,4,0,0,3,4,2,5,0,0,1,0,0,1,0,0,6,7,1,13,0
JLHYJID4,18,4,4,18,0,0,5,2,1,6,0,0,13,2,3,12,0,0,3,0,0,3,0,0,7,15,3,22,0
O42OZQUT,1,1,1,1,0,0,0,0,0,0,0,0,1,1,1,1,0,0,1,1,1,1,0,0,0,2,2,2,0
KB5RJJH2,1,1,0,2,0,0,1,1,0,2,0,0,0,0,0,0,0,0,0,0,0,0,0,0,2,0,0,2,0
GHZBQRU4,14,0,6,8,0,0,4,0,1,3,0,0,10,0,5,5,0,0,0,0,0,0,0,0,4,10,0,14,0
ORL7IOMY,40,1,14,27,0,0,5,1,4,2,0,0,35,0,10,25,0,0,6,0,1,5,0,0,6,35,6,41,0
GNCMFDCT,4,1,1,4,0,0,3,0,0,3,0,0,1,1,1,1,0,0,0,1,0,1,0,0,3,2,1,5,0
R3OAPJTZ,11,3,1,10,3,0,4,0,1,1,2,0,7,3,0,9,1,0,1,0,0,1,0,0,4,10,1,14,0
VI1DSN3K,1,0,0,1,0,0,0,0,0,0,0,0,1,0,0,1,0,0,0,0,0,0,0,0,0,1,0,1,0
JYK6IMH3,3,0,0,3,0,0,1,0,0,1,0,0,2,0,0,2,0,0,0,0,0,0,0,0,1,2,0,3,0
D4KGZMQP,32,6,3,28,7,0,21,5,2,19,5,0,11,1,1,9,2,0,1,0,0,1,0,0,26,12,1,38,0
KQ3DSMDA,8,3,2,6,3,0,0,0,0,0,0,0,8,3,2,6,3,0,0,0,0,0,0,0,0,11,0,11,0
QQMITIP5,0,1,1,0,0,0,0,1,1,0,0,0,0,0,0,0,0,0,0,0,0,0,0,0,1,0,0,1,0
CPV735EU,4,4,0,7,1,0,2,1,0,3,0,0,2,3,0,4,1,0,2,2,0,3,1,0,3,5,4,8,0
MFZFMDD7,73,16,2,77,10,0,48,9,2,50,5,0,25,7,0,27,5,0,0,0,0,0,0,0,57,32,0,89,0
VKEBLF3C,14,5,3,14,2,0,4,3,1,6,0,0,10,2,2,8,2,0,0,1,0,0,1,0,7,12,1,19,0
HDZSXMGT,95,14,20,75,8,7,61,8,17,43,6,4,34,6,3,32,2,3,8,0,0,8,0,0,69,40,8,109,0
WC6RKXTS,44,0,3,27,14,1,7,0,0,4,3,0,37,0,3,23,11,1,3,0,0,2,1,0,7,37,3,44,0
MAHFYZOS,3,0,1,2,0,0,1,0,0,1,0,0,2,0,1,1,0,0,0,0,0,0,0,0,1,2,0,3,0
BLD9YWW9,43,4,9,38,0,0,9,2,2,9,0,0,34,2,7,29,0,0,4,0,0,4,0,0,11,36,4,47,0
4NG2CNK4,27,2,3,23,2,1,8,2,1,8,1,0,19,0,2,15,1,1,7,0,0,7,0,0,10,19,7,29,0
THJ1LWHZ,0,3,0,3,0,0,0,2,0,2,0,0,0,1,0,1,0,0,0,0,0,0,0,0,2,1,0,3,0
M3ISJA8I,76,5,13,54,12,3,21,5,3,12,9,3,55,0,10,42,3,0,12,0,2,10,0,0,26,55,12,81,0
9KRTXNB4,95,9,19,77,5,2,36,8,9,28,4,2,59,1,10,49,1,0,9,0,2,7,0,0,44,60,9,104,0
WZIPTDAD,2,1,0,3,0,0,0,0,0,0,0,0,2,1,0,3,0,0,2,1,0,3,0,0,0,3,3,3,0
PUBQRL3A,6,4,2,7,1,0,3,1,1,3,0,0,3,3,1,4,1,0,0,0,0,0,0,0,4,6,0,10,0
VOAL2D8N,39,2,10,31,0,0,12,0,2,10,0,0,27,2,8,21,0,0,5,0,0,5,0,0,12,29,5,41,0
4DIZIWWA,32,1,7,24,2,0,11,0,4,6,1,0,21,1,3,18,1,0,3,0,0,3,0,0,11,22,3,33,0
AERH5LVV,100,29,26,61,26,16,76,26,21,43,22,16,24,3,5,18,4,0,3,0,0,3,0,0,102,27,3,129,0
QF5T9GOS,67,2,12,57,0,0,21,0,6,15,0,0,46,2,6,42,0,0,5,0,2,3,0,0,21,48,5,69,0
HKPXHFND,87,7,4,60,24,6,16,4,1,11,5,3,71,3,3,49,19,3,9,2,0,9,2,0,20,74,11,94,0
2IJYRFZT,25,7,9,20,3,0,14,4,5,13,0,0,11,3,4,7,3,0,3,0,1,1,1,0,18,14,3,32,0
8GHHDAL7,37,0,5,32,0,0,11,0,2,9,0,0,26,0,3,23,0,0,4,0,1,3,0,0,11,26,4,37,0
ZETO8UJM,1,0,0,1,0,0,1,0,0,1,0,0,0,0,0,0,0,0,0,0,0,0,0,0,1,0,0,1,0
BXLXCGFQ,25,5,3,21,1,5,4,0,0,3,1,0,21,5,3,18,0,5,3,0,0,3,0,0,4,26,3,30,0
6MNJEEPB,220,22,47,158,37,0,67,7,13,51,10,0,153,15,34,107,27,0,25,3,5,23,0,0,74,168,28,242,0
RHUWFRKQ,25,4,0,20,7,2,10,3,0,8,4,1,15,1,0,12,3,1,5,0,0,5,0,0,13,16,5,29,0
HMWI4MX1,40,3,6,20,6,11,19,0,4,6,2,7,21,3,2,14,4,4,4,0,0,3,1,0,19,24,4,43,0
6FVVU88K,132,16,21,112,14,1,66,13,16,54,8,1,66,3,5,58,6,0,16,1,1,15,1,0,79,69,17,148,0
ZXR6JFCO,39,2,8,33,0,0,7,0,0,7,0,0,32,2,8,26,0,0,8,1,1,8,0,0,7,34,9,41,0
TQNITLCA,49,1,14,36,0,1,9,1,2,8,0,0,40,0,12,28,0,1,6,0,1,5,0,0,10,40,6,50,0
AQ4IOGMW,22,0,2,19,1,0,2,0,0,2,0,0,20,0,2,17,1,0,2,0,0,2,0,0,2,20,2,22,0
E2LGLMKR,95,0,25,62,1,4,32,0,7,18,1,4,63,0,18,44,0,0,5,0,1,4,0,0,32,63,5,95,0
IX983FKH,7,0,1,6,0,0,6,0,1,5,0,0,1,0,0,1,0,0,0,0,0,0,0,0,6,1,0,7,0
82T2CDK2,15,2,1,14,2,0,5,0,0,4,1,0,10,2,1,10,1,0,0,0,0,0,0,0,5,12,0,17,0
UNIGEVAL,48,5,16,34,3,0,19,5,8,13,3,0,29,0,8,21,0,0,4,0,2,2,0,0,24,29,4,53,0
LKOZVVNR,15,0,1,14,0,0,7,0,0,7,0,0,8,0,1,7,0,0,0,0,0,0,0,0,7,8,0,15,0
EEXRNOEN,184,50,94,101,17,35,78,23,43,35,9,18,106,27,51,66,8,17,20,9,9,18,1,2,101,133,29,234,0
ZXKAFPDK,19,0,5,14,0,0,5,0,1,4,0,0,14,0,4,10,0,0,3,0,1,2,0,0,5,14,3,19,0
PJKB1VR2,65,5,16,49,5,0,17,4,4,14,3,0,48,1,12,35,2,0,11,0,3,8,0,0,21,49,11,70,0
1SWAPNHD,74,5,5,58,15,2,21,3,1,15,7,1,53,2,4,43,8,1,5,1,1,4,1,1,24,55,6,79,0
EBV8ZWJH,72,9,40,40,1,3,23,6,18,11,0,0,49,3,22,29,1,3,26,1,12,14,1,3,29,52,27,81,0
DFNTKT3B,65,20,12,52,19,2,52,20,11,41,18,2,13,0,1,11,1,0,3,0,1,2,0,0,72,13,3,85,0
OWAFJEP7,20,1,0,15,5,1,8,1,0,8,1,0,12,0,0,7,4,1,6,0,0,3,2,1,9,12,6,21,0
RDRAP7EA,20,1,8,13,0,0,10,1,2,9,0,0,10,0,6,4,0,0,3,0,3,0,0,0,11,10,3,21,0
SGX5HK2E,0,4,0,0,0,3,0,0,0,0,0,0,0,4,0,0,0,3,0,0,0,0,0,0,0,4,0,4,1
WZ56RFEC,17,1,9,9,0,0,9,1,4,6,0,0,8,0,5,3,0,0,1,0,1,0,0,0,10,8,1,18,0
BRURTG5F,87,2,8,71,10,0,36,2,1,30,7,0,51,0,7,41,3,0,11,0,1,9,1,0,38,51,11,89,0
JZWOYVUH,128,13,7,119,15,0,37,11,2,41,5,0,91,2,5,78,10,0,5,0,0,4,1,0,48,93,5,141,0
6VBHKSF8,104,10,19,79,13,4,44,2,9,30,5,3,60,8,10,49,8,1,12,8,6,9,4,1,46,68,20,114,0
6GLKPQZ1,3,0,0,2,0,0,2,0,0,1,0,0,1,0,0,1,0,0,0,0,0,0,0,0,2,1,0,3,0
IKPCIHTE,14,0,0,14,0,0,4,0,0,4,0,0,10,0,0,10,0,0,2,0,0,2,0,0,4,10,2,14,0
8TOFJXVU,85,29,18,80,11,5,49,23,11,54,7,0,36,6,7,26,4,5,5,0,1,4,0,0,72,42,5,114,0
DLS9W9NL,89,8,24,63,9,2,24,5,7,18,3,2,65,3,17,45,6,0,7,0,3,4,0,0,29,68,7,97,0
JLSUCEES,2,0,0,2,0,0,0,0,0,0,0,0,2,0,0,2,0,0,2,0,0,2,0,0,0,2,2,2,0
4KUJTUKU,9,0,1,8,0,0,3,0,1,2,0,0,6,0,0,6,0,0,0,0,0,0,0,0,3,6,0,9,0
FNNDRNUZ,36,1,11,26,0,0,3,1,2,2,0,0,33,0,9,24,0,0,8,0,3,5,0,0,4,33,8,37,0
C6SYA1WC,117,19,21,77,30,9,53,12,9,38,13,5,64,7,12,39,17,4,12,0,1,11,0,0,65,71,12,136,0
KX5HZU9K,16,0,2,12,2,1,5,0,2,3,0,1,11,0,0,9,2,0,4,0,0,2,2,0,5,11,4,16,0
IKBUN9QA,24,20,0,22,14,8,19,20,0,20,11,8,5,0,0,2,3,0,0,0,0,0,0,0,39,5,0,44,0
ACFIRAKI,56,3,3,51,5,0,26,3,2,23,4,0,30,0,1,28,1,0,0,0,0,0,0,0,29,30,0,59,0
PGRQ1CRJ,106,17,21,89,13,5,40,10,17,30,3,5,66,7,4,59,10,0,25,0,1,24,0,0,50,73,25,123,0
EKK2TJRU,5,2,4,2,0,1,1,0,0,1,0,0,4,2,4,1,0,1,0,1,0,0,0,1,1,6,1,7,0
NCE5ETZE,1,1,0,2,0,0,0,1,0,1,0,0,1,0,0,1,0,0,0,0,0,0,0,0,1,1,0,2,0
5SGNWMFW,4,0,1,2,1,0,1,0,0,0,1,0,3,0,1,2,0,0,0,0,0,0,0,0,1,3,0,4,0
SBOGNKBU,1,0,0,1,0,0,0,0,0,0,0,0,1,0,0,1,0,0,0,0,0,0,0,0,0,1,0,1,0
1HOJPQFU,42,1,20,16,0,4,12,1,6,6,0,0,30,0,14,10,0,4,9,0,3,4,0,0,13,30,9,43,0
YSTDZVLM,8,5,1,9,3,0,5,4,1,6,2,0,3,1,0,3,1,0,0,0,0,0,0,0,9,4,0,13,0
IOVULSAJ,116,53,35,85,37,12,31,17,15,27,5,1,85,36,20,58,32,11,10,0,6,2,2,0,48,121,10,169,0
PUJWTXHG,7,1,3,5,0,0,1,1,0,2,0,0,6,0,3,3,0,0,1,0,1,0,0,0,2,6,1,8,0
J11AVOYF,19,1,3,15,2,0,11,0,2,8,1,0,8,1,1,7,1,0,1,0,0,0,1,0,11,9,1,20,0
ZCBBIVVW,126,14,40,94,6,2,51,13,14,46,4,0,75,1,26,48,2,2,15,0,4,10,1,1,64,76,15,140,0
OXJYTJGC,24,1,0,15,7,3,13,1,0,10,4,0,11,0,0,5,3,3,0,0,0,0,0,0,14,11,0,25,0
ZTMGIXGZ,34,2,5,30,0,1,6,0,0,6,0,0,28,2,5,24,0,1,7,0,2,5,0,0,6,30,7,36,0
FNPOFXSL,16,4,2,18,0,0,8,2,2,8,0,0,8,2,0,10,0,0,2,0,0,2,0,0,10,10,2,20,0
ALAQ6NOS,250,31,39,193,48,2,118,12,19,82,29,1,132,19,20,111,19,1,35,4,3,31,4,1,130,151,39,281,0
ZOZAAEHW,141,25,50,107,9,2,58,20,24,49,5,1,83,5,26,58,4,1,20,1,5,16,0,1,78,88,21,166,0
EPJAKYD3,35,6,9,30,2,0,5,1,2,4,0,0,30,5,7,26,2,0,2,0,1,1,0,0,6,35,2,41,0
KPKZV73R,61,7,10,52,6,0,11,4,3,11,1,0,50,3,7,41,5,0,4,1,2,3,0,0,15,53,5,68,0
IEJ4BHVA,27,0,6,21,0,0,5,0,2,3,0,0,22,0,4,18,0,0,3,0,1,2,0,0,5,22,3,27,0
JGWO93ZL,37,4,10,29,2,0,15,4,4,13,2,0,22,0,6,16,0,0,4,0,1,3,0,0,19,22,4,41,0
GQZMDFAK,10,3,4,9,0,1,8,2,4,6,0,1,2,1,0,3,0,0,0,0,0,0,0,0,10,3,0,13,0
GJPVUER8,11,1,2,9,1,0,8,1,2,6,1,0,3,0,0,3,0,0,0,0,0,0,0,0,9,3,0,12,0
HCRSG5VQ,42,3,4,41,0,0,12,1,0,13,0,0,30,2,4,28,0,0,7,0,3,4,0,0,13,32,7,45,0
RBNLJPOM,98,0,24,71,3,1,26,0,5,21,0,0,72,0,19,50,3,1,14,0,4,10,0,1,26,72,14,98,0
HHFYNEGG,97,5,24,68,10,0,33,5,7,24,7,0,64,0,17,44,3,0,10,0,2,8,0,0,38,64,10,102,0
DPRAIEZ6,65,20,9,59,15,2,34,20,5,33,14,2,31,0,4,26,1,0,2,0,0,2,0,0,54,31,2,85,0
5YZORGHN,69,3,10,46,16,0,14,0,2,7,5,0,55,3,8,39,11,0,9,3,3,7,2,0,14,58,12,72,0
I6JBA7FK,98,10,15,77,16,0,28,3,1,26,4,0,70,7,14,51,12,0,15,0,5,10,0,0,31,77,15,108,1
WAKT9AVE,25,1,5,21,0,0,6,1,3,4,0,0,19,0,2,17,0,0,2,0,0,2,0,0,7,19,2,26,0
ZYIAQMJ6,52,1,16,37,0,0,15,1,6,10,0,0,37,0,10,27,0,0,13,0,6,7,0,0,16,37,13,53,0
F7MD4BIE,6,0,1,5,0,0,1,0,0,1,0,0,5,0,1,4,0,0,0,0,0,0,0,0,1,5,0,6,1
LMDF5AOL,15,2,3,13,1,0,3,0,1,1,1,0,12,2,2,12,0,0,2,0,0,2,0,0,3,14,2,17,0
2MU7A3ND,68,3,16,54,1,1,19,2,7,14,0,1,49,1,9,40,1,0,5,1,0,6,0,0,21,50,6,71,0
VBLCUJY8,204,4,31,127,50,3,102,4,24,57,25,3,102,0,7,70,25,0,1,0,1,0,0,0,106,102,1,208,0
FONSQNYR,14,0,6,8,0,1,3,0,1,2,0,0,11,0,5,6,0,1,0,0,0,0,0,0,3,11,0,14,0
FANPG4IH,39,0,16,23,0,0,10,0,4,6,0,0,29,0,12,17,0,0,4,0,1,3,0,0,10,29,4,39,0
BMPVDDWB,33,5,6,27,5,0,25,3,3,21,4,0,8,2,3,6,1,0,3,0,1,2,0,0,28,10,3,38,0
UBEEOLXM,0,1,0,1,0,0,0,1,0,1,0,0,0,0,0,0,0,0,0,0,0,0,0,0,1,0,0,1,0
UWPLZBPH,8,2,1,7,1,1,3,2,0,4,0,1,5,0,1,3,1,0,3,0,1,2,0,0,5,5,3,10,1
HD9EEVVE,9,0,3,6,0,0,1,0,0,1,0,0,8,0,3,5,0,0,2,0,0,2,0,0,1,8,2,9,0
JVCOF3PF,15,0,3,10,2,0,1,0,0,1,0,0,14,0,3,9,2,0,0,0,0,0,0,0,1,14,0,15,0
CEZR7SHP,12,0,0,7,5,0,3,0,0,1,2,0,9,0,0,6,3,0,2,0,0,2,0,0,3,9,2,12,0
GJY7IPEO,32,2,8,24,2,0,3,0,1,2,0,0,29,2,7,22,2,0,6,0,2,4,0,0,3,31,6,34,0
9VYCDBWA,63,4,5,59,3,0,15,0,1,14,0,0,48,4,4,45,3,0,21,4,2,20,3,0,15,52,25,67,0
E8DA2BLW,32,0,2,27,3,0,6,0,0,6,0,0,26,0,2,21,3,0,0,0,0,0,0,0,6,26,0,32,0
GBO98YPV,27,1,9,19,0,0,10,1,3,8,0,0,17,0,6,11,0,0,3,0,1,2,0,0,11,17,3,28,0
1ACMVJRQ,42,0,11,30,0,1,8,0,4,4,0,0,34,0,7,26,0,1,9,0,2,7,0,0,8,34,9,42,0
4GV5XKQY,30,2,6,23,3,0,10,1,1,9,1,0,20,1,5,14,2,0,3,0,1,2,0,0,11,21,3,32,0
D6ANIA5G,6,6,1,3,1,7,1,0,0,1,0,0,5,6,1,2,1,7,1,4,1,0,1,3,1,11,5,12,0
ETLEXI6W,88,19,11,68,23,5,42,12,1,34,14,5,46,7,10,34,9,0,1,0,0,1,0,0,54,53,1,107,0
BKHI848X,22,0,2,19,1,0,3,0,0,2,1,0,19,0,2,17,0,0,0,0,0,0,0,0,3,19,0,22,0
MNA8HGYB,2,1,0,1,2,0,1,1,0,1,1,0,1,0,0,0,1,0,0,0,0,0,0,0,2,1,0,3,0
PKQYCF7U,11,0,3,8,0,0,5,0,0,5,0,0,6,0,3,3,0,0,2,0,2,0,0,0,5,6,2,11,0
BPU51CHI,59,2,16,36,3,6,17,2,5,9,2,3,42,0,11,27,1,3,6,0,2,4,0,0,19,42,6,61,0
KWYOVH7K,2,0,0,2,0,0,0,0,0,0,0,0,2,0,0,2,0,0,0,0,0,0,0,0,0,2,0,2,1
HXXIXP1X,5,0,1,4,0,0,0,0,0,0,0,0,5,0,1,4,0,0,1,0,0,1,0,0,0,5,1,5,0
OURF41CB,7,1,3,5,0,0,5,1,2,4,0,0,2,0,1,1,0,0,0,0,0,0,0,0,6,2,0,8,0
NFTMYVQH,46,7,10,41,2,0,10,5,1,14,0,0,36,2,9,27,2,0,5,0,2,2,1,0,15,38,5,53,0
HAXKGRFJ,48,1,10,37,1,1,11,0,2,9,0,0,37,1,8,28,1,1,6,0,1,5,0,0,11,38,6,49,0
CJP2PXRE,97,6,15,76,12,0,51,6,9,39,9,0,46,0,6,37,3,0,5,0,0,5,0,0,57,46,5,103,0
ZBFTZEWF,158,16,12,116,23,22,38,5,0,39,4,0,120,11,12,77,19,22,9,0,3,5,1,0,43,131,9,174,1
APFTCIVX,51,3,7,47,0,0,16,1,3,14,0,0,35,2,4,33,0,0,4,0,0,4,0,0,17,37,4,54,0
HLOPKG85,74,11,19,48,7,10,19,0,3,12,1,2,55,11,16,36,6,8,15,9,9,7,2,6,19,66,24,85,0
SCKAXO6H,6,0,1,3,2,0,4,0,1,1,2,0,2,0,0,2,0,0,0,0,0,0,0,0,4,2,0,6,0
X4YOXPFW,7,4,0,10,1,0,2,1,0,3,0,0,5,3,0,7,1,0,0,0,0,0,0,0,3,8,0,11,0
YUE2A3AF,6,0,1,4,1,0,0,0,0,0,0,0,6,0,1,4,1,0,1,0,0,1,0,0,0,6,1,6,0
XRE7K1ZM,25,6,1,24,6,0,11,2,1,8,4,0,14,4,0,16,2,0,2,0,0,1,1,0,13,18,2,31,0
GEAHUE4R,19,1,4,16,0,0,5,1,3,3,0,0,14,0,1,13,0,0,3,0,0,3,0,0,6,14,3,20,0
LVQ7FGEK,10,0,1,9,0,0,0,0,0,0,0,0,10,0,1,9,0,0,9,0,0,9,0,0,0,10,9,10,0
EKYFEVRK,33,2,7,27,1,0,5,0,1,4,0,0,28,2,6,23,1,0,1,0,0,1,0,0,5,30,1,35,0
HSIDFQIN,8,0,2,6,0,0,4,0,2,2,0,0,4,0,0,4,0,0,1,0,0,1,0,0,4,4,1,8,0
T2HXHFSR,66,7,13,54,6,0,29,6,6,25,4,0,37,1,7,29,2,0,3,0,0,3,0,0,35,38,3,73,0
JTIYCLQN,122,20,20,91,24,8,22,6,7,20,0,2,100,14,13,71,24,6,4,2,0,4,2,0,28,114,6,142,0
FIJFJFV8,64,8,5,45,10,12,30,6,2,26,4,4,34,2,3,19,6,8,0,0,0,0,0,0,36,36,0,72,0
ICVB6E6Z,53,16,6,46,13,4,12,4,1,12,3,0,41,12,5,34,10,4,11,7,2,10,2,4,16,53,18,69,0
H6IPJBLF,38,1,8,31,0,0,5,0,0,5,0,0,33,1,8,26,0,0,7,0,2,5,0,0,5,34,7,39,0
ZJGXSK9R,30,0,3,27,0,0,9,0,1,8,0,0,21,0,2,19,0,0,1,0,0,1,0,0,9,21,1,30,0
VRKLARHN,56,0,18,38,0,0,13,0,4,9,0,0,43,0,14,29,0,0,9,0,5,4,0,0,13,43,9,56,0
NBYAZNKY,23,7,3,25,2,0,6,1,0,7,0,0,17,6,3,18,2,0,4,1,1,4,0,0,7,23,5,30,0
7JMHQKTC,37,12,7,30,8,4,19,7,3,12,8,3,18,5,4,18,0,1,2,0,1,1,0,0,26,23,2,49,0
TIBHGP1Y,8,0,1,7,0,0,4,0,1,3,0,0,4,0,0,4,0,0,0,0,0,0,0,0,4,4,0,8,0
DOS45MCF,17,3,3,15,2,0,9,0,3,6,0,0,8,3,0,9,2,0,0,0,0,0,0,0,9,11,0,20,0
ZODDCFWG,102,19,5,34,40,42,15,8,1,9,4,9,87,11,4,25,36,33,31,4,1,6,10,18,23,98,35,121,0
7LVJ8BNI,10,2,4,7,1,0,2,0,1,1,0,0,8,2,3,6,1,0,1,2,0,3,0,0,2,10,3,12,0
ZYHZUOSU,34,1,3,32,0,0,10,0,0,10,0,0,24,1,3,22,0,0,4,0,1,3,0,0,10,25,4,35,0
OYTN5Q1D,49,6,3,27,25,0,8,2,0,4,6,0,41,4,3,23,19,0,8,0,2,3,3,0,10,45,8,55,0
XMYGO7ZZ,64,3,15,43,4,5,29,3,6,19,4,3,35,0,9,24,0,2,5,0,0,5,0,0,32,35,5,67,0
ZGD6EOCO,9,1,1,9,0,0,5,1,0,6,0,0,4,0,1,3,0,0,2,0,1,1,0,0,6,4,2,10,0
2HFQRKZX,5,1,1,5,0,0,2,0,1,1,0,0,3,1,0,4,0,0,0,0,0,0,0,0,2,4,0,6,0
FJGGPGYH,33,0,7,26,0,0,5,0,3,2,0,0,28,0,4,24,0,0,8,0,0,8,0,0,5,28,8,33,0
ZGUSOBCO,5,0,0,5,0,0,1,0,0,1,0,0,4,0,0,4,0,0,1,0,0,1,0,0,1,4,1,5,0
9DSEYHNE,40,6,12,34,0,0,9,0,3,6,0,0,31,6,9,28,0,0,6,1,0,7,0,0,9,37,7,46,0
CHO6J1OR,72,0,29,43,0,0,14,0,5,9,0,0,58,0,24,34,0,0,9,0,4,5,0,0,14,58,9,72,0
TI2CTXVY,44,2,6,40,0,0,15,0,2,13,0,0,29,2,4,27,0,0,7,0,0,7,0,0,15,31,7,46,0
AWG3WRRR,6,0,2,4,0,0,2,0,0,2,0,0,4,0,2,2,0,0,0,0,0,0,0,0,2,4,0,6,0
JVZEWDEL,26,2,6,21,0,1,2,0,0,2,0,0,24,2,6,19,0,1,8,1,2,6,0,1,2,26,9,28,1
CJUGDREG,124,11,39,84,12,0,55,11,22,33,11,0,69,0,17,51,1,0,8,0,1,7,0,0,66,69,8,135,0
KEPDQ4TC,33,2,7,27,1,0,12,2,2,12,0,0,21,0,5,15,1,0,2,0,0,2,0,0,14,21,2,35,0
LPLJQQ1T,50,0,12,38,0,0,7,0,1,6,0,0,43,0,11,32,0,0,4,0,0,4,0,0,7,43,4,50,0
LOEKPG6R,40,0,9,30,1,0,13,0,2,11,0,0,27,0,7,19,1,0,4,0,1,3,0,0,13,27,4,40,0
EMJJXEYR,97,9,20,53,25,8,20,2,4,6,5,7,77,7,16,47,20,1,42,5,8,31,7,1,22,84,47,106,0
WHUMKSLM,36,2,15,22,1,1,10,2,7,5,0,1,26,0,8,17,1,0,4,0,1,3,0,0,12,26,4,38,0
QQNGQJCT,44,0,17,24,3,0,20,0,9,9,2,0,24,0,8,15,1,0,2,0,0,2,0,0,20,24,2,44,0
5UJS6I8F,100,3,33,70,0,3,15,1,7,9,0,1,85,2,26,61,0,2,17,1,3,15,0,0,16,87,18,103,0
SEIWH8BB,19,0,1,17,1,0,10,0,0,9,1,0,9,0,1,8,0,0,0,0,0,0,0,0,10,9,0,19,0
HIXCZBSK,62,2,16,45,2,1,23,2,4,21,0,0,39,0,12,24,2,1,1,0,0,1,0,0,25,39,1,64,0
BC6ESX99,35,0,7,26,2,0,10,0,3,7,0,0,25,0,4,19,2,0,2,0,0,2,0,0,10,25,2,35,0
H6K67UYF,21,0,1,20,0,0,6,0,1,5,0,0,15,0,0,15,0,0,0,0,0,0,0,0,6,15,0,21,0
EPWQMSKN,18,1,7,8,4,0,2,1,0,2,1,0,16,0,7,6,3,0,3,0,3,0,0,0,3,16,3,19,0
EMLC4AYN,23,0,3,15,2,3,2,0,0,2,0,0,21,0,3,13,2,3,11,0,2,7,2,0,2,21,11,23,0
YMYWITRF,36,0,9,27,0,0,7,0,2,5,0,0,29,0,7,22,0,0,8,0,2,6,0,0,7,29,8,36,0
DNLHTPZU,62,0,12,47,3,2,13,0,2,11,0,0,49,0,10,36,3,2,1,0,1,0,0,0,13,49,1,62,0
G4EVAHZW,54,5,3,50,3,3,14,0,0,10,1,3,40,5,3,40,2,0,2,3,0,5,0,0,14,45,5,59,0
JNZTDO22,46,2,6,35,5,2,17,2,1,13,3,2,29,0,5,22,2,0,6,0,0,6,0,0,19,29,6,48,0
JORGZMKT,23,1,9,15,0,0,8,0,3,5,0,0,15,1,6,10,0,0,2,0,0,2,0,0,8,16,2,24,0
3QQTLGPY,33,5,4,23,6,5,10,2,0,10,2,0,23,3,4,13,4,5,4,3,1,5,1,0,12,26,7,38,0
YRIMUZUA,4,3,1,5,1,0,0,1,1,0,0,0,4,2,0,5,1,0,0,0,0,0,0,0,1,6,0,7,0
HFE7S8HD,19,0,7,12,0,0,2,0,1,1,0,0,17,0,6,11,0,0,5,0,1,4,0,0,2,17,5,19,0
G7WGRFJI,59,5,13,43,4,4,10,3,2,11,0,0,49,2,11,32,4,4,11,2,2,8,2,1,13,51,13,64,0
ODXY9L77,18,1,11,8,0,0,4,0,2,2,0,0,14,1,9,6,0,0,3,0,2,1,0,0,4,15,3,19,0
DNSJARPU,12,0,0,12,0,0,0,0,0,0,0,0,12,0,0,12,0,0,0,0,0,0,0,0,0,12,0,12,0
A2AZFG8D,61,2,14,46,3,0,24,1,4,18,3,0,37,1,10,28,0,0,4,0,1,3,0,0,25,38,4,63,0
ZHMGUKMY,10,6,2,14,0,0,6,2,0,8,0,0,4,4,2,6,0,0,0,0,0,0,0,0,8,8,0,16,0
GRWHJBMC,13,4,2,10,3,2,5,1,0,5,0,1,8,3,2,5,3,1,2,0,0,2,0,0,6,11,2,17,0
QZLMB1UM,18,1,6,11,2,0,6,1,0,5,2,0,12,0,6,6,0,0,0,0,0,0,0,0,7,12,0,19,0
E7O4ESJT,34,0,11,23,0,0,16,0,6,10,0,0,18,0,5,13,0,0,1,0,0,1,0,0,16,18,1,34,0
ANIDVWPI,5,0,3,1,1,0,1,0,0,0,1,0,4,0,3,1,0,0,0,0,0,0,0,0,1,4,0,5,0
CJ1GXCMV,71,2,31,38,4,2,24,0,12,12,0,1,47,2,19,26,4,1,6,0,2,3,1,0,24,49,6,73,0
LCRAIHBK,75,16,7,73,11,0,26,12,3,32,3,0,49,4,4,41,8,0,8,0,2,6,0,0,38,53,8,91,0
7PIB3ZQE,11,1,3,9,0,0,2,1,1,2,0,0,9,0,2,7,0,0,2,0,1,1,0,0,3,9,2,12,0
IGTXDHLC,1,0,1,0,0,0,0,0,0,0,0,0,1,0,1,0,0,0,1,0,1,0,0,0,0,1,1,1,0
VNWGKU6U,1,0,1,0,0,0,0,0,0,0,0,0,1,0,1,0,0,0,1,0,1,0,0,0,0,1,1,1,0
SDVKTPCS,50,3,15,35,3,0,23,1,8,15,1,0,27,2,7,20,2,0,3,0,0,2,1,0,24,29,3,53,0
53WRQWRM,32,1,7,24,2,0,12,1,2,9,2,0,20,0,5,15,0,0,4,0,1,3,0,0,13,20,4,33,0
B3OAXKMP,85,6,34,54,3,0,16,3,6,13,0,0,69,3,28,41,3,0,18,1,8,11,0,0,19,72,19,91,1
2SAIQFXW,174,28,37,102,52,11,75,11,16,37,23,10,99,17,21,65,29,1,15,0,4,8,3,0,86,116,15,202,0
UYYNKXK6,25,5,0,15,4,11,19,5,0,10,4,10,6,0,0,5,0,1,1,0,0,1,0,0,24,6,1,30,0
DSP6SWMU,51,1,4,37,9,2,20,1,0,14,7,0,31,0,4,23,2,2,5,0,0,5,0,0,21,31,5,52,0
UOQQVDN2,89,25,22,68,23,2,36,6,8,24,10,0,53,19,14,44,13,2,1,0,0,1,0,0,42,72,1,114,0
R2IDABIV,118,9,33,90,4,0,43,5,16,29,3,0,75,4,17,61,1,0,18,0,7,10,1,0,48,79,18,127,0
ENQCCFY1,106,17,32,89,2,0,29,10,13,25,1,0,77,7,19,64,1,0,6,0,2,4,0,0,39,84,6,123,0
HOMT8NC6,0,3,0,2,1,0,0,0,0,0,0,0,0,3,0,2,1,0,0,0,0,0,0,0,0,3,0,3,0
JCXQNTJ2,16,1,6,10,0,1,5,0,1,3,0,1,11,1,5,7,0,0,3,0,1,2,0,0,5,12,3,17,0
SQQNAZ76,43,0,9,34,0,0,9,0,3,6,0,0,34,0,6,28,0,0,3,0,0,3,0,0,9,34,3,43,0
ZMM269DT,18,0,2,13,3,0,2,0,0,0,2,0,16,0,2,13,1,0,2,0,0,2,0,0,2,16,2,18,0
BUQS8ROW,1,0,1,0,0,0,0,0,0,0,0,0,1,0,1,0,0,0,1,0,1,0,0,0,0,1,1,1,0
GZYFXYAA,55,1,26,30,0,1,11,0,6,5,0,0,44,1,20,25,0,1,6,0,3,3,0,0,11,45,6,56,0
RMKEFAGW,79,28,15,69,23,0,29,9,6,23,9,0,50,19,9,46,14,0,9,3,0,9,3,0,38,69,12,107,0
82NFRDPW,16,0,9,7,0,0,2,0,1,1,0,0,14,0,8,6,0,0,4,0,2,2,0,0,2,14,4,16,1
EH1FSIBC,57,0,11,45,1,0,15,0,5,9,1,0,42,0,6,36,0,0,4,0,0,4,0,0,15,42,4,57,0
QW47JYEC,27,5,5,22,5,0,6,2,3,5,0,0,21,3,2,17,5,0,1,0,0,1,0,0,8,24,1,32,0
3IUHVCLH,52,6,5,39,9,5,17,1,2,14,2,0,35,5,3,25,7,5,13,3,2,7,4,3,18,40,16,58,0
E6GRFPSX,10,0,2,8,0,0,0,0,0,0,0,0,10,0,2,8,0,0,3,0,1,2,0,0,0,10,3,10,0
YT6JVFO8,57,9,7,41,13,5,30,5,0,19,11,5,27,4,7,22,2,0,5,0,2,3,0,0,35,31,5,66,0
KR1ZSHAY,34,1,2,32,1,0,13,1,0,14,0,0,21,0,2,18,1,0,5,0,1,4,0,0,14,21,5,35,0
XHOL3ZJK,29,10,21,18,0,0,9,3,7,5,0,0,20,7,14,13,0,0,1,0,1,0,0,0,12,27,1,39,0
WDN5XTIF,10,0,5,4,0,1,7,0,5,2,0,0,3,0,0,2,0,1,0,0,0,0,0,0,7,3,0,10,0
TPICBCBQ,47,6,11,42,0,2,9,0,2,7,0,0,38,6,9,35,0,2,10,4,3,11,0,0,9,44,14,53,0
KCNEBDYF,60,1,8,49,4,0,12,0,2,10,0,0,48,1,6,39,4,0,7,0,1,5,1,0,12,49,7,61,0
OQDVH8TO,24,1,6,19,0,0,12,1,3,10,0,0,12,0,3,9,0,0,3,0,0,3,0,0,13,12,3,25,0
UDTTSS2N,18,1,4,13,1,1,8,1,1,6,1,1,10,0,3,7,0,0,3,0,1,2,0,0,9,10,3,19,0
3VIQUFX8,3,2,2,0,3,0,2,0,2,0,0,0,1,2,0,0,3,0,0,0,0,0,0,0,2,3,0,5,0
WYI56TFO,22,1,5,15,0,3,8,1,3,6,0,0,14,0,2,9,0,3,3,0,2,1,0,0,9,14,3,23,0
SDXIECAV,14,6,1,6,2,11,11,5,0,3,2,11,3,1,1,3,0,0,0,0,0,0,0,0,16,4,0,20,0
RK77X1FE,23,0,6,14,3,0,10,0,2,6,2,0,13,0,4,8,1,0,2,0,0,2,0,0,10,13,2,23,0
Q7VX1IXR,48,0,20,27,1,1,10,0,4,5,1,0,38,0,16,22,0,1,5,0,2,3,0,0,10,38,5,48,0
VSK9CGWQ,24,0,9,11,3,1,10,0,3,3,3,1,14,0,6,8,0,0,2,0,1,1,0,0,10,14,2,24,1
V15OY8EL,13,0,4,9,0,0,3,0,2,1,0,0,10,0,2,8,0,0,1,0,0,1,0,0,3,10,1,13,1
NXE12J6X,48,2,5,35,10,0,9,0,2,6,1,0,39,2,3,29,9,0,13,2,2,10,3,0,9,41,15,50,0
FNW9TLDK,54,7,9,44,8,1,23,7,3,20,7,0,31,0,6,24,1,1,7,0,0,7,0,0,30,31,7,61,0
DSTUU8Y4,10,0,2,8,0,0,3,0,0,3,0,0,7,0,2,5,0,0,2,0,0,2,0,0,3,7,2,10,0
BLTG5UVV,19,0,4,15,0,0,3,0,1,2,0,0,16,0,3,13,0,0,1,0,0,1,0,0,3,16,1,19,0
DKC1JRA1,60,20,1,30,40,9,3,0,0,2,1,0,57,20,1,28,39,9,51,20,0,24,38,9,3,77,71,80,0
IXAHGGXY,5,0,1,4,0,0,1,0,0,1,0,0,4,0,1,3,0,0,1,0,1,0,0,0,1,4,1,5,0
JSXLPFGS,14,2,7,9,0,0,7,2,3,6,0,0,7,0,4,3,0,0,1,0,1,0,0,0,9,7,1,16,0
RDYRIRRG,3,0,2,1,0,0,0,0,0,0,0,0,3,0,2,1,0,0,0,0,0,0,0,0,0,3,0,3,0
XASK63WH,37,1,8,30,0,0,4,0,0,4,0,0,33,1,8,26,0,0,6,0,1,5,0,0,4,34,6,38,0
JJOSJXSH,52,2,23,31,0,0,16,1,11,6,0,0,36,1,12,25,0,0,1,0,0,1,0,0,17,37,1,54,0
EU7WNCP4,30,0,10,18,0,0,9,0,4,3,0,0,21,0,6,15,0,0,6,0,2,4,0,0,9,21,6,30,0
Q1MEKJIZ,123,7,45,85,0,4,50,2,14,38,0,2,73,5,31,47,0,2,12,0,3,9,0,0,52,78,12,130,0
UEJFOJQA,126,9,38,88,9,3,52,3,16,35,4,3,74,6,22,53,5,0,10,0,1,9,0,0,55,80,10,135,0
GGCOP1IW,42,3,6,8,11,20,0,0,0,0,0,0,42,3,6,8,11,20,0,0,0,0,0,0,0,45,0,45,0
PMUD7VA2,8,0,0,8,0,0,4,0,0,4,0,0,4,0,0,4,0,0,0,0,0,0,0,0,4,4,0,8,0
2SX7PTQP,23,1,3,21,0,0,4,1,1,4,0,0,19,0,2,17,0,0,1,0,0,1,0,0,5,19,1,24,0
ZTICUECP,8,3,1,8,2,0,3,3,0,5,1,0,5,0,1,3,1,0,1,0,0,1,0,0,6,5,1,11,0
ADSG5JYG,51,14,22,42,1,1,25,9,12,21,1,1,26,5,10,21,0,0,0,0,0,0,0,0,34,31,0,65,0
OZLN5DJK,4,0,1,3,0,0,2,0,1,1,0,0,2,0,0,2,0,0,1,0,0,1,0,0,2,2,1,4,0
3RXBFIX5,7,0,1,3,3,0,6,0,1,2,3,0,1,0,0,1,0,0,0,0,0,0,0,0,6,1,0,7,0
BFJNILBK,9,0,4,5,0,0,3,0,3,0,0,0,6,0,1,5,0,0,1,0,0,1,0,0,3,6,1,9,0
SJBKAFLL,29,2,5,14,1,11,14,2,1,3,1,11,15,0,4,11,0,0,0,0,0,0,0,0,16,15,0,31,0
O82K42DH,21,8,8,17,4,0,13,7,6,11,3,0,8,1,2,6,1,0,1,1,1,1,0,0,20,9,2,29,0
B99DEUXC,31,2,10,21,2,0,13,1,3,10,1,0,18,1,7,11,1,0,3,0,0,3,0,0,14,19,3,33,0
AP2X4G4L,145,22,8,95,39,25,53,8,1,36,14,10,92,14,7,59,25,15,7,0,0,7,0,0,61,106,7,167,0
NLOY1B9F,43,4,13,32,2,1,16,3,6,12,1,1,27,1,7,20,1,0,6,1,2,5,0,0,19,28,7,47,0
IQFBOCKG,57,4,16,45,0,0,17,3,4,16,0,0,40,1,12,29,0,0,5,0,2,3,0,0,20,41,5,61,0
RHRXSXTC,65,2,10,53,3,3,28,0,7,18,2,2,37,2,3,35,1,1,4,0,0,4,0,0,28,39,4,67,0
GCF8PT72,23,1,7,12,3,3,8,1,3,2,2,2,15,0,4,10,1,1,4,0,0,4,0,0,9,15,4,24,0
OP3EBDYJ,29,5,9,18,0,5,9,3,6,6,0,1,20,2,3,12,0,4,3,0,1,2,0,0,12,22,3,34,0
CU5SAFRZ,34,6,0,23,17,0,17,2,0,12,7,0,17,4,0,11,10,0,2,0,0,2,0,0,19,21,2,40,0
DMMAKULI,35,6,17,24,0,0,5,1,3,3,0,0,30,5,14,21,0,0,1,1,0,2,0,0,6,35,2,41,0
OFGMQPKZ,17,5,8,11,3,0,7,2,2,5,2,0,10,3,6,6,1,0,0,0,0,0,0,0,9,13,0,22,0
CJHHM7PC,51,8,16,34,7,2,13,3,6,8,2,0,38,5,10,26,5,2,12,0,2,4,4,2,16,43,12,59,0
QATV1ACG,38,1,2,34,3,0,7,1,2,6,0,0,31,0,0,28,3,0,3,0,0,3,0,0,8,31,3,39,0
HCILJAEM,60,16,16,55,5,0,19,7,7,17,2,0,41,9,9,38,3,0,4,0,0,4,0,0,26,50,4,76,0
GJHRAHBM,79,11,8,66,15,2,31,6,5,22,9,2,48,5,3,44,6,0,0,1,0,1,0,0,37,53,1,90,0
AGVWZHBU,29,0,13,16,0,1,4,0,2,2,0,0,25,0,11,14,0,1,0,0,0,0,0,0,4,25,0,29,0
FBF2BKVU,35,8,8,26,9,0,27,7,8,18,8,0,8,1,0,8,1,0,0,0,0,0,0,0,34,9,0,43,0
VAELWNF6,38,2,8,31,0,1,5,1,2,4,0,0,33,1,6,27,0,1,9,0,1,7,0,1,6,34,9,40,0
8AJAWCGV,44,2,7,38,1,0,12,1,1,11,1,0,32,1,6,27,0,0,2,0,0,2,0,0,13,33,2,46,0
J56NXFBV,1,0,0,1,0,0,0,0,0,0,0,0,1,0,0,1,0,0,1,0,0,1,0,0,0,1,1,1,0
SIW5KLWU,11,1,2,10,0,0,4,0,1,3,0,0,7,1,1,7,0,0,1,0,0,1,0,0,4,8,1,12,0
7OHR5RDU,2,0,0,2,0,0,0,0,0,0,0,0,2,0,0,2,0,0,0,0,0,0,0,0,0,2,0,2,0
QEVINCMU,15,0,2,13,0,0,3,0,2,1,0,0,12,0,0,12,0,0,2,0,0,2,0,0,3,12,2,15,0
UQULICNS,41,1,16,23,3,1,14,0,7,5,2,1,27,1,9,18,1,0,5,0,1,4,0,0,14,28,5,42,0
O8Y2YYRD,33,0,6,27,0,1,17,0,3,14,0,0,16,0,3,13,0,1,1,0,0,1,0,0,17,16,1,33,0
CNCEQXUD,51,5,11,45,0,1,19,0,3,16,0,0,32,5,8,29,0,1,11,0,3,8,0,0,19,37,11,56,0
NCTQW1DM,227,13,39,165,13,22,75,6,13,38,9,20,152,7,26,127,4,2,35,0,6,29,0,0,81,159,35,240,0
YL6MHQFS,52,7,2,39,13,5,18,1,0,11,5,3,34,6,2,28,8,2,0,1,0,0,1,0,19,40,1,59,0
MNN1HBYH,24,0,9,15,0,0,6,0,3,3,0,0,18,0,6,12,0,0,1,0,0,1,0,0,6,18,1,24,0
AJZIWLH1,54,2,7,46,3,0,22,0,3,16,3,0,32,2,4,30,0,0,1,0,1,0,0,0,22,34,1,56,0
SDSMPKKJ,28,1,8,20,1,0,8,0,3,4,1,0,20,1,5,16,0,0,2,0,0,2,0,0,8,21,2,29,0
J39YXVWQ,4,1,0,5,0,0,1,1,0,2,0,0,3,0,0,3,0,0,1,0,0,1,0,0,2,3,1,5,0
7QV9YJLE,20,3,1,19,3,0,7,1,0,7,1,0,13,2,1,12,2,0,0,0,0,0,0,0,8,15,0,23,0
KYBYATA2,44,6,12,34,1,3,16,6,2,20,0,0,28,0,10,14,1,3,4,0,0,3,1,0,22,28,4,50,0
N55PMXNC,77,10,15,71,1,0,24,8,5,26,1,0,53,2,10,45,0,0,11,0,2,9,0,0,32,55,11,87,0
ATZHU8SL,4,2,0,6,0,0,1,2,0,3,0,0,3,0,0,3,0,0,2,0,0,2,0,0,3,3,2,6,0
BVWDXPZJ,37,6,2,31,6,4,26,3,1,18,6,4,11,3,1,13,0,0,0,3,0,3,0,0,29,14,3,43,0
LJSEYOFZ,17,4,7,12,2,1,6,2,4,3,1,1,11,2,3,9,1,0,2,0,0,2,0,0,8,13,2,21,0
EHYDS1UD,11,0,3,8,0,0,4,0,2,2,0,0,7,0,1,6,0,0,0,0,0,0,0,0,4,7,0,11,0
VGGYG4SE,5,2,0,5,2,0,2,0,0,0,2,0,3,2,0,5,0,0,1,1,0,2,0,0,2,5,2,7,0
W5CBXCDV,6,0,3,2,1,0,3,0,2,1,0,0,3,0,1,1,1,0,1,0,0,1,0,0,3,3,1,6,0
DXHE3ACO,9,0,1,8,0,0,5,0,0,5,0,0,4,0,1,3,0,0,0,0,0,0,0,0,5,4,0,9,0
CEPIKQIE,23,2,4,19,2,0,8,2,1,8,1,0,15,0,3,11,1,0,0,0,0,0,0,0,10,15,0,25,0
ZXLDQHE4,20,11,7,23,1,0,5,2,0,7,0,0,15,9,7,16,1,0,1,0,0,1,0,0,7,24,1,31,0
UM8KRTQA,81,2,16,55,12,0,23,0,6,15,2,0,58,2,10,40,10,0,9,2,2,8,1,0,23,60,11,83,0
YOAVXBUZ,7,1,1,7,0,1,3,0,0,3,0,0,4,1,1,4,0,1,1,0,0,1,0,0,3,5,1,8,0
9KLJJPYK,13,5,3,11,4,0,3,1,1,2,1,0,10,4,2,9,3,0,1,2,0,3,0,0,4,14,3,18,0
RDCVBP9A,6,2,2,6,0,0,3,1,0,4,0,0,3,1,2,2,0,0,0,0,0,0,0,0,4,4,0,8,0
ENUSFYOE,5,2,3,4,0,1,1,0,1,0,0,0,4,2,2,4,0,1,1,0,0,1,0,0,1,6,1,7,0
VE3KYSY9,3,2,3,2,0,0,1,0,1,0,0,0,2,2,2,2,0,0,1,0,0,1,0,0,1,4,1,5,0
QL85AECH,3,1,0,4,0,0,0,0,0,0,0,0,3,1,0,4,0,0,2,1,0,3,0,0,0,4,3,4,0
FCD5KCLC,1,0,0,1,0,0,0,0,0,0,0,0,1,0,0,1,0,0,0,0,0,0,0,0,0,1,0,1,0
3WLPTZOE,9,0,1,7,1,0,3,0,0,2,1,0,6,0,1,5,0,0,0,0,0,0,0,0,3,6,0,9,0
BM5MCFFL,6,0,1,4,1,0,4,0,0,3,1,0,2,0,1,1,0,0,0,0,0,0,0,0,4,2,0,6,0
YR6ENGFY,37,3,0,14,17,9,25,1,0,6,12,8,12,2,0,8,5,1,4,1,0,5,0,0,26,14,5,40,0
2HC2QF2B,33,10,1,5,2,33,27,10,1,4,2,29,6,0,0,1,0,4,2,0,0,0,0,1,37,6,2,43,0
4WATCJ21,5,1,0,5,1,0,0,0,0,0,0,0,5,1,0,5,1,0,4,1,0,4,1,0,0,6,5,6,0
J1VZ24AY,83,8,15,71,5,0,26,5,4,23,4,0,57,3,11,48,1,0,7,0,2,5,0,0,31,60,7,91,0
AXGBFQNB,144,14,32,111,15,2,61,9,20,40,10,1,83,5,12,71,5,1,10,0,1,9,0,0,70,88,10,158,0
XWHRUY5Y,82,5,13,64,10,0,41,5,7,32,7,0,41,0,6,32,3,0,2,0,0,2,0,0,46,41,2,87,0
IJFLJ22Y,37,0,5,30,2,0,12,0,3,8,1,0,25,0,2,22,1,0,3,0,0,3,0,0,12,25,3,37,0
X2LNZVYQ,40,5,0,8,2,35,1,0,0,0,0,1,39,5,0,8,2,34,3,0,0,1,0,2,1,44,3,45,0
ETGFTNG8,11,0,1,9,1,1,4,0,0,3,1,0,7,0,1,6,0,1,7,0,1,6,0,1,4,7,7,11,0
FCSRIF6J,238,61,79,164,49,15,79,19,30,49,15,9,159,42,49,115,34,6,28,6,8,20,6,0,98,201,34,299,0
JBHK3FBB,74,6,15,61,4,0,41,4,6,35,4,0,33,2,9,26,0,0,5,0,1,4,0,0,45,35,5,80,0
QIZT9MNO,25,11,1,18,9,6,8,0,1,3,3,0,17,11,0,15,6,6,3,4,0,5,0,2,8,28,7,36,0
HMFRIZEQ,38,0,15,13,3,6,18,0,8,0,3,6,20,0,7,13,0,0,0,0,0,0,0,0,18,20,0,38,0
VEEJHYBJ,2,0,0,2,0,0,0,0,0,0,0,0,2,0,0,2,0,0,2,0,0,2,0,0,0,2,2,2,0
BF1V783K,117,7,26,60,25,16,23,0,3,14,4,2,94,7,23,46,21,14,7,3,3,5,1,3,23,101,10,124,0
WU7CRJ9J,49,15,12,47,2,3,9,1,4,6,0,0,40,14,8,41,2,3,4,10,2,12,0,0,10,54,14,64,0
DIOXCDTZ,32,1,2,18,3,10,5,0,2,2,0,1,27,1,0,16,3,9,9,1,0,8,0,2,5,28,10,33,0
VAVJSOFG,42,0,9,33,0,0,5,0,3,2,0,0,37,0,6,31,0,0,7,0,1,6,0,0,5,37,7,42,0
C9BK6TML,70,1,7,60,4,0,21,1,4,17,1,0,49,0,3,43,3,0,9,0,0,9,0,0,22,49,9,71,0
MOCNUK32,31,0,3,27,1,0,15,0,1,13,1,0,16,0,2,14,0,0,1,0,0,1,0,0,15,16,1,31,0
61PLJX9V,25,0,8,16,1,0,4,0,2,2,0,0,21,0,6,14,1,0,4,0,1,2,1,0,4,21,4,25,0
L3FWHD4K,72,7,8,48,5,19,17,2,0,11,3,5,55,5,8,37,2,14,21,3,1,15,0,9,19,60,24,79,0
PUDJIP8Y,73,9,2,57,21,2,12,6,0,14,4,0,61,3,2,43,17,2,2,0,0,2,0,0,18,64,2,82,0
UWGKCIKX,28,5,7,24,1,2,11,2,2,9,1,2,17,3,5,15,0,0,0,0,0,0,0,0,13,20,0,33,0
1GKDXWCE,29,0,0,29,0,0,4,0,0,4,0,0,25,0,0,25,0,0,4,0,0,4,0,0,4,25,4,29,0
TAI8NADN,10,0,6,4,0,0,3,0,1,2,0,0,7,0,5,2,0,0,1,0,0,1,0,0,3,7,1,10,0
T9JSQ5O5,36,4,4,33,3,1,20,3,1,20,2,1,16,1,3,13,1,0,5,0,1,3,1,0,23,17,5,40,0
1TYXVYYS,14,0,1,10,0,2,6,0,0,6,0,0,8,0,1,4,0,2,0,0,0,0,0,0,6,8,0,14,0
PQD7E2R1,8,1,0,8,0,1,2,1,0,3,0,0,6,0,0,5,0,1,2,0,0,2,0,0,3,6,2,9,0
DYZJAY1C,43,1,10,34,0,0,2,1,2,1,0,0,41,0,8,33,0,0,6,0,1,5,0,0,3,41,6,44,0
XAUGRPCH,81,5,21,61,3,1,28,1,4,22,2,1,53,4,17,39,1,0,5,0,2,3,0,0,29,57,5,86,0
C4W7UC29,41,1,9,27,4,2,16,0,3,13,0,0,25,1,6,14,4,2,6,1,2,3,0,2,16,26,7,42,0
OEEHD2J4,73,24,14,65,14,4,26,10,4,25,7,0,47,14,10,40,7,4,7,2,1,3,2,3,36,61,9,97,0
MOUQSHJP,38,0,19,19,0,0,4,0,4,0,0,0,34,0,15,19,0,0,6,0,3,3,0,0,4,34,6,38,0
NCLRGIAQ,16,1,0,13,4,0,3,0,0,3,0,0,13,1,0,10,4,0,4,0,0,4,0,0,3,14,4,17,0
BLKKTITR,77,10,6,69,12,0,34,8,2,29,11,0,43,2,4,40,1,0,5,0,0,5,0,0,42,45,5,87,0
MZLXWKGD,108,29,12,61,19,45,45,15,6,12,6,36,63,14,6,49,13,9,9,2,0,8,2,1,60,77,11,137,0
JA4TWCR4,30,2,5,27,0,0,6,0,1,5,0,0,24,2,4,22,0,0,4,0,0,4,0,0,6,26,4,32,0
H163TZLF,33,8,14,23,4,0,19,5,9,12,3,0,14,3,5,11,1,0,2,0,0,2,0,0,24,17,2,41,0
8VFS7MQI,49,1,32,17,1,1,9,1,6,4,0,0,40,0,26,13,1,1,5,0,2,2,1,0,10,40,5,50,0
QEVWCMIC,79,14,9,42,17,25,10,0,1,8,1,0,69,14,8,34,16,25,36,8,4,14,10,16,10,83,44,93,0
XF9YOIVP,60,4,6,51,6,1,25,3,4,21,2,1,35,1,2,30,4,0,5,0,0,5,0,0,28,36,5,64,0
PNMLCDVL,32,7,5,31,3,0,8,4,1,9,2,0,24,3,4,22,1,0,5,3,0,7,1,0,12,27,8,39,0
GVWKI5SL,12,5,3,9,5,1,3,1,0,2,2,0,9,4,3,7,3,1,3,0,2,1,0,0,4,13,3,17,0
YSBDXNDL,8,2,1,8,1,0,4,1,1,3,1,0,4,1,0,5,0,0,2,0,0,2,0,0,5,5,2,10,0
S3LMTVD4,119,11,27,102,1,0,45,6,11,39,1,0,74,5,16,63,0,0,14,0,6,8,0,0,51,79,14,130,0
UAC4YEKT,156,33,39,134,16,0,43,15,11,37,10,0,113,18,28,97,6,0,17,0,4,13,0,0,58,131,17,189,0
HTT1JZIL,33,4,5,26,6,1,20,4,3,16,5,1,13,0,2,10,1,0,1,0,0,1,0,0,24,13,1,37,0
LCLRPPNF,25,2,3,23,1,0,11,2,1,11,1,0,14,0,2,12,0,0,2,0,0,2,0,0,13,14,2,27,0
WAAAJXL1,11,0,6,5,0,0,1,0,0,1,0,0,10,0,6,4,0,0,2,0,1,1,0,0,1,10,2,11,0
YBDBA1Z9,26,2,2,26,0,0,11,2,1,12,0,0,15,0,1,14,0,0,1,0,0,1,0,0,13,15,1,28,0
AVTAJJCR,44,10,3,31,11,9,8,1,1,2,1,5,36,9,2,29,10,4,13,4,0,11,3,3,9,45,17,54,0
JDU76KGO,47,8,2,48,5,0,14,2,0,12,4,0,33,6,2,36,1,0,3,0,0,3,0,0,16,39,3,55,0
YCY4U5JX,15,0,6,9,0,0,2,0,0,2,0,0,13,0,6,7,0,0,1,0,0,1,0,0,2,13,1,15,1
6J3SLGA8,50,5,6,41,8,0,18,3,2,17,2,0,32,2,4,24,6,0,16,1,2,11,4,0,21,34,17,55,0
KNJPEXC9,49,6,7,35,12,1,11,2,2,10,1,0,38,4,5,25,11,1,5,4,0,8,0,1,13,42,9,55,0
TUI4ZEEV,10,0,1,9,0,0,0,0,0,0,0,0,10,0,1,9,0,0,4,0,1,3,0,0,0,10,4,10,0
KHEXWACK,30,0,4,20,6,0,16,0,0,12,4,0,14,0,4,8,2,0,2,0,0,2,0,0,16,14,2,30,0
YVRMNCHR,57,3,15,41,4,0,21,2,9,13,1,0,36,1,6,28,3,0,11,1,2,8,2,0,23,37,12,60,0
6IYCGW7X,41,0,16,25,0,0,13,0,3,10,0,0,28,0,13,15,0,0,2,0,1,1,0,0,13,28,2,41,0
7GABB9SP,49,0,10,39,0,0,24,0,8,16,0,0,25,0,2,23,0,0,4,0,0,4,0,0,24,25,4,49,0
OUAT4KIH,9,0,0,4,2,3,1,0,0,0,1,0,8,0,0,4,1,3,1,0,0,1,0,0,1,8,1,9,0
7OKWFDC2,2,0,0,1,1,0,1,0,0,0,1,0,1,0,0,1,0,0,0,0,0,0,0,0,1,1,0,2,0
4K6RL8WD,29,5,9,24,1,1,21,5,8,17,1,1,8,0,1,7,0,0,1,0,0,1,0,0,26,8,1,34,0
OKZR5PNW,2,0,0,2,0,0,1,0,0,1,0,0,1,0,0,1,0,0,0,0,0,0,0,0,1,1,0,2,0
7G5HCVR5,46,1,9,38,0,1,10,0,0,10,0,0,36,1,9,28,0,1,6,0,3,3,0,0,10,37,6,47,0
4MHL6WHM,42,0,9,29,2,1,7,0,2,5,0,0,35,0,7,24,2,1,0,0,0,0,0,0,7,35,0,42,0
5TI6Y5FC,10,1,3,8,0,0,2,1,0,3,0,0,8,0,3,5,0,0,2,0,2,0,0,0,3,8,2,11,0
R7SC2LYF,32,5,2,33,2,0,6,2,0,7,1,0,26,3,2,26,1,0,8,1,2,7,0,0,8,29,9,37,0
INQUJBUB,20,11,4,19,8,0,20,11,4,19,8,0,0,0,0,0,0,0,0,0,0,0,0,0,31,0,0,31,0
MTMHRF9I,2,1,1,1,1,0,1,1,1,1,0,0,1,0,0,0,1,0,0,0,0,0,0,0,2,1,0,3,0
EEDDTEPZ,2,1,0,3,0,0,1,1,0,2,0,0,1,0,0,1,0,0,0,0,0,0,0,0,2,1,0,3,0
FF1FEOMS,25,2,4,21,2,0,7,1,0,7,1,0,18,1,4,14,1,0,1,0,0,1,0,0,8,19,1,27,0
GLE7VDCM,6,0,4,2,0,0,2,0,2,0,0,0,4,0,2,2,0,0,0,0,0,0,0,0,2,4,0,6,0
QBDYUPMI,23,9,5,21,6,0,8,8,3,10,3,0,15,1,2,11,3,0,4,0,1,1,2,0,16,16,4,32,0
KMJJ4YGW,79,5,12,54,7,11,36,3,5,24,1,9,43,2,7,30,6,2,2,0,0,2,0,0,39,45,2,84,0
P1QXCFYD,4,1,0,3,2,0,0,0,0,0,0,0,4,1,0,3,2,0,0,1,0,0,1,0,0,5,1,5,0
DFRBUAF8,17,1,4,14,0,0,6,1,4,3,0,0,11,0,0,11,0,0,0,0,0,0,0,0,7,11,0,18,0
GZHPO9LV,10,0,2,7,1,1,7,0,1,5,1,0,3,0,1,2,0,1,1,0,0,1,0,0,7,3,1,10,0
FQPKUZTD,41,0,18,23,0,0,6,0,2,4,0,0,35,0,16,19,0,0,7,0,2,5,0,0,6,35,7,41,0
46VJCNIA,28,0,3,24,1,0,6,0,0,6,0,0,22,0,3,18,1,0,5,0,0,5,0,0,6,22,5,28,0
YIIUUAKH,58,2,17,43,0,0,12,2,3,11,0,0,46,0,14,32,0,0,7,0,0,7,0,0,14,46,7,60,0
ATXEGLIJ,48,5,5,19,17,13,15,1,2,6,7,1,33,4,3,13,10,12,18,1,1,6,7,5,16,37,19,53,0
YH6HES6R,9,0,3,6,0,0,1,0,1,0,0,0,8,0,2,6,0,0,2,0,0,2,0,0,1,8,2,9,0
KK6YKHNQ,18,0,2,12,2,2,4,0,0,4,0,0,14,0,2,8,2,2,6,0,1,3,1,1,4,14,6,18,0
RSZWUIPE,5,0,0,5,0,0,4,0,0,4,0,0,1,0,0,1,0,0,1,0,0,1,0,0,4,1,1,5,0
FCWIV5Z8,8,1,1,6,2,0,0,0,0,0,0,0,8,1,1,6,2,0,0,0,0,0,0,0,0,9,0,9,0
ZWXP7MYY,7,2,4,4,1,0,2,2,3,1,0,0,5,0,1,3,1,0,0,0,0,0,0,0,4,5,0,9,0
NNXPFTEP,54,2,15,32,5,4,29,2,11,15,4,1,25,0,4,17,1,3,7,0,1,6,0,0,31,25,7,56,0
15SANNJQ,8,0,3,5,0,0,4,0,2,2,0,0,4,0,1,3,0,0,0,0,0,0,0,0,4,4,0,8,0
WQ1UST2X,41,1,6,23,3,10,4,0,0,4,0,0,37,1,6,19,3,10,15,0,4,10,1,0,4,38,15,42,0
XNLQUWAB,27,3,10,20,0,0,9,0,4,5,0,0,18,3,6,15,0,0,1,0,1,0,0,0,9,21,1,30,0
BK4UBHHW,28,3,2,22,7,0,10,0,2,5,3,0,18,3,0,17,4,0,4,0,0,4,0,0,10,21,4,31,0
7JLT5GYE,78,0,22,56,0,0,13,0,5,8,0,0,65,0,17,48,0,0,14,0,4,10,0,0,13,65,14,78,0
WWGNHDOV,38,11,15,30,4,2,25,5,11,18,1,2,13,6,4,12,3,0,0,0,0,0,0,0,30,19,0,49,0
QNAFGSPZ,100,6,6,69,26,5,25,4,0,18,8,3,75,2,6,51,18,2,2,0,0,2,0,0,29,77,2,106,0
3DVXYUMQ,6,1,3,4,0,0,3,0,0,3,0,0,3,1,3,1,0,0,1,0,1,0,0,0,3,4,1,7,0
QPKPRZ1B,18,1,5,14,0,0,9,1,1,9,0,0,9,0,4,5,0,0,0,0,0,0,0,0,10,9,0,19,0
2CXM9FOM,74,20,6,79,6,3,19,8,1,21,2,3,55,12,5,58,4,0,7,1,0,8,0,0,27,67,8,94,0
SVEWXPOG,1,0,1,0,0,0,1,0,1,0,0,0,0,0,0,0,0,0,0,0,0,0,0,0,1,0,0,1,0
ITB7TGBJ,75,20,3,75,17,0,44,15,2,47,10,0,31,5,1,28,7,0,10,0,1,8,1,0,59,36,10,95,0
69GWZWDD,59,12,15,52,4,2,14,7,4,16,1,0,45,5,11,36,3,2,1,1,2,0,0,1,21,50,2,71,0
Q7PHW4KM,33,4,6,31,0,0,12,4,1,15,0,0,21,0,5,16,0,0,4,0,1,3,0,0,16,21,4,37,0
SLXEHV3V,5,2,3,4,0,0,2,0,1,1,0,0,3,2,2,3,0,0,0,0,0,0,0,0,2,5,0,7,0
EMG5QUOT,14,0,4,10,0,0,8,0,3,5,0,0,6,0,1,5,0,0,1,0,0,1,0,0,8,6,1,14,0
A9FALLGY,33,0,13,20,0,0,6,0,2,4,0,0,27,0,11,16,0,0,3,0,1,2,0,0,6,27,3,33,0
FNREJ14C,18,0,0,18,0,0,4,0,0,4,0,0,14,0,0,14,0,0,4,0,0,4,0,0,4,14,4,18,0
P3NFDW5J,44,10,14,31,8,1,9,3,2,8,2,0,35,7,12,23,6,1,5,5,1,4,4,1,12,42,10,54,0
OII4GROE,64,11,5,53,17,0,35,4,3,28,8,0,29,7,2,25,9,0,1,0,0,1,0,0,39,36,1,75,0
EC2G6ZJL,83,22,16,61,15,13,42,18,6,30,13,11,41,4,10,31,2,2,6,0,1,5,0,0,60,45,6,105,0
PVQDPGGY,54,2,0,35,21,0,30,0,0,20,10,0,24,2,0,15,11,0,0,0,0,0,0,0,30,26,0,56,0
KQXG9DQF,66,14,1,62,17,0,28,8,0,28,8,0,38,6,1,34,9,0,3,1,0,4,0,0,36,44,4,80,0
OMADNWJL,64,21,6,51,20,8,27,1,3,16,8,1,37,20,3,35,12,7,3,0,0,3,0,0,28,57,3,85,0
PDFD4NMX,7,1,3,5,0,0,4,1,1,4,0,0,3,0,2,1,0,0,0,0,0,0,0,0,5,3,0,8,0
AYJXEACB,40,1,19,22,0,0,5,1,2,4,0,0,35,0,17,18,0,0,4,0,2,2,0,0,6,35,4,41,0
9GPCPXAW,55,2,13,42,2,1,16,1,5,11,1,0,39,1,8,31,1,1,8,1,0,8,1,0,17,40,9,57,0
ZPZSCCAD,62,7,22,46,1,0,9,0,3,5,1,0,53,7,19,41,0,0,10,0,3,7,0,0,9,60,10,69,0
TCYSXKXL,58,4,13,40,8,1,12,0,2,9,1,0,46,4,11,31,7,1,6,4,2,4,3,1,12,50,10,62,0
NB2ZLJ9O,14,0,0,10,2,2,8,0,0,6,1,1,6,0,0,4,1,1,0,0,0,0,0,0,8,6,0,14,0
ILGLSBYC,5,0,0,5,0,0,1,0,0,1,0,0,4,0,0,4,0,0,0,0,0,0,0,0,1,4,0,5,0
I5LDIGOI,20,1,4,17,0,0,6,0,1,5,0,0,14,1,3,12,0,0,3,0,0,3,0,0,6,15,3,21,0
TD2ANAQT,32,0,9,22,1,0,6,0,1,5,0,0,26,0,8,17,1,0,3,0,1,2,0,0,6,26,3,32,0
F6TMCCIJ,2,0,0,2,0,0,2,0,0,2,0,0,0,0,0,0,0,0,0,0,0,0,0,0,2,0,0,2,0
YKTRHRRI,44,9,5,39,8,2,23,7,3,21,6,0,21,2,2,18,2,2,2,0,0,2,0,0,30,23,2,53,0
APTYTNBG,6,3,0,4,2,3,2,3,0,3,2,0,4,0,0,1,0,3,0,0,0,0,0,0,5,4,0,9,0
I59U8ZGW,16,14,1,12,7,9,9,2,0,9,0,2,7,12,1,3,7,7,5,1,1,2,1,2,11,19,6,30,0
KNPHSRKG,7,1,3,5,0,0,3,0,3,0,0,0,4,1,0,5,0,0,0,0,0,0,0,0,3,5,0,8,0
DUIRT6Q9,20,1,5,15,1,0,4,1,0,4,1,0,16,0,5,11,0,0,3,0,1,2,0,0,5,16,3,21,0
IKWO47FE,24,1,4,21,0,0,9,1,1,9,0,0,15,0,3,12,0,0,3,0,0,3,0,0,10,15,3,25,0
LH6LHGIV,16,3,2,15,2,0,7,3,1,7,2,0,9,0,1,8,0,0,2,0,0,2,0,0,10,9,2,19,0
XMGK9RVC,32,0,16,16,0,1,4,0,3,1,0,1,28,0,13,15,0,0,2,0,1,1,0,0,4,28,2,32,0
F2WOQFIZ,108,9,12,102,3,0,26,4,4,25,1,0,82,5,8,77,2,0,12,0,2,10,0,0,30,87,12,117,0
8OXCIGMC,17,5,5,17,0,2,12,3,3,12,0,2,5,2,2,5,0,0,0,2,2,0,0,0,15,7,2,22,0
TYAWL4PM,65,6,18,39,7,7,23,2,5,14,1,5,42,4,13,25,6,2,4,0,1,3,0,0,25,46,4,71,0
4R4ZJBNB,22,3,3,22,0,0,8,3,0,11,0,0,14,0,3,11,0,0,3,0,2,1,0,0,11,14,3,25,0
MKCXI6YN,27,3,1,28,1,0,9,0,0,9,0,0,18,3,1,19,1,0,5,1,0,6,0,0,9,21,6,30,0
2NCGTZZ4,21,3,0,21,3,0,8,2,0,10,0,0,13,1,0,11,3,0,3,1,0,3,1,0,10,14,4,24,0
AXDVAZDA,14,2,6,10,0,0,4,1,3,2,0,0,10,1,3,8,0,0,4,0,1,3,0,0,5,11,4,16,0
2GRYD5BU,10,2,0,9,3,0,8,0,0,6,2,0,2,2,0,3,1,0,0,0,0,0,0,0,8,4,0,12,0
LGA7FB4D,53,3,17,32,3,3,15,1,6,7,3,0,38,2,11,25,0,3,4,0,0,3,0,1,16,40,4,56,0
WVMJEGWV,2,0,0,1,1,0,1,0,0,1,0,0,1,0,0,0,1,0,0,0,0,0,0,0,1,1,0,2,0
KVY5ZPJA,86,13,8,76,15,0,15,2,2,11,4,0,71,11,6,65,11,0,11,0,1,10,0,0,17,82,11,99,0
OVRVKSAL,206,26,26,107,58,44,62,3,6,27,21,11,144,23,20,80,37,33,26,0,5,15,5,3,65,167,26,232,0
3HPIYW3B,133,9,32,94,16,0,62,4,12,47,7,0,71,5,20,47,9,0,23,0,5,15,3,0,66,76,23,142,0
5N3B8DLV,15,2,5,11,1,0,6,1,1,5,1,0,9,1,4,6,0,0,0,0,0,0,0,0,7,10,0,17,0
835HB7YC,60,4,12,40,9,3,26,2,3,15,7,3,34,2,9,25,2,0,8,1,1,6,2,0,28,36,9,64,0
78UUUBQH,45,0,10,33,0,2,14,0,1,13,0,0,31,0,9,20,0,2,2,0,1,1,0,0,14,31,2,45,0
8RPD7SIB,105,13,33,72,12,4,43,4,10,31,6,1,62,9,23,41,6,3,10,0,2,8,0,0,47,71,10,118,0
LBCWFXNC,74,2,6,67,3,0,48,1,2,44,3,0,26,1,4,23,0,0,0,0,0,0,0,0,49,27,0,76,0
1SW7A178,19,1,1,17,2,0,6,0,0,4,2,0,13,1,1,13,0,0,5,0,0,5,0,0,6,14,5,20,0
UCITVIRB,74,5,12,67,0,0,30,3,6,27,0,0,44,2,6,40,0,0,4,0,0,4,0,0,33,46,4,79,0
JMTBAGKF,36,1,2,30,5,0,7,0,1,5,1,0,29,1,1,25,4,0,4,1,0,5,0,0,7,30,5,37,0
ODMT4GBM,12,1,9,4,0,0,11,1,9,3,0,0,1,0,0,1,0,0,0,0,0,0,0,0,12,1,0,13,0
A7KGCCKI,4,3,1,5,1,0,2,0,1,1,0,0,2,3,0,4,1,0,0,1,0,0,1,0,2,5,1,7,0
QUUTWQKF,8,0,0,8,0,0,3,0,0,3,0,0,5,0,0,5,0,0,0,0,0,0,0,0,3,5,0,8,0
L37UZ2V6,61,1,29,29,4,0,23,1,11,11,2,0,38,0,18,18,2,0,6,0,5,1,0,0,24,38,6,62,0
NFKAAQSD,102,11,23,74,16,0,27,6,4,25,4,0,75,5,19,49,12,0,24,1,6,17,2,0,33,80,25,113,0
FRQUGOMZ,33,1,7,24,3,0,28,1,7,19,3,0,5,0,0,5,0,0,0,0,0,0,0,0,29,5,0,34,0
K3GYIR5N,9,0,1,8,0,0,5,0,1,4,0,0,4,0,0,4,0,0,0,0,0,0,0,0,5,4,0,9,0
KCBKENUJ,73,9,19,58,5,6,23,2,5,19,1,2,50,7,14,39,4,4,17,1,2,14,2,0,25,57,18,82,0
TGABWKNI,84,2,25,59,2,1,29,1,9,19,2,0,55,1,16,40,0,1,7,0,5,2,0,0,30,56,7,86,0
JVQT5JQI,5,0,0,4,1,0,0,0,0,0,0,0,5,0,0,4,1,0,1,0,0,1,0,0,0,5,1,5,0
UQWIT7WF,14,0,1,11,2,0,8,0,0,7,1,0,6,0,1,4,1,0,3,0,1,1,1,0,8,6,3,14,0
SBHJCF9Y,39,6,3,22,10,10,7,1,0,6,2,0,32,5,3,16,8,10,1,0,0,1,0,0,8,37,1,45,0
A2IWBYAP,5,0,0,4,1,0,2,0,0,1,1,0,3,0,0,3,0,0,1,0,0,1,0,0,2,3,1,5,0
ZRQKR2RF,9,0,3,6,0,1,1,0,0,1,0,0,8,0,3,5,0,1,2,0,1,1,0,0,1,8,2,9,0
3PX1TXBX,12,0,3,9,0,0,4,0,2,2,0,0,8,0,1,7,0,0,0,0,0,0,0,0,4,8,0,12,0
RNVULPNC,28,2,4,24,1,2,1,0,0,1,0,0,27,2,4,23,1,2,9,0,1,8,0,0,1,29,9,30,0
UILN1BLQ,25,0,9,15,1,0,8,0,5,3,0,0,17,0,4,12,1,0,3,0,1,1,1,0,8,17,3,25,0
PCMUPONA,20,7,6,17,4,0,8,7,5,8,2,0,12,0,1,9,2,0,0,0,0,0,0,0,15,12,0,27,0
R2JURQ2J,21,5,1,25,0,1,4,2,0,6,0,0,17,3,1,19,0,1,5,1,0,6,0,0,6,20,6,26,0
5GLPJLUL,129,14,15,96,26,6,26,6,2,25,4,1,103,8,13,71,22,5,10,1,1,9,1,0,32,111,11,143,0
C1EIEQZ4,83,6,8,60,21,0,26,1,4,18,5,0,57,5,4,42,16,0,3,1,1,2,1,0,27,62,4,89,0
WGBL3FSF,110,16,24,94,8,0,30,5,4,27,4,0,80,11,20,67,4,0,4,0,1,3,0,0,35,91,4,126,0
QCZRPHK8,95,12,13,85,9,0,64,11,11,57,7,0,31,1,2,28,2,0,4,0,0,4,0,0,75,32,4,107,0
RP91EFXB,26,0,0,25,1,0,10,0,0,9,1,0,16,0,0,16,0,0,1,0,0,1,0,0,10,16,1,26,0
6DSIGGKU,13,0,5,8,0,0,3,0,2,1,0,0,10,0,3,7,0,0,2,0,0,2,0,0,3,10,2,13,0
ZAUVDDTT,34,3,1,28,6,2,21,3,1,16,5,2,13,0,0,12,1,0,0,0,0,0,0,0,24,13,0,37,0
2DSUW7FH,18,0,1,17,0,0,10,0,1,9,0,0,8,0,0,8,0,0,0,0,0,0,0,0,10,8,0,18,0
6GBMONJB,14,0,4,8,0,0,6,0,1,5,0,0,8,0,3,3,0,0,4,0,3,1,0,0,6,8,4,14,0
WA82YTX9,21,2,6,17,0,0,10,2,5,7,0,0,11,0,1,10,0,0,2,0,0,2,0,0,12,11,2,23,0
WWHW2JKK,42,6,11,32,4,1,16,1,6,10,1,0,26,5,5,22,3,1,1,0,0,1,0,0,17,31,1,48,0
Y1DLQIHH,46,21,16,44,5,3,14,5,4,13,0,2,32,16,12,31,5,1,3,4,2,5,0,0,19,48,7,67,0
6PETHNEO,20,1,3,15,3,0,8,0,2,4,2,0,12,1,1,11,1,0,1,0,0,1,0,0,8,13,1,21,0
G6HVZTKN,147,21,17,73,46,35,83,17,12,31,34,25,64,4,5,42,12,10,8,0,2,6,0,1,100,68,8,168,0
Y4LHO1RL,5,0,3,2,0,0,3,0,1,2,0,0,2,0,2,0,0,0,0,0,0,0,0,0,3,2,0,5,0
QEIHRETK,19,4,9,11,3,0,13,4,7,8,2,0,6,0,2,3,1,0,1,0,0,1,0,0,17,6,1,23,0
WTGGI76P,53,1,9,44,1,1,14,0,3,11,0,0,39,1,6,33,1,1,6,0,2,4,0,0,14,40,6,54,0
NPL2GJP1,4,0,4,0,0,0,4,0,4,0,0,0,0,0,0,0,0,0,0,0,0,0,0,0,4,0,0,4,0
GPYJCEN5,26,4,4,24,2,0,13,2,3,11,1,0,13,2,1,13,1,0,2,0,0,1,1,0,15,15,2,30,0
HXB7ARTR,18,3,7,14,0,0,6,3,5,4,0,0,12,0,2,10,0,0,0,0,0,0,0,0,9,12,0,21,0
EE8RVEDO,88,11,5,76,17,1,37,9,5,27,13,1,51,2,0,49,4,0,2,0,0,2,0,0,46,53,2,99,0
JEO5FART,6,0,0,6,0,0,1,0,0,1,0,0,5,0,0,5,0,0,0,0,0,0,0,0,1,5,0,6,0
BQUSETSC,53,8,7,52,2,0,19,5,0,23,1,0,34,3,7,29,1,0,3,0,1,2,0,0,24,37,3,61,0
GTZGSTW8,72,3,24,51,0,0,24,3,9,18,0,0,48,0,15,33,0,0,6,0,1,5,0,0,27,48,6,75,0
TLBGIZIU,1,5,1,4,1,0,0,2,1,1,0,0,1,3,0,3,1,0,0,0,0,0,0,0,2,4,0,6,0
PYGQNHND,12,2,2,10,1,1,2,0,1,1,0,0,10,2,1,9,1,1,2,1,1,2,0,0,2,12,3,14,0
RJOYRE2V,8,5,1,10,2,0,7,5,1,10,1,0,1,0,0,0,1,0,1,0,0,0,1,0,12,1,1,13,0
WNYGXMUS,33,0,3,26,4,0,12,0,0,11,1,0,21,0,3,15,3,0,6,0,2,2,2,0,12,21,6,33,0
DMDINFY4,71,6,22,54,1,2,29,6,13,21,1,2,42,0,9,33,0,0,8,0,3,5,0,0,35,42,8,77,0
ASRTX3OC,36,4,4,34,2,0,8,4,2,9,1,0,28,0,2,25,1,0,5,0,1,4,0,0,12,28,5,40,0
GDQC4EBP,17,1,3,14,1,0,13,1,1,12,1,0,4,0,2,2,0,0,2,0,0,2,0,0,14,4,2,18,0
JMODDJZB,11,3,0,11,3,0,4,3,0,4,3,0,7,0,0,7,0,0,0,0,0,0,0,0,7,7,0,14,0
8CPJARUX,8,2,0,10,0,0,4,2,0,6,0,0,4,0,0,4,0,0,0,0,0,0,0,0,6,4,0,10,0
3AOXYSZS,4,1,2,3,0,0,2,1,2,1,0,0,2,0,0,2,0,0,1,0,0,1,0,0,3,2,1,5,0
CV2WOJBI,18,0,0,12,2,4,12,0,0,6,2,4,6,0,0,6,0,0,0,0,0,0,0,0,12,6,0,18,0
T1N2QDIK,20,2,1,13,8,0,17,2,0,11,8,0,3,0,1,2,0,0,2,0,0,2,0,0,19,3,2,22,0
WFIKFYE8,128,30,15,128,15,0,52,10,6,49,7,0,76,20,9,79,8,0,11,5,0,15,1,0,62,96,16,158,0
9NTC12ZH,14,0,10,4,0,0,5,0,2,3,0,0,9,0,8,1,0,0,1,0,1,0,0,0,5,9,1,14,0
MTNJW5XE,71,8,11,60,8,0,31,8,7,27,5,0,40,0,4,33,3,0,7,0,0,6,1,0,39,40,7,79,0
J8E6U5BA,3,0,2,0,1,0,2,0,2,0,0,0,1,0,0,0,1,0,0,0,0,0,0,0,2,1,0,3,0
EIS9U64P,25,0,5,20,0,0,6,0,0,6,0,0,19,0,5,14,0,0,6,0,3,3,0,0,6,19,6,25,0
6BXSSYOB,194,41,85,108,23,26,104,26,51,56,15,15,90,15,34,52,8,11,21,0,2,18,1,0,130,105,21,235,0
HXTW5XZT,17,0,2,11,4,0,12,0,0,8,4,0,5,0,2,3,0,0,1,0,0,1,0,0,12,5,1,17,0
1ULDDVFA,47,3,9,28,11,2,25,2,4,16,5,2,22,1,5,12,6,0,5,0,1,3,1,0,27,23,5,50,0
E5X1JNTN,49,4,14,34,5,1,24,4,8,18,2,0,25,0,6,16,3,1,4,0,2,2,0,1,28,25,4,53,0
OSDQDWVC,4,2,0,6,0,0,3,2,0,5,0,0,1,0,0,1,0,0,0,0,0,0,0,0,5,1,0,6,0
FFR9SQIW,41,2,12,31,0,0,10,2,5,7,0,0,31,0,7,24,0,0,2,0,0,2,0,0,12,31,2,43,0
LAX8NMDX,6,1,0,3,2,2,3,0,0,2,1,0,3,1,0,1,1,2,2,0,0,0,0,2,3,4,2,7,0
5R84JXWC,29,0,10,18,1,2,14,0,7,6,1,2,15,0,3,12,0,0,5,0,2,3,0,0,14,15,5,29,0
OHBADCBA,5,1,1,4,1,0,4,1,1,3,1,0,1,0,0,1,0,0,1,0,0,1,0,0,5,1,1,6,0
6NIZ2IZY,3,0,0,3,0,0,2,0,0,2,0,0,1,0,0,1,0,0,0,0,0,0,0,0,2,1,0,3,0
LOYUKDHI,15,18,6,23,2,2,11,9,6,12,0,2,4,9,0,11,2,0,0,0,0,0,0,0,20,13,0,33,0
QVSFVWV8,27,5,6,23,3,0,12,5,3,12,2,0,15,0,3,11,1,0,0,0,0,0,0,0,17,15,0,32,0
LZDEB62R,18,0,9,9,0,4,4,0,0,4,0,0,14,0,9,5,0,4,5,0,1,4,0,0,4,14,5,18,0
EKZUDD8O,118,12,28,66,28,11,41,4,11,31,3,0,77,8,17,35,25,11,40,8,3,15,24,6,45,85,48,130,0
CMDUTRVA,19,5,4,20,0,0,5,1,1,5,0,0,14,4,3,15,0,0,3,0,0,3,0,0,6,18,3,24,0
EHJUXU3J,58,6,9,46,7,1,11,3,1,10,3,0,47,3,8,36,4,1,9,1,0,9,0,0,14,50,10,64,0
HK55XLJ9,2,0,0,1,1,0,0,0,0,0,0,0,2,0,0,1,1,0,2,0,0,1,1,0,0,2,2,2,0
FEGO3ARV,13,0,4,7,2,0,9,0,3,5,1,0,4,0,1,2,1,0,1,0,0,1,0,0,9,4,1,13,0
SIBJEZRY,76,2,17,57,4,0,18,1,3,15,1,0,58,1,14,42,3,0,14,0,2,11,1,0,19,59,14,78,0
YL267FQG,3,4,2,3,1,1,1,4,2,2,1,0,2,0,0,1,0,1,1,0,0,1,0,0,5,2,1,7,0
AAERGB2I,31,0,13,18,0,2,10,0,2,8,0,0,21,0,11,10,0,2,4,0,1,3,0,0,10,21,4,31,0
BACRKC5O,86,20,14,81,11,0,40,19,5,47,7,0,46,1,9,34,4,0,14,1,6,8,1,0,59,47,15,106,0
LNGIND3O,15,2,2,14,1,0,7,2,0,8,1,0,8,0,2,6,0,0,1,0,1,0,0,0,9,8,1,17,0
9NCPE1NT,13,0,3,9,1,0,4,0,0,4,0,0,9,0,3,5,1,0,3,0,1,2,0,0,4,9,3,13,0
E6PZ2SSW,20,0,1,18,1,0,7,0,0,6,1,0,13,0,1,12,0,0,2,0,0,2,0,0,7,13,2,20,0
YIHOMVTD,35,6,8,31,2,0,7,5,1,10,1,0,28,1,7,21,1,0,8,0,2,6,0,0,12,29,8,41,0
WFINIRGY,4,0,1,3,0,0,2,0,0,2,0,0,2,0,1,1,0,0,1,0,1,0,0,0,2,2,1,4,0
SBI1NTXC,2,0,0,2,0,0,1,0,0,1,0,0,1,0,0,1,0,0,0,0,0,0,0,0,1,1,0,2,0
FTGFNFEG,2,1,1,2,0,1,2,1,1,2,0,1,0,0,0,0,0,0,0,0,0,0,0,0,3,0,0,3,0
SSBC21EQ,19,2,3,18,0,1,9,2,3,8,0,1,10,0,0,10,0,0,1,0,0,1,0,0,11,10,1,21,0
CHNMRKBS,129,31,30,113,17,3,58,19,16,51,10,2,71,12,14,62,7,1,11,1,1,11,0,0,77,83,12,160,0
HSSBD2NR,18,7,2,22,1,0,14,7,2,18,1,0,4,0,0,4,0,0,0,0,0,0,0,0,21,4,0,25,0
I9WRKH9Z,7,2,0,9,0,0,1,1,0,2,0,0,6,1,0,7,0,0,1,0,0,1,0,0,2,7,1,9,0
QUBNG3AH,103,29,23,83,22,5,35,21,7,34,14,1,68,8,16,49,8,4,16,0,5,11,0,0,56,76,16,132,0
DQJM3WKL,20,0,10,10,0,0,8,0,4,4,0,0,12,0,6,6,0,0,1,0,1,0,0,0,8,12,1,20,0
BDWW1MVQ,32,1,7,25,1,0,12,0,2,9,1,0,20,1,5,16,0,0,2,0,0,2,0,0,12,21,2,33,0
FBMTEP6C,44,5,13,28,0,9,16,1,3,9,0,5,28,4,10,19,0,4,2,0,0,2,0,0,17,32,2,49,0
9ZLOVV3Q,15,2,7,10,0,0,6,1,4,3,0,0,9,1,3,7,0,0,3,0,1,2,0,0,7,10,3,17,0
K47VSEJF,6,0,0,3,2,1,1,0,0,1,0,0,5,0,0,2,2,1,0,0,0,0,0,0,1,5,0,6,0
A5DMPFFU,3,0,1,2,0,0,0,0,0,0,0,0,3,0,1,2,0,0,0,0,0,0,0,0,0,3,0,3,0
DYWKYKUD,75,16,13,68,10,0,6,1,1,6,0,0,69,15,12,62,10,0,22,6,1,27,0,0,7,84,28,91,0
PSH7LTOG,51,15,11,55,0,0,23,10,7,26,0,0,28,5,4,29,0,0,4,0,0,4,0,0,33,33,4,66,0
X15UVHST,4,4,3,5,0,0,3,1,2,2,0,0,1,3,1,3,0,0,0,2,0,2,0,0,4,4,2,8,0
5UEEMWJL,12,1,3,10,0,0,3,1,1,3,0,0,9,0,2,7,0,0,1,0,1,0,0,0,4,9,1,13,0
BFNBGJJA,8,1,2,7,0,0,2,1,1,2,0,0,6,0,1,5,0,0,2,0,0,2,0,0,3,6,2,9,0
H6NXBZUY,55,5,13,42,5,0,32,3,4,26,5,0,23,2,9,16,0,0,5,0,3,2,0,0,35,25,5,60,0
RWWZBUXO,39,2,12,28,1,0,8,2,0,9,1,0,31,0,12,19,0,0,6,0,2,4,0,0,10,31,6,41,0
NVGPQLBD,1,3,0,3,1,0,1,3,0,3,1,0,0,0,0,0,0,0,0,0,0,0,0,0,4,0,0,4,0
IXGSBI6H,55,3,2,54,2,0,17,1,2,16,0,0,38,2,0,38,2,0,2,1,0,3,0,0,18,40,3,58,0
KJ2JXIBS,2,0,1,1,0,0,0,0,0,0,0,0,2,0,1,1,0,0,0,0,0,0,0,0,0,2,0,2,0
UGG3DJCJ,1,0,0,1,0,0,0,0,0,0,0,0,1,0,0,1,0,0,0,0,0,0,0,0,0,1,0,1,0
FIHUYM2H,45,28,2,30,12,28,15,20,1,6,1,26,30,8,1,24,11,2,6,0,0,4,2,0,35,38,6,73,0
NCVEJVHL,1,3,0,4,0,0,0,2,0,2,0,0,1,1,0,2,0,0,0,0,0,0,0,0,2,2,0,4,0
UWRJWLCH,93,12,23,67,14,1,24,4,6,19,3,0,69,8,17,48,11,1,21,5,3,16,6,1,28,77,26,105,0
ZUMKGKH1,31,2,1,16,7,9,2,0,0,2,0,0,29,2,1,14,7,9,22,2,0,8,7,9,2,31,24,33,0
F44KYFAK,5,3,1,6,0,1,3,2,1,4,0,0,2,1,0,2,0,1,0,0,0,0,0,0,5,3,0,8,0
W8JYZG1A,33,8,10,30,1,0,10,6,5,10,1,0,23,2,5,20,0,0,8,0,3,5,0,0,16,25,8,41,0
QHQIUIAG,42,2,16,28,0,0,17,0,11,6,0,0,25,2,5,22,0,0,1,0,1,0,0,0,17,27,1,44,0
N5221HOI,15,1,4,10,2,0,12,1,4,8,1,0,3,0,0,2,1,0,1,0,0,1,0,0,13,3,1,16,0
Z5PIEZDO,24,1,7,18,0,0,9,1,4,6,0,0,15,0,3,12,0,0,1,0,0,1,0,0,10,15,1,25,0
6JULGIZ7,46,0,18,28,0,0,15,0,7,8,0,0,31,0,11,20,0,0,6,0,1,5,0,0,15,31,6,46,0
TZJREVEV,32,2,3,26,5,0,10,1,1,8,2,0,22,1,2,18,3,0,5,0,1,4,0,0,11,23,5,34,0
MQ1RXYMQ,7,0,4,2,1,0,7,0,4,2,1,0,0,0,0,0,0,0,0,0,0,0,0,0,7,0,0,7,0
G8JNPLI5,123,9,35,84,13,1,33,4,12,23,2,0,90,5,23,61,11,1,6,0,1,5,0,0,37,95,6,132,0
ZSWZ5NAW,44,19,9,14,10,30,30,12,5,6,7,24,14,7,4,8,3,6,0,1,0,0,0,1,42,21,1,63,0
Q3F9C1ZU,29,1,11,15,4,0,5,0,2,3,0,0,24,1,9,12,4,0,1,0,0,1,0,0,5,25,1,30,0
EZLPDO8L,15,3,2,12,4,0,12,3,2,9,4,0,3,0,0,3,0,0,1,0,0,1,0,0,15,3,1,18,0
6DEOIJ36,56,15,17,47,7,0,48,12,15,38,7,0,8,3,2,9,0,0,1,1,1,1,0,0,60,11,2,71,0
B8UBBQ6T,31,8,8,28,3,0,11,7,3,12,3,0,20,1,5,16,0,0,1,0,0,1,0,0,18,21,1,39,0
P4V3SFHJ,52,21,2,50,16,5,8,0,1,6,1,0,44,21,1,44,15,5,5,14,0,10,4,5,8,65,19,73,0
BEQITWCX,38,9,7,18,13,10,8,4,2,7,3,1,30,5,5,11,10,9,2,0,0,1,1,0,12,35,2,47,0
SME2LNZP,43,0,21,22,0,0,7,0,3,4,0,0,36,0,18,18,0,0,10,0,6,4,0,0,7,36,10,43,0
XOQS9LST,114,6,16,76,28,1,31,1,1,23,8,0,83,5,15,53,20,1,11,0,1,9,1,0,32,88,11,120,0
9YECGAZU,58,8,14,49,3,0,25,8,6,24,3,0,33,0,8,25,0,0,8,0,0,8,0,0,33,33,8,66,0
CRRTWIEC,30,0,9,19,2,2,11,0,0,11,0,0,19,0,9,8,2,2,7,0,2,3,2,2,11,19,7,30,0
NQZ7LGZT,11,0,2,8,1,0,6,0,2,3,1,0,5,0,0,5,0,0,0,0,0,0,0,0,6,5,0,11,0
AUI2FYE2,4,0,2,2,0,0,1,0,1,0,0,0,3,0,1,2,0,0,0,0,0,0,0,0,1,3,0,4,0
DFYZGBUV,26,1,5,17,5,1,9,1,1,5,4,1,17,0,4,12,1,0,2,0,1,1,0,0,10,17,2,27,0
54VUK3OB,6,0,0,6,0,0,0,0,0,0,0,0,6,0,0,6,0,0,1,0,0,1,0,0,0,6,1,6,0
HWPVP1SF,57,14,4,64,1,2,24,11,3,29,1,2,33,3,1,35,0,0,3,0,0,3,0,0,35,36,3,71,0
7YEJRMH7,61,0,16,43,2,2,29,0,13,15,1,2,32,0,3,28,1,0,6,0,0,6,0,0,29,32,6,61,0
YVFSYQCQ,11,3,5,9,0,0,6,3,3,6,0,0,5,0,2,3,0,0,2,0,1,1,0,0,9,5,2,14,0
KJH2BB4J,21,0,1,16,4,0,8,0,0,6,2,0,13,0,1,10,2,0,2,0,0,2,0,0,8,13,2,21,0
EYP1WL1B,15,0,2,12,1,0,3,0,0,3,0,0,12,0,2,9,1,0,3,0,1,2,0,0,3,12,3,15,0
GHGQGJTU,31,1,6,25,1,0,7,1,2,6,0,0,24,0,4,19,1,0,5,0,0,5,0,0,8,24,5,32,0
PWBON2LY,10,1,0,7,3,1,5,1,0,3,2,1,5,0,0,4,1,0,1,0,0,0,1,0,6,5,1,11,0
JQARQCSP,36,2,17,17,2,2,8,0,3,5,0,0,28,2,14,12,2,2,6,1,2,5,0,0,8,30,7,38,0
QM8UWELN,50,6,15,38,3,0,19,6,7,18,0,0,31,0,8,20,3,0,4,0,0,3,1,0,25,31,4,56,0
D3C3IBAM,8,1,0,9,0,0,0,1,0,1,0,0,8,0,0,8,0,0,3,0,0,3,0,0,1,8,3,9,0
BCTELOBZ,11,0,0,9,2,0,4,0,0,3,1,0,7,0,0,6,1,0,0,0,0,0,0,0,4,7,0,11,0
LVTYJRAU,2,1,0,2,1,0,1,0,0,1,0,0,1,1,0,1,1,0,1,0,0,0,1,0,1,2,1,3,0
OBUOYBHW,139,8,66,79,2,2,32,6,12,25,1,0,107,2,54,54,1,2,19,1,14,6,0,0,38,109,20,147,0
ZHM4OKWW,54,10,3,54,7,0,27,9,2,29,5,0,27,1,1,25,2,0,3,0,1,2,0,0,36,28,3,64,0
VCGHUEOR,27,1,6,22,0,0,6,0,0,6,0,0,21,1,6,16,0,0,1,0,0,1,0,0,6,22,1,28,0
WXJMAECR,58,4,6,49,7,0,22,1,3,18,2,0,36,3,3,31,5,0,5,1,0,6,0,0,23,39,6,62,0
JRZGLGQR,16,0,0,11,5,0,14,0,0,9,5,0,2,0,0,2,0,0,0,0,0,0,0,0,14,2,0,16,0
ATEDLTYV,42,4,9,36,1,0,18,2,3,17,0,0,24,2,6,19,1,0,1,0,0,1,0,0,20,26,1,46,0
GQGDIKVW,69,4,10,59,2,3,26,4,3,24,1,2,43,0,7,35,1,1,3,0,0,3,0,0,30,43,3,73,0
Z2R2MKYR,21,3,6,18,0,1,4,1,1,4,0,0,17,2,5,14,0,1,4,0,0,4,0,0,5,19,4,24,0
JHHFCEYW,6,2,1,6,0,1,0,0,0,0,0,0,6,2,1,6,0,1,1,0,0,1,0,0,0,8,1,8,0
JECJOJRO,30,4,6,27,1,0,6,4,2,8,0,0,24,0,4,19,1,0,4,0,0,3,1,0,10,24,4,34,0
TX3OQMWK,13,0,7,6,0,0,3,0,0,3,0,0,10,0,7,3,0,0,1,0,0,1,0,0,3,10,1,13,0
VIKVZDDF,13,2,3,11,1,1,11,2,2,10,1,0,2,0,1,1,0,1,0,0,0,0,0,0,13,2,0,15,0
FVQRCT6Q,19,0,7,12,0,0,6,0,2,4,0,0,13,0,5,8,0,0,3,0,2,1,0,0,6,13,3,19,0
AUAWIJ81,40,5,0,12,16,17,28,1,0,3,12,14,12,4,0,9,4,3,2,0,0,2,0,0,29,16,2,45,0
GNS8TZYJ,5,0,0,5,0,0,0,0,0,0,0,0,5,0,0,5,0,0,1,0,0,1,0,0,0,5,1,5,0
JQPSVRGW,25,1,3,22,1,0,10,1,3,7,1,0,15,0,0,15,0,0,2,0,0,2,0,0,11,15,2,26,0
RKKVWTR4,52,0,9,35,8,0,16,0,1,13,2,0,36,0,8,22,6,0,2,0,2,0,0,0,16,36,2,52,0
Q2QHRSS4,33,5,16,19,3,0,16,5,12,7,2,0,17,0,4,12,1,0,2,0,2,0,0,0,21,17,2,38,0
SLVVUB2C,76,22,16,75,7,1,47,15,7,51,4,0,29,7,9,24,3,1,4,0,0,4,0,0,62,36,4,98,0
MA8JA4ES,21,1,6,16,0,1,6,1,3,4,0,0,15,0,3,12,0,1,1,0,0,1,0,0,7,15,1,22,0
MVXTGC3T,12,3,4,8,3,0,9,3,4,6,2,0,3,0,0,2,1,0,3,0,0,2,1,0,12,3,3,15,0
4OJXXGYB,1,0,1,0,0,0,0,0,0,0,0,0,1,0,1,0,0,0,1,0,1,0,0,0,0,1,1,1,0
SG7NB6M7,17,1,1,13,1,3,2,1,0,3,0,0,15,0,1,10,1,3,3,0,0,0,0,3,3,15,3,18,0
YFIGJE3T,39,1,8,32,0,0,25,1,6,20,0,0,14,0,2,12,0,0,1,0,0,1,0,0,26,14,1,40,0
IJCAFMZX,109,8,23,78,16,0,37,4,10,27,4,0,72,4,13,51,12,0,10,0,4,5,1,0,41,76,10,117,0
HUTF4NMB,5,0,0,4,1,0,2,0,0,1,1,0,3,0,0,3,0,0,2,0,0,2,0,0,2,3,2,5,0
BRKLTFUJ,40,2,8,32,2,0,14,0,4,10,0,0,26,2,4,22,2,0,5,1,0,5,1,0,14,28,6,42,0
UR4SMOGZ,2,0,0,2,0,0,0,0,0,0,0,0,2,0,0,2,0,0,0,0,0,0,0,0,0,2,0,2,0
OW5FWKEB,39,1,5,35,0,0,3,0,0,3,0,0,36,1,5,32,0,0,7,0,0,7,0,0,3,37,7,40,0
HDB7WT4X,17,0,5,8,1,3,10,0,5,4,1,0,7,0,0,4,0,3,0,0,0,0,0,0,10,7,0,17,0
RDHEKGDI,73,24,28,62,7,0,34,12,15,28,3,0,39,12,13,34,4,0,0,0,0,0,0,0,46,51,0,97,0
PJ7DJBXS,40,3,8,35,0,0,25,3,7,21,0,0,15,0,1,14,0,0,5,0,0,5,0,0,28,15,5,43,0
P1ZKOKUW,26,1,5,22,0,0,7,1,2,6,0,0,19,0,3,16,0,0,0,0,0,0,0,0,8,19,0,27,0
JBFSBZII,13,0,3,10,0,0,6,0,2,4,0,0,7,0,1,6,0,0,0,0,0,0,0,0,6,7,0,13,0
PCHUPEVD,70,9,14,48,17,2,33,6,9,22,8,2,37,3,5,26,9,0,3,0,2,1,0,0,39,40,3,79,0
JGLWIVPD,17,0,6,11,0,0,7,0,4,3,0,0,10,0,2,8,0,0,1,0,0,1,0,0,7,10,1,17,0
NHYHJCJV,65,3,10,53,5,0,23,2,6,18,1,0,42,1,4,35,4,0,4,0,0,4,0,0,25,43,4,68,0
IGNLXDKS,11,1,4,8,0,0,6,1,3,4,0,0,5,0,1,4,0,0,0,0,0,0,0,0,7,5,0,12,0
GWMF1X5J,95,3,30,67,1,3,27,2,10,18,1,2,68,1,20,49,0,1,13,0,6,7,0,0,29,69,13,98,0
FKDOGZBC,25,0,4,21,0,0,8,0,1,7,0,0,17,0,3,14,0,0,0,0,0,0,0,0,8,17,0,25,0
GTQKKZWR,35,0,12,23,0,0,13,0,4,9,0,0,22,0,8,14,0,0,3,0,3,0,0,0,13,22,3,35,0
SGN7PYKY,130,3,7,100,24,2,51,2,6,34,11,2,79,1,1,66,13,0,12,0,0,11,1,0,53,80,12,133,0
JWNCJL3C,31,29,0,10,36,14,14,15,0,4,14,11,17,14,0,6,22,3,0,0,0,0,0,0,29,31,0,60,0
K22WGLEW,11,0,2,9,0,0,2,0,0,2,0,0,9,0,2,7,0,0,1,0,0,1,0,0,2,9,1,11,0
Z2M6K5CI,24,1,1,23,1,0,6,0,1,4,1,0,18,1,0,19,0,0,4,0,0,4,0,0,6,19,4,25,0
TEMPAMIH,3,1,1,3,0,0,0,1,0,1,0,0,3,0,1,2,0,0,1,0,0,1,0,0,1,3,1,4,0
BHFRESZ8,11,6,3,9,2,3,5,4,2,7,0,0,6,2,1,2,2,3,0,0,0,0,0,0,9,8,0,17,0
LPQUYKTN,18,0,10,8,0,0,4,0,3,1,0,0,14,0,7,7,0,0,3,0,2,1,0,0,4,14,3,18,0
WJCRH9EG,10,1,0,6,5,0,4,0,0,4,0,0,6,1,0,2,5,0,0,1,0,0,1,0,4,7,1,11,0
IFRMMRK2,20,0,10,10,0,0,4,0,2,2,0,0,16,0,8,8,0,0,2,0,1,1,0,0,4,16,2,20,0
86PYMXWK,2,0,0,2,0,0,0,0,0,0,0,0,2,0,0,2,0,0,0,0,0,0,0,0,0,2,0,2,0
ABP7LIQB,188,55,73,123,30,17,97,35,37,66,14,15,91,20,36,57,16,2,22,6,8,13,5,2,132,111,28,243,0
OSL8JFEZ,40,8,10,30,8,0,27,2,6,18,5,0,13,6,4,12,3,0,0,0,0,0,0,0,29,19,0,48,0
KHU7KHC5,5,1,0,6,0,0,4,1,0,5,0,0,1,0,0,1,0,0,0,0,0,0,0,0,5,1,0,6,0
XFROSKWL,9,1,3,7,0,1,2,1,1,2,0,1,7,0,2,5,0,0,0,0,0,0,0,0,3,7,0,10,0
OBWJLY38,5,4,0,7,2,0,0,0,0,0,0,0,5,4,0,7,2,0,0,2,0,2,0,0,0,9,2,9,0
ZLOURTEF,26,1,7,19,1,1,8,0,4,3,1,1,18,1,3,16,0,0,4,0,0,4,0,0,8,19,4,27,0
ZZOILQRN,73,10,16,50,14,3,18,3,6,12,1,2,55,7,10,38,13,1,6,0,0,6,0,0,21,62,6,83,0
WQEELYC4,51,7,13,39,3,3,2,0,1,1,0,0,49,7,12,38,3,3,17,7,6,14,1,3,2,56,24,58,0
LGJCSLGQ,7,1,2,4,2,0,1,0,0,1,0,0,6,1,2,3,2,0,1,0,0,1,0,0,1,7,1,8,0
MKY6FBYK,5,1,0,2,0,4,0,0,0,0,0,0,5,1,0,2,0,4,1,0,0,0,0,1,0,6,1,6,0
OFDET16E,32,1,3,28,2,0,6,0,2,3,1,0,26,1,1,25,1,0,11,0,1,10,0,0,6,27,11,33,0
FQOQEK8T,159,47,36,129,41,0,82,24,25,52,29,0,77,23,11,77,12,0,4,1,1,4,0,0,106,100,5,206,0
EC8OTGRF,16,1,1,15,1,1,3,0,0,3,0,0,13,1,1,12,1,1,2,0,1,1,0,1,3,14,2,17,0
YSNCAWLP,31,4,3,30,2,1,13,1,3,11,0,1,18,3,0,19,2,0,5,0,0,5,0,0,14,21,5,35,0
2K4PI52C,63,0,13,45,3,2,10,0,4,6,0,0,53,0,9,39,3,2,9,0,0,9,0,0,10,53,9,63,0
133YSEV6,99,42,56,77,7,1,44,13,25,29,3,0,55,29,31,48,4,1,15,9,12,11,0,1,57,84,24,141,0
4XRHKEBR,117,5,27,93,2,2,39,3,7,35,0,0,78,2,20,58,2,2,14,1,3,12,0,0,42,80,15,122,0
HKSNWWSS,7,0,0,5,2,0,1,0,0,1,0,0,6,0,0,4,2,0,2,0,0,2,0,0,1,6,2,7,0
HBYZWUT5,2,0,1,1,0,0,1,0,1,0,0,0,1,0,0,1,0,0,0,0,0,0,0,0,1,1,0,2,0
GWS3AYX4,54,11,14,50,1,0,16,5,4,17,0,0,38,6,10,33,1,0,3,0,1,2,0,0,21,44,3,65,0
M2IAHDPE,43,3,5,35,2,4,16,2,1,12,1,4,27,1,4,23,1,0,6,0,0,6,0,0,18,28,6,46,0
SXTXGIKB,52,12,20,42,2,1,13,1,3,10,1,1,39,11,17,32,1,0,13,1,4,9,1,0,14,50,14,64,0
AEL8QQJE,12,0,1,6,0,5,3,0,0,3,0,0,9,0,1,3,0,5,0,0,0,0,0,0,3,9,0,12,0
IHXRGZEQ,21,1,2,19,1,0,6,1,0,7,0,0,15,0,2,12,1,0,5,0,0,5,0,0,7,15,5,22,0
3L5YH8RY,12,2,2,10,2,0,6,2,0,7,1,0,6,0,2,3,1,0,1,0,0,0,1,0,8,6,1,14,0
2XAQHNCQ,35,12,8,18,13,8,18,4,6,8,3,5,17,8,2,10,10,3,5,4,1,3,2,3,22,25,9,47,0
FQHQNVVV,11,1,2,10,0,0,5,1,2,4,0,0,6,0,0,6,0,0,0,0,0,0,0,0,6,6,0,12,0
DXXHMNT3,24,0,4,16,4,0,7,0,1,4,2,0,17,0,3,12,2,0,0,0,0,0,0,0,7,17,0,24,0
MTQXALBO,40,1,7,34,0,0,8,1,1,8,0,0,32,0,6,26,0,0,9,0,3,6,0,0,9,32,9,41,0
QKTALXDM,10,2,0,12,0,0,2,1,0,3,0,0,8,1,0,9,0,0,0,0,0,0,0,0,3,9,0,12,0
3ZMRGKPE,23,4,7,19,1,0,11,0,5,6,0,0,12,4,2,13,1,0,3,0,1,2,0,0,11,16,3,27,0
FRP33DDM,19,11,3,20,6,1,15,8,2,17,4,0,4,3,1,3,2,1,2,0,1,1,0,0,23,7,2,30,0
E5G2XNKV,36,4,9,30,1,0,4,1,1,4,0,0,32,3,8,26,1,0,7,0,3,4,0,0,5,35,7,40,1
HPJPGAIB,78,7,12,70,3,0,30,4,6,28,0,0,48,3,6,42,3,0,2,0,0,2,0,0,34,51,2,85,0
ODBP3TC3,2,0,0,2,0,0,0,0,0,0,0,0,2,0,0,2,0,0,0,0,0,0,0,0,0,2,0,2,0
KJQKHYXM,29,2,4,25,2,0,6,1,2,4,1,0,23,1,2,21,1,0,2,0,0,1,1,0,7,24,2,31,0
OALXNZJC,26,1,9,18,0,1,7,1,3,5,0,0,19,0,6,13,0,1,0,0,0,0,0,0,8,19,0,27,0
MXM19HI9,22,1,4,18,1,0,14,1,3,12,0,0,8,0,1,6,1,0,3,0,0,2,1,0,15,8,3,23,0
3UAHZOM7,10,2,4,7,1,0,3,2,2,2,1,0,7,0,2,5,0,0,2,0,0,2,0,0,5,7,2,12,0
CVTVVD1N,53,5,5,50,2,1,14,1,2,12,1,0,39,4,3,38,1,1,6,0,1,3,1,1,15,43,6,58,0
S1K1DX6H,22,4,2,23,1,0,6,1,2,5,0,0,16,3,0,18,1,0,4,0,0,4,0,0,7,19,4,26,0
SFESN1WE,9,0,0,9,0,0,4,0,0,4,0,0,5,0,0,5,0,0,2,0,0,2,0,0,4,5,2,9,0
TSWCGT9O,94,2,19,72,5,3,31,1,8,23,1,1,63,1,11,49,4,2,13,0,1,12,0,0,32,64,13,96,0
LYQP4FK4,47,3,9,35,2,4,22,1,3,14,2,4,25,2,6,21,0,0,3,0,0,3,0,0,23,27,3,50,0
NAJ1DU6Y,35,2,9,28,0,0,12,1,3,10,0,0,23,1,6,18,0,0,5,0,1,4,0,0,13,24,5,37,0
1JRK4NQD,24,4,7,15,6,0,3,0,1,2,0,0,21,4,6,13,6,0,7,2,2,4,3,0,3,25,9,28,0
EHTK8KSJ,101,8,17,89,3,1,41,7,13,35,0,1,60,1,4,54,3,0,7,0,0,6,1,0,48,61,7,109,0
ORH6JQWT,185,52,37,124,47,29,73,27,22,46,20,12,112,25,15,78,27,17,36,6,4,21,9,8,100,137,42,237,0
QDZ9OJDM,7,3,0,7,0,3,4,0,0,4,0,0,3,3,0,3,0,3,0,0,0,0,0,0,4,6,0,10,0
PZXNN6ST,19,5,3,20,1,0,3,3,1,5,0,0,16,2,2,15,1,0,2,1,1,2,0,0,6,18,3,24,0
HDNXUPWK,7,1,1,5,2,0,5,1,1,3,2,0,2,0,0,2,0,0,0,0,0,0,0,0,6,2,0,8,0
A2OYJKGO,17,0,5,9,3,0,5,0,1,3,1,0,12,0,4,6,2,0,5,0,3,2,0,0,5,12,5,17,0
S1OWO1CT,1,0,1,0,0,0,1,0,1,0,0,0,0,0,0,0,0,0,0,0,0,0,0,0,1,0,0,1,0
PGRQD1XU,3,0,0,1,2,0,1,0,0,0,1,0,2,0,0,1,1,0,1,0,0,0,1,0,1,2,1,3,0
VZJFNDB6,46,8,2,36,12,4,22,4,1,13,8,4,24,4,1,23,4,0,2,0,0,2,0,0,26,28,2,54,0
R1QLBQ1L,31,14,7,28,10,0,21,8,7,15,7,0,10,6,0,13,3,0,1,0,0,1,0,0,29,16,1,45,0
NR1JMSDU,12,2,4,7,3,0,2,1,1,1,1,0,10,1,3,6,2,0,2,0,0,1,1,0,3,11,2,14,0
MALQKRHN,3,2,0,5,0,0,1,1,0,2,0,0,2,1,0,3,0,0,0,0,0,0,0,0,2,3,0,5,0
VXVF55AL,4,0,0,2,2,0,4,0,0,2,2,0,0,0,0,0,0,0,0,0,0,0,0,0,4,0,0,4,0
XC7B8VMJ,177,42,55,113,50,7,80,18,28,49,20,6,97,24,27,64,30,1,15,0,4,6,5,0,98,121,15,219,0
IIMVS9UV,51,3,18,35,0,4,24,2,10,15,0,3,27,1,8,20,0,1,4,0,1,3,0,1,26,28,4,54,0
HMT9CMBE,63,1,10,52,2,0,16,1,2,14,1,0,47,0,8,38,1,0,5,0,0,5,0,0,17,47,5,64,0
66FWLIWS,45,6,7,41,3,0,20,4,5,17,2,0,25,2,2,24,1,0,5,0,0,5,0,0,24,27,5,51,0
CRIUJOWI,5,2,3,4,0,0,1,1,1,1,0,0,4,1,2,3,0,0,3,0,2,1,0,0,2,5,3,7,0
GE7RFACQ,6,1,2,5,0,1,4,0,0,4,0,0,2,1,2,1,0,1,1,0,1,0,0,0,4,3,1,7,0
1LLZW6ZQ,24,3,7,13,7,1,8,1,1,2,6,0,16,2,6,11,1,1,2,0,1,1,0,0,9,18,2,27,0
FO6VJF5L,103,35,8,98,28,4,51,30,4,54,19,4,52,5,4,44,9,0,13,2,0,13,2,0,81,57,15,138,0
Y7TEEBTP,2,0,0,0,0,1,1,0,0,0,0,0,1,0,0,0,0,1,0,0,0,0,0,0,1,1,0,2,0
MR9OKYTH,4,0,2,2,0,0,4,0,2,2,0,0,0,0,0,0,0,0,0,0,0,0,0,0,4,0,0,4,0
UAK8AMGH,4,0,0,4,0,0,3,0,0,3,0,0,1,0,0,1,0,0,0,0,0,0,0,0,3,1,0,4,0
WJQKDJSL,23,22,1,37,6,1,16,12,1,23,3,1,7,10,0,14,3,0,0,0,0,0,0,0,28,17,0,45,0
3SJTBEAD,7,0,2,5,0,0,0,0,0,0,0,0,7,0,2,5,0,0,1,0,0,1,0,0,0,7,1,7,0
ORDAVGRO,29,5,6,22,6,0,12,5,4,9,4,0,17,0,2,13,2,0,1,0,0,0,1,0,17,17,1,34,0
SUXQ8GDL,29,1,2,20,8,0,10,1,1,6,4,0,19,0,1,14,4,0,0,0,0,0,0,0,11,19,0,30,0
LVJIQBKC,13,0,0,13,0,0,7,0,0,7,0,0,6,0,0,6,0,0,0,0,0,0,0,0,7,6,0,13,0
GDXIKPLF,13,0,2,11,0,0,8,0,2,6,0,0,5,0,0,5,0,0,1,0,0,1,0,0,8,5,1,13,0
HI4257OW,52,14,13,40,13,0,35,13,12,25,11,0,17,1,1,15,2,0,2,0,0,2,0,0,48,18,2,66,0
VNVLFQVO,29,2,4,27,0,0,3,0,1,2,0,0,26,2,3,25,0,0,5,0,0,5,0,0,3,28,5,31,0
5WMEWTPI,40,1,9,30,2,0,8,0,2,5,1,0,32,1,7,25,1,0,8,0,1,7,0,0,8,33,8,41,0
E7DADQKI,125,26,39,102,10,4,45,18,18,37,8,3,80,8,21,65,2,1,6,0,0,6,0,0,63,88,6,151,0
FYU2YNDU,129,9,67,67,4,4,59,4,33,29,1,3,70,5,34,38,3,1,14,0,5,9,0,0,63,75,14,138,0
QDZIZ5EU,109,25,4,81,32,17,45,16,1,39,13,8,64,9,3,42,19,9,17,2,1,8,5,5,61,73,19,134,0
N9VVFPXJ,129,34,32,100,29,1,17,12,10,14,5,0,112,22,22,86,24,1,17,0,1,14,2,0,29,134,17,163,0
ML5ZTXWQ,3,0,1,2,0,0,1,0,1,0,0,0,2,0,0,2,0,0,0,0,0,0,0,0,1,2,0,3,0
JYGZJ7WA,68,10,11,63,4,0,26,7,5,25,3,0,42,3,6,38,1,0,6,0,2,4,0,0,33,45,6,78,0
LIH5F3S4,75,20,7,72,16,0,24,7,5,24,2,0,51,13,2,48,14,0,7,0,0,6,1,0,31,64,7,95,0
1BVTHSHR,34,4,9,29,0,2,9,1,0,10,0,0,25,3,9,19,0,2,2,0,1,1,0,0,10,28,2,38,0
IFZRZFAG,5,0,0,1,3,1,0,0,0,0,0,0,5,0,0,1,3,1,0,0,0,0,0,0,0,5,0,5,0
RXQNXOXJ,65,9,25,43,6,0,25,2,12,15,0,0,40,7,13,28,6,0,5,1,4,2,0,0,27,47,6,74,0
A64RLIGS,65,3,14,54,0,3,12,1,7,6,0,2,53,2,7,48,0,1,13,0,3,10,0,1,13,55,13,68,0
2FJQPGJJ,23,1,8,15,1,1,9,0,4,5,0,1,14,1,4,10,1,0,4,0,0,4,0,0,9,15,4,24,0
FNUOB9IB,33,3,9,26,1,0,9,3,4,8,0,0,24,0,5,18,1,0,2,0,0,2,0,0,12,24,2,36,0
YSCYJNCS,58,1,21,35,2,1,19,0,8,10,0,1,39,1,13,25,2,0,6,0,2,4,0,0,19,40,6,59,0
WIAW5YNA,8,0,3,5,0,0,7,0,3,4,0,0,1,0,0,1,0,0,0,0,0,0,0,0,7,1,0,8,0
1XVXC5KT,2,1,0,1,0,2,0,1,0,0,0,1,2,0,0,1,0,1,1,0,0,0,0,1,1,2,1,3,0
ND3INPV4,34,1,9,22,4,0,7,0,3,4,0,0,27,1,6,18,4,0,4,0,0,4,0,0,7,28,4,35,0
MULTVYN3,8,0,1,6,1,0,3,0,0,2,1,0,5,0,1,4,0,0,1,0,1,0,0,0,3,5,1,8,0
JDRQX3WD,9,1,0,10,0,0,5,1,0,6,0,0,4,0,0,4,0,0,1,0,0,1,0,0,6,4,1,10,0
BUGCCKBY,21,0,5,15,1,0,5,0,1,4,0,0,16,0,4,11,1,0,0,0,0,0,0,0,5,16,0,21,0
ZVEUC3P7,82,13,5,69,19,2,32,4,2,25,7,2,50,9,3,44,12,0,4,1,0,5,0,0,36,59,5,95,0
OJ6BVTNZ,23,3,3,14,6,4,12,3,2,8,3,3,11,0,1,6,3,1,1,0,1,0,0,0,15,11,1,26,0
HNO2JPII,43,1,5,29,9,1,18,0,2,12,3,1,25,1,3,17,6,0,6,0,1,4,1,0,18,26,6,44,0
DLUJLFOS,51,6,0,40,10,7,26,4,0,25,4,1,25,2,0,15,6,6,17,2,0,7,6,6,30,27,19,57,0
GPIGE74Y,33,5,3,33,2,0,9,3,3,7,2,0,24,2,0,26,0,0,2,0,0,2,0,0,12,26,2,38,0
DCUGWLSS,20,4,4,17,2,1,8,0,2,4,1,1,12,4,2,13,1,0,3,0,0,3,0,0,8,16,3,24,0
CZAQLIJK,46,0,8,38,0,0,12,0,2,10,0,0,34,0,6,28,0,0,8,0,1,7,0,0,12,34,8,46,0
B9BGBDKI,69,1,10,59,1,0,23,0,4,19,0,0,46,1,6,40,1,0,6,0,1,5,0,0,23,47,6,70,0
GVSKXKVC,30,5,11,24,0,0,7,2,6,3,0,0,23,3,5,21,0,0,5,0,0,5,0,0,9,26,5,35,0
SDPP95L1,10,0,2,7,1,0,5,0,2,3,0,0,5,0,0,4,1,0,1,0,0,1,0,0,5,5,1,10,0
PVFTBQLQ,3,0,0,3,0,0,0,0,0,0,0,0,3,0,0,3,0,0,1,0,0,1,0,0,0,3,1,3,0
6BYCGZLA,8,0,0,7,1,0,4,0,0,4,0,0,4,0,0,3,1,0,0,0,0,0,0,0,4,4,0,8,0
KYPMBJYN,6,0,0,3,0,3,6,0,0,3,0,3,0,0,0,0,0,0,0,0,0,0,0,0,6,0,0,6,0
DBHCOYOJ,25,2,4,21,2,0,7,0,3,3,1,0,18,2,1,18,1,0,4,0,0,4,0,0,7,20,4,27,0
UHJJDJS2,11,0,5,5,1,1,0,0,0,0,0,0,11,0,5,5,1,1,2,0,0,2,0,0,0,11,2,11,0
WLLODD2X,40,3,2,27,12,2,34,3,1,22,12,2,6,0,1,5,0,0,2,0,0,2,0,0,37,6,2,43,0
SOYNFGDO,147,26,26,122,25,0,41,13,8,41,5,0,106,13,18,81,20,0,12,1,1,9,3,0,54,119,13,173,0
4ZIFGGW1,67,3,11,57,2,0,22,1,4,18,1,0,45,2,7,39,1,0,7,0,2,5,0,0,23,47,7,70,0
KRO7PGFM,23,1,0,24,0,0,5,0,0,5,0,0,18,1,0,19,0,0,5,1,0,6,0,0,5,19,6,24,0
SC4O2R8C,6,0,0,6,0,0,2,0,0,2,0,0,4,0,0,4,0,0,0,0,0,0,0,0,2,4,0,6,0
RQHFPYKP,8,3,0,8,3,0,5,0,0,3,2,0,3,3,0,5,1,0,1,3,0,3,1,0,5,6,4,11,0
4K1HCOU8,4,0,1,3,0,1,1,0,1,0,0,1,3,0,0,3,0,0,0,0,0,0,0,0,1,3,0,4,0
9XGHQCH2,40,3,12,29,2,1,19,3,8,13,1,0,21,0,4,16,1,1,4,0,1,3,0,0,22,21,4,43,0
6LMSKSMQ,27,3,5,19,6,0,6,3,4,2,3,0,21,0,1,17,3,0,2,0,0,2,0,0,9,21,2,30,0
MNEFI6WL,23,0,5,18,0,0,5,0,2,3,0,0,18,0,3,15,0,0,2,0,0,2,0,0,5,18,2,23,0
HKS7GZKB,64,7,35,32,0,7,24,7,15,12,0,6,40,0,20,20,0,1,3,0,2,1,0,0,31,40,3,71,0
QINE5LZ4,52,1,24,29,0,0,16,1,10,7,0,0,36,0,14,22,0,0,10,0,2,8,0,0,17,36,10,53,0
D3UV5ARA,23,3,2,20,4,0,9,1,0,9,1,0,14,2,2,11,3,0,3,0,0,3,0,0,10,16,3,26,0
HCL59ZCH,1,0,0,1,0,0,0,0,0,0,0,0,1,0,0,1,0,0,1,0,0,1,0,0,0,1,1,1,0
MBTJS9LD,46,3,10,38,1,0,19,1,2,17,1,0,27,2,8,21,0,0,4,0,2,2,0,0,20,29,4,49,0
ZPKOMNGT,3,0,0,3,0,0,1,0,0,1,0,0,2,0,0,2,0,0,0,0,0,0,0,0,1,2,0,3,0
DKCZOMSV,40,4,2,31,4,7,16,2,0,9,2,7,24,2,2,22,2,0,5,1,1,4,1,0,18,26,6,44,0
IO9HZOSR,142,36,4,84,67,24,61,24,4,35,33,14,81,12,0,49,34,10,10,2,0,3,6,3,85,93,12,178,0
PXVZT7IQ,5,3,0,8,0,0,2,2,0,4,0,0,3,1,0,4,0,0,0,0,0,0,0,0,4,4,0,8,0
2HECI9JK,42,0,12,30,0,0,9,0,6,3,0,0,33,0,6,27,0,0,7,0,1,6,0,0,9,33,7,42,0
V1NWH4FY,13,1,2,5,4,3,11,1,2,3,4,3,2,0,0,2,0,0,0,0,0,0,0,0,12,2,0,14,0
GGKJDTBE,10,1,2,8,1,0,2,0,0,1,1,0,8,1,2,7,0,0,0,0,0,0,0,0,2,9,0,11,0
MQLTEWLI,84,15,39,47,9,10,43,11,18,25,7,8,41,4,21,22,2,2,5,0,4,1,0,0,54,45,5,99,1
S5TPFVZC,17,2,2,16,1,0,1,1,0,2,0,0,16,1,2,14,1,0,0,0,0,0,0,0,2,17,0,19,0
CHCTYYQU,79,23,7,84,11,0,32,9,5,32,4,0,47,14,2,52,7,0,6,0,0,5,1,0,41,61,6,102,0
QAVIQIOE,216,32,34,150,56,9,71,14,14,44,19,9,145,18,20,106,37,0,1,0,0,1,0,0,85,163,1,248,0
AHLWRC4U,64,19,6,57,19,1,24,11,5,24,6,0,40,8,1,33,13,1,6,1,1,6,0,0,35,48,7,83,0
GDZRTHOH,41,6,15,31,1,1,9,0,3,6,0,0,32,6,12,25,1,1,27,4,12,18,1,1,9,38,31,47,0
QJLQQLZB,138,11,22,108,19,0,56,2,9,40,9,0,82,9,13,68,10,0,16,2,1,16,1,0,58,91,18,149,0
7TEFAKHS,16,4,8,7,5,0,12,4,5,6,5,0,4,0,3,1,0,0,4,0,3,1,0,0,16,4,4,20,0
XJHYB3UZ,39,0,4,34,1,0,7,0,1,6,0,0,32,0,3,28,1,0,8,0,1,7,0,0,7,32,8,39,0
ZXWFWR8O,32,15,10,30,7,0,9,2,3,6,2,0,23,13,7,24,5,0,2,0,1,1,0,0,11,36,2,47,0
QQB3KDAY,10,0,4,6,0,0,5,0,1,4,0,0,5,0,3,2,0,0,3,0,1,2,0,0,5,5,3,10,0
8ZKICRRC,5,0,0,4,1,0,3,0,0,2,1,0,2,0,0,2,0,0,0,0,0,0,0,0,3,2,0,5,0
CJWMAKEJ,11,0,3,8,0,0,2,0,2,0,0,0,9,0,1,8,0,0,4,0,1,3,0,0,2,9,4,11,0
PSYGQSJR,22,4,1,20,5,0,17,4,1,16,4,0,5,0,0,4,1,0,1,0,0,1,0,0,21,5,1,26,0
DRFQXF5W,55,15,9,53,8,0,33,15,6,35,7,0,22,0,3,18,1,0,5,0,1,4,0,0,48,22,5,70,0
R48I4ZSI,17,1,0,17,1,0,5,0,0,5,0,0,12,1,0,12,1,0,4,1,0,4,1,0,5,13,5,18,0
FIJA3GAJ,56,23,19,58,2,0,21,6,8,18,1,0,35,17,11,40,1,0,12,0,2,9,1,0,27,52,12,79,0
AYGVT5AD,7,0,0,7,0,0,3,0,0,3,0,0,4,0,0,4,0,0,1,0,0,1,0,0,3,4,1,7,0
TGRH3W5U,60,12,17,54,1,0,19,10,6,23,0,0,41,2,11,31,1,0,8,0,1,7,0,0,29,43,8,72,0
T7MK6HKI,58,2,14,46,0,0,23,1,5,19,0,0,35,1,9,27,0,0,4,0,1,3,0,0,24,36,4,60,1
CRXB5BD8,17,2,2,14,2,1,6,0,1,2,2,1,11,2,1,12,0,0,0,0,0,0,0,0,6,13,0,19,0
LMKERYFL,155,31,36,122,27,6,75,22,24,60,13,5,80,9,12,62,14,1,14,0,1,11,2,0,97,89,14,186,0
7BEBMFWT,18,7,0,18,5,2,11,3,0,10,2,2,7,4,0,8,3,0,1,0,0,1,0,0,14,11,1,25,0
9TRD6ZI9,68,8,22,43,11,4,23,5,10,15,3,3,45,3,12,28,8,1,0,0,0,0,0,0,28,48,0,76,0
6SZVOAPW,80,14,21,55,12,7,23,1,7,15,2,0,57,13,14,40,10,7,30,12,7,23,6,7,24,70,42,94,0
LQVXJ1G5,47,11,13,40,5,0,24,4,2,25,1,0,23,7,11,15,4,0,1,0,1,0,0,0,28,30,1,58,0
OH3BVNJV,104,23,52,69,5,0,35,10,16,26,3,0,69,13,36,43,2,0,22,0,10,12,0,0,45,82,22,127,0
QOK3Q4FU,10,0,1,7,1,2,1,0,0,1,0,0,9,0,1,6,1,2,3,0,0,3,0,0,1,9,3,10,0
UONTZFK1,21,4,0,17,4,3,4,0,0,4,0,0,17,4,0,13,4,3,7,1,0,3,1,3,4,21,8,25,0
FNEHBFL5,13,0,1,12,0,0,2,0,0,2,0,0,11,0,1,10,0,0,4,0,0,4,0,0,2,11,4,13,0
HY2KQPNX,8,3,1,9,1,0,1,0,0,1,0,0,7,3,1,8,1,0,0,0,0,0,0,0,1,10,0,11,0
5UFHSCQ4,14,0,4,10,0,0,7,0,1,6,0,0,7,0,3,4,0,0,1,0,1,0,0,0,7,7,1,14,0
IIFK6PPW,113,22,29,85,16,5,42,13,12,30,10,3,71,9,17,55,6,2,14,0,6,8,0,0,55,80,14,135,0
APN8LVQQ,32,1,12,21,0,0,9,1,2,8,0,0,23,0,10,13,0,0,5,0,3,2,0,0,10,23,5,33,0
ZSKVZSVU,40,4,19,25,0,0,22,4,15,11,0,0,18,0,4,14,0,0,2,0,1,1,0,0,26,18,2,44,0
NYCYFB2B,133,44,26,122,29,1,55,22,9,53,15,1,78,22,17,69,14,0,11,0,3,8,0,0,77,100,11,177,0
VV6O1FYU,262,94,81,209,63,16,103,48,31,92,25,9,159,46,50,117,38,7,14,0,6,7,1,0,151,205,14,356,0
RIXX7WTN,10,0,3,7,0,0,5,0,0,5,0,0,5,0,3,2,0,0,3,0,2,1,0,0,5,5,3,10,0
SFIZHQKB,26,3,12,15,2,2,6,2,5,1,2,0,20,1,7,14,0,2,3,0,2,1,0,2,8,21,3,29,0
YJER7WC4,30,0,4,25,1,0,10,0,4,6,0,0,20,0,0,19,1,0,2,0,0,2,0,0,10,20,2,30,0
9X7CSZDI,11,0,1,8,2,0,3,0,1,2,0,0,8,0,0,6,2,0,0,0,0,0,0,0,3,8,0,11,0
YP5BCJAY,105,10,24,88,2,3,36,4,15,25,0,2,69,6,9,63,2,1,13,0,3,10,0,0,40,75,13,115,0
VNCTJPJS,89,9,5,63,26,4,28,9,1,22,12,2,61,0,4,41,14,2,13,0,4,9,0,0,37,61,13,98,0
QBK9NSBT,19,1,10,9,1,0,8,0,3,5,0,0,11,1,7,4,1,0,1,0,1,0,0,0,8,12,1,20,0
88JKHKI9,96,3,11,67,15,6,8,1,0,7,2,0,88,2,11,60,13,6,12,1,1,11,1,0,9,90,13,99,0
EIFGVGDG,9,5,1,12,1,0,0,0,0,0,0,0,9,5,1,12,1,0,2,0,0,2,0,0,0,14,2,14,1
MAPBFKKG,85,4,18,70,1,0,26,2,8,20,0,0,59,2,10,50,1,0,4,0,1,3,0,0,28,61,4,89,0
KKHLRRXE,24,1,5,19,1,0,8,1,2,6,1,0,16,0,3,13,0,0,2,0,0,2,0,0,9,16,2,25,0
ULSCECFM,9,0,0,9,0,0,8,0,0,8,0,0,1,0,0,1,0,0,0,0,0,0,0,0,8,1,0,9,0
YOGXF2HW,59,10,18,45,6,0,30,1,9,18,4,0,29,9,9,27,2,0,5,1,0,6,0,0,31,38,6,69,0
JY89EJZ2,3,0,0,3,0,0,3,0,0,3,0,0,0,0,0,0,0,0,0,0,0,0,0,0,3,0,0,3,0
QQVHSRDE,112,35,38,85,23,2,53,31,22,49,12,2,59,4,16,36,11,0,13,0,7,6,0,0,84,63,13,147,0
1ENB2XDQ,47,2,7,33,8,1,21,1,5,10,6,1,26,1,2,23,2,0,4,0,1,3,0,0,22,27,4,49,0
8FWA2PGQ,17,1,6,10,2,1,5,1,2,4,0,0,12,0,4,6,2,1,2,0,1,0,1,1,6,12,2,18,0
VPGOSXFZ,66,5,17,52,2,0,16,1,5,11,1,0,50,4,12,41,1,0,10,0,4,6,0,0,17,54,10,71,0
SEMD2IV3,19,2,6,15,0,0,6,0,2,4,0,0,13,2,4,11,0,0,3,0,2,1,0,0,6,15,3,21,0
I7GVOL1W,2,0,0,2,0,0,0,0,0,0,0,0,2,0,0,2,0,0,2,0,0,2,0,0,0,2,2,2,0
KVIDSUEG,13,8,3,17,1,0,7,4,2,8,1,0,6,4,1,9,0,0,2,0,1,1,0,0,11,10,2,21,0
ZFZBG1BJ,1,0,1,0,0,0,0,0,0,0,0,0,1,0,1,0,0,0,1,0,1,0,0,0,0,1,1,1,0
PMLWGSFF,39,3,12,29,1,0,9,1,3,6,1,0,30,2,9,23,0,0,0,0,0,0,0,0,10,32,0,42,0
D1HCFJUI,26,16,4,13,7,18,3,4,1,3,3,0,23,12,3,10,4,18,6,6,0,8,4,0,7,35,12,42,1
AR1MHBCF,42,2,14,28,2,0,12,0,2,9,1,0,30,2,12,19,1,0,5,0,2,3,0,0,12,32,5,44,0
1FLFVKKP,42,0,9,25,8,0,8,0,1,4,3,0,34,0,8,21,5,0,5,0,3,2,0,0,8,34,5,42,0
WTKUZGED,173,47,50,149,21,2,64,24,25,58,5,2,109,23,25,91,16,0,21,3,3,19,2,0,88,132,24,220,0
WQ6TYBQW,227,29,76,149,29,7,64,21,20,53,10,5,163,8,56,96,19,2,21,0,9,12,0,0,85,171,21,256,0
ZGSIPHAT,49,0,8,31,3,7,20,0,1,10,2,7,29,0,7,21,1,0,5,0,2,2,1,0,20,29,5,49,0
ONAXEJC9,4,0,1,3,0,1,1,0,0,1,0,0,3,0,1,2,0,1,0,0,0,0,0,0,1,3,0,4,0
6LNHMMFD,44,1,4,28,13,0,14,1,0,10,5,0,30,0,4,18,8,0,3,0,0,3,0,0,15,30,3,45,0
GH57HB7J,83,1,36,46,2,3,28,1,12,16,1,2,55,0,24,30,1,1,7,0,4,2,1,1,29,55,7,84,0
W9F4PP7U,1,0,0,1,0,0,1,0,0,1,0,0,0,0,0,0,0,0,0,0,0,0,0,0,1,0,0,1,0
XXN1LDXH,39,2,18,20,3,1,4,0,4,0,0,0,35,2,14,20,3,1,1,0,0,1,0,0,4,37,1,41,0
A3LQA61J,7,6,0,6,0,6,3,5,0,3,0,5,4,1,0,3,0,1,2,1,0,1,0,1,8,5,3,13,0
YM57CIWK,46,10,8,44,4,1,18,8,5,17,4,0,28,2,3,27,0,1,5,0,0,5,0,0,26,30,5,56,0
SHVIJMMG,12,0,0,11,1,0,4,0,0,4,0,0,8,0,0,7,1,0,1,0,0,1,0,0,4,8,1,12,0
TJY6OY2L,93,5,30,65,3,1,24,2,8,18,0,0,69,3,22,47,3,1,12,0,3,9,0,0,26,72,12,98,0
PAZURN3O,133,32,13,134,16,2,43,13,4,42,8,2,90,19,9,92,8,0,9,2,2,8,1,0,56,109,11,165,0
LDDHHHYX,16,2,0,16,2,0,4,0,0,3,1,0,12,2,0,13,1,0,1,0,0,1,0,0,4,14,1,18,0
V7O2TITB,3,0,3,0,0,0,0,0,0,0,0,0,3,0,3,0,0,0,0,0,0,0,0,0,0,3,0,3,0
7YIKUHQE,1,5,3,3,0,0,1,4,2,3,0,0,0,1,1,0,0,0,0,0,0,0,0,0,5,1,0,6,0
JQBEHN3I,11,0,2,9,0,0,4,0,2,2,0,0,7,0,0,7,0,0,2,0,0,2,0,0,4,7,2,11,0
TY8CAVNI,1,0,0,1,0,0,0,0,0,0,0,0,1,0,0,1,0,0,0,0,0,0,0,0,0,1,0,1,0
PXLOZFDG,8,2,0,2,8,0,8,2,0,2,8,0,0,0,0,0,0,0,0,0,0,0,0,0,10,0,0,10,0
QP4XT31I,72,10,18,56,1,7,22,6,9,16,1,2,50,4,9,40,0,5,10,1,0,11,0,0,28,54,11,82,0
JHKJCH8U,62,9,15,51,5,0,20,2,5,15,2,0,42,7,10,36,3,0,7,1,3,4,1,0,22,49,8,71,0
LEOJUMRE,12,1,1,11,1,0,8,1,1,8,0,0,4,0,0,3,1,0,0,0,0,0,0,0,9,4,0,13,0
SRRGV7LP,53,0,8,40,5,0,15,0,1,14,0,0,38,0,7,26,5,0,6,0,0,5,1,0,15,38,6,53,0
RXNKLSLB,16,0,3,13,0,0,3,0,1,2,0,0,13,0,2,11,0,0,5,0,1,4,0,0,3,13,5,16,0
BRNOHAKL,76,16,19,72,1,0,17,2,5,14,0,0,59,14,14,58,1,0,12,0,1,10,1,0,19,73,12,92,0
IUKP853W,6,4,1,7,2,0,0,0,0,0,0,0,6,4,1,7,2,0,3,3,0,4,2,0,0,10,6,10,0
7GCBEFMK,27,2,10,19,0,0,10,0,4,6,0,0,17,2,6,13,0,0,3,0,1,2,0,0,10,19,3,29,0
OCY3C5M5,26,0,9,17,0,0,6,0,2,4,0,0,20,0,7,13,0,0,3,0,0,3,0,0,6,20,3,26,1
JEXYMM5U,1,0,0,1,0,0,0,0,0,0,0,0,1,0,0,1,0,0,0,0,0,0,0,0,0,1,0,1,0
LLGEIFSW,6,0,2,3,1,0,0,0,0,0,0,0,6,0,2,3,1,0,1,0,0,0,1,0,0,6,1,6,0
OJFBGGHJ,153,38,42,103,46,2,40,21,15,33,13,1,113,17,27,70,33,1,19,0,2,12,5,0,61,130,19,191,0
TRBAU7GY,38,5,12,31,0,0,14,4,1,17,0,0,24,1,11,14,0,0,3,1,2,2,0,0,18,25,4,43,0
SLJFJEGV,100,24,14,67,31,12,55,19,8,37,21,8,45,5,6,30,10,4,5,0,3,1,1,0,74,50,5,124,0
RSMGX3VY,10,0,1,9,0,0,4,0,1,3,0,0,6,0,0,6,0,0,2,0,0,2,0,0,4,6,2,10,0
RK5ELEIG,36,12,3,42,3,0,26,8,3,30,1,0,10,4,0,12,2,0,1,0,0,1,0,0,34,14,1,48,0
LEQM4CSR,31,3,3,31,0,0,16,2,1,17,0,0,15,1,2,14,0,0,5,0,1,4,0,0,18,16,5,34,0
MCWS3TKF,19,6,9,16,0,1,8,2,4,6,0,0,11,4,5,10,0,1,2,0,2,0,0,1,10,15,2,25,0
K5OJZINP,28,1,10,19,0,0,3,0,0,3,0,0,25,1,10,16,0,0,12,0,5,7,0,0,3,26,12,29,0
OEYI2YDW,17,1,3,12,3,0,11,1,3,8,1,0,6,0,0,4,2,0,2,0,0,2,0,0,12,6,2,18,0
SNMWDBMU,70,8,14,58,5,1,20,4,6,15,3,0,50,4,8,43,2,1,5,0,0,5,0,0,24,54,5,78,0
8TZUEFCM,67,10,20,52,5,0,12,3,3,9,3,0,55,7,17,43,2,0,9,0,4,5,0,0,15,62,9,77,0
OVUR9O6C,139,12,43,105,3,0,48,5,13,39,1,0,91,7,30,66,2,0,16,2,5,12,1,0,53,98,18,151,0
K1R5NAGS,25,0,4,21,0,0,6,0,2,4,0,0,19,0,2,17,0,0,2,0,1,1,0,0,6,19,2,25,0
QBRTS5ZQ,47,0,17,29,1,0,13,0,4,8,1,0,34,0,13,21,0,0,6,0,3,3,0,0,13,34,6,47,0
QITIZO6H,78,1,10,68,1,0,15,1,3,13,0,0,63,0,7,55,1,0,11,0,4,7,0,0,16,63,11,79,0
XNJ125CW,110,47,36,91,28,2,21,16,6,21,9,1,89,31,30,70,19,1,13,1,4,10,0,0,37,120,14,157,0
C7RKIWD4,82,0,41,41,0,2,15,0,10,5,0,0,67,0,31,36,0,2,6,0,0,6,0,0,15,67,6,82,0
GSUVUQS8,21,6,0,24,3,0,8,2,0,10,0,0,13,4,0,14,3,0,0,0,0,0,0,0,10,17,0,27,0
TIZGTACJ,112,11,16,103,3,1,29,8,6,31,0,0,83,3,10,72,3,1,9,0,1,7,1,0,37,86,9,123,0
PMY635WI,5,2,1,6,0,0,2,0,0,2,0,0,3,2,1,4,0,0,0,0,0,0,0,0,2,5,0,7,0
YVJHGOMY,13,0,3,10,0,0,5,0,0,5,0,0,8,0,3,5,0,0,1,0,1,0,0,0,5,8,1,13,0
GMFDLOMD,10,8,2,12,1,3,3,5,1,5,1,1,7,3,1,7,0,2,0,2,0,0,0,2,8,10,2,18,0
1VKHR1IS,38,6,13,28,3,0,7,0,1,5,1,0,31,6,12,23,2,0,9,2,3,6,2,0,7,37,11,44,0
TFGZSLPM,245,59,66,183,55,3,95,20,24,63,28,1,150,39,42,120,27,2,28,3,9,22,0,1,115,189,31,304,0
SGV4AIC9,23,0,5,17,1,0,7,0,1,6,0,0,16,0,4,11,1,0,2,0,1,1,0,0,7,16,2,23,0
UKMG3FQ8,39,0,8,30,1,0,13,0,3,10,0,0,26,0,5,20,1,0,6,0,1,5,0,0,13,26,6,39,0
VHCRTUWU,25,1,7,18,1,0,12,1,5,7,1,0,13,0,2,11,0,0,2,0,1,1,0,0,13,13,2,26,0
VNONDTW8,3,5,1,7,0,0,1,0,1,0,0,0,2,5,0,7,0,0,0,1,0,1,0,0,1,7,1,8,0
3HEGVHLW,45,0,10,35,0,0,12,0,1,11,0,0,33,0,9,24,0,0,6,0,4,2,0,0,12,33,6,45,0
GXJNACMA,82,16,21,75,2,1,29,10,9,28,2,1,53,6,12,47,0,0,7,0,1,6,0,0,39,59,7,98,0
RT7FN7G9,75,8,14,68,1,0,25,2,5,22,0,0,50,6,9,46,1,0,6,2,2,6,0,0,27,56,8,83,0
DQTF8AE1,15,4,13,6,0,0,5,0,5,0,0,0,10,4,8,6,0,0,3,0,2,1,0,0,5,14,3,19,0
WHDBCAST,48,27,10,47,16,2,23,20,6,26,9,2,25,7,4,21,7,0,0,0,0,0,0,0,43,32,0,75,0
DDWNBWMN,81,9,15,69,6,0,20,1,1,20,0,0,61,8,14,49,6,0,13,5,5,11,2,0,21,69,18,90,0
3XQDYWHH,1,0,0,0,0,1,0,0,0,0,0,0,1,0,0,0,0,1,0,0,0,0,0,0,0,1,0,1,0
TQWUWDQ1,22,1,7,13,3,0,12,0,5,5,2,0,10,1,2,8,1,0,0,0,0,0,0,0,12,11,0,23,0
JU9YRLX6,12,0,2,10,0,0,4,0,1,3,0,0,8,0,1,7,0,0,1,0,1,0,0,0,4,8,1,12,0
KVBG3RRV,82,5,25,58,4,0,24,5,6,22,1,0,58,0,19,36,3,0,4,0,2,2,0,0,29,58,4,87,0
8FB7UTMJ,103,20,32,75,16,1,41,16,9,35,13,0,62,4,23,40,3,1,14,2,6,9,1,0,57,66,16,123,0
WP8B3GSO,103,16,9,98,12,0,47,8,5,43,7,0,56,8,4,55,5,0,8,0,0,6,2,0,55,64,8,119,0
TLIV4HGL,16,0,2,13,1,0,3,0,0,3,0,0,13,0,2,10,1,0,0,0,0,0,0,0,3,13,0,16,0
J9LHMKQU,5,0,3,0,2,3,2,0,0,0,2,0,3,0,3,0,0,3,0,0,0,0,0,0,2,3,0,5,0
TKKPTHSD,7,0,0,7,0,0,1,0,0,1,0,0,6,0,0,6,0,0,0,0,0,0,0,0,1,6,0,7,0
U75BEEKN,45,6,8,35,7,1,12,4,3,9,3,1,33,2,5,26,4,0,4,1,0,5,0,0,16,35,5,51,0
HSK9QSBH,27,12,0,25,8,6,14,12,0,12,8,6,13,0,0,13,0,0,2,0,0,2,0,0,26,13,2,39,0
UG53MCFH,4,0,0,4,0,0,0,0,0,0,0,0,4,0,0,4,0,0,1,0,0,1,0,0,0,4,1,4,0
ZIOERJ8X,58,2,37,23,0,1,16,2,14,4,0,1,42,0,23,19,0,0,5,0,4,1,0,0,18,42,5,60,0
WCOI6SOY,42,2,10,31,3,0,11,0,1,9,1,0,31,2,9,22,2,0,6,0,1,5,0,0,11,33,6,44,0
HZA77IKY,48,2,8,42,0,1,20,2,4,18,0,0,28,0,4,24,0,1,9,0,1,8,0,0,22,28,9,50,0
DWQKLV17,40,2,12,30,0,0,12,0,3,9,0,0,28,2,9,21,0,0,4,0,1,3,0,0,12,30,4,42,0
DAWHCADP,79,14,23,64,6,0,23,6,5,24,0,0,56,8,18,40,6,0,5,0,1,4,0,0,29,64,5,93,0
BEAYJUQZ,28,1,9,20,0,0,13,0,3,10,0,0,15,1,6,10,0,0,2,0,2,0,0,0,13,16,2,29,0
3SZXVI6D,13,1,3,6,2,3,4,0,0,2,2,0,9,1,3,4,0,3,2,0,1,1,0,0,4,10,2,14,0
CKO5WXFW,70,7,13,51,7,7,8,4,3,6,2,2,62,3,10,45,5,5,8,0,3,5,0,0,12,65,8,77,0
QFTTBIZT,94,6,18,53,22,8,18,0,1,9,7,1,76,6,17,44,15,7,6,0,3,3,0,0,18,82,6,100,0
NE4PP7TP,19,0,6,12,1,0,4,0,1,3,0,0,15,0,5,9,1,0,1,0,0,1,0,0,4,15,1,19,0
LIPIDP2D,25,0,8,17,0,0,8,0,3,5,0,0,17,0,5,12,0,0,2,0,1,1,0,0,8,17,2,25,1
7UPPXHHQ,14,0,3,11,0,0,3,0,1,2,0,0,11,0,2,9,0,0,2,0,1,1,0,0,3,11,2,14,0
OWKNOAUI,43,7,2,31,7,10,8,0,0,8,0,0,35,7,2,23,7,10,14,6,1,5,5,9,8,42,20,50,0
LURJQTBW,20,0,4,15,1,0,8,0,3,5,0,0,12,0,1,10,1,0,1,0,0,1,0,0,8,12,1,20,0
HITMHWSY,5,0,1,2,0,2,1,0,1,0,0,0,4,0,0,2,0,2,0,0,0,0,0,0,1,4,0,5,0
3IHSZPIJ,66,17,30,49,4,0,16,4,6,13,1,0,50,13,24,36,3,0,5,1,3,3,0,0,20,63,6,83,0
FD5UWLHF,20,5,2,23,0,0,10,5,0,15,0,0,10,0,2,8,0,0,2,0,1,1,0,0,15,10,2,25,0
SFHGZKMY,39,5,5,38,1,0,9,2,3,8,0,0,30,3,2,30,1,0,8,1,1,8,0,0,11,33,9,44,0
ECMOBRQ7,30,0,12,18,0,0,15,0,4,11,0,0,15,0,8,7,0,0,0,0,0,0,0,0,15,15,0,30,0
D2PSNNYC,9,0,2,7,0,0,1,0,0,1,0,0,8,0,2,6,0,0,0,0,0,0,0,0,1,8,0,9,0
ZEPUXKWV,53,7,10,46,0,4,11,2,1,12,0,0,42,5,9,34,0,4,12,0,2,10,0,0,13,47,12,60,0
PXQIUJRR,102,9,37,68,6,0,40,7,16,26,5,0,62,2,21,42,1,0,15,0,5,10,0,0,47,64,15,111,0
LOZP4LD4,54,0,2,45,7,0,20,0,1,14,5,0,34,0,1,31,2,0,7,0,0,7,0,0,20,34,7,54,0
YBPDYRW4,48,0,15,29,4,2,16,0,4,11,1,1,32,0,11,18,3,1,3,0,2,0,1,0,16,32,3,48,0
6CG2B9IH,47,16,3,53,7,0,25,8,2,29,2,0,22,8,1,24,5,0,3,1,1,2,1,0,33,30,4,63,0
PSV2ZYOQ,10,0,2,8,0,0,0,0,0,0,0,0,10,0,2,8,0,0,0,0,0,0,0,0,0,10,0,10,0
VVNSZNZZ,15,0,2,13,0,0,6,0,1,5,0,0,9,0,1,8,0,0,0,0,0,0,0,0,6,9,0,15,0
EHYHDZUX,89,3,26,61,5,0,43,3,14,27,5,0,46,0,12,34,0,0,8,0,0,8,0,0,46,46,8,92,0
WAYWJZF1,17,12,9,19,1,0,6,11,5,11,1,0,11,1,4,8,0,0,1,0,0,1,0,0,17,12,1,29,0
RKF9OAW2,78,3,13,64,4,0,21,3,4,18,2,0,57,0,9,46,2,0,8,0,1,7,0,0,24,57,8,81,0
QYIV71WI,61,3,16,46,2,0,10,2,3,9,0,0,51,1,13,37,2,0,12,0,3,9,0,0,12,52,12,64,0
JDCDEZFZ,2,3,0,4,1,0,0,0,0,0,0,0,2,3,0,4,1,0,1,2,0,2,1,0,0,5,3,5,0
7VTJL7W8,17,0,4,13,0,0,2,0,1,1,0,0,15,0,3,12,0,0,6,0,0,6,0,0,2,15,6,17,0
U9NUKXH8,13,0,6,7,0,0,6,0,4,2,0,0,7,0,2,5,0,0,0,0,0,0,0,0,6,7,0,13,0
NMRRUR8Q,56,14,10,47,10,3,22,1,3,14,3,3,34,13,7,33,7,0,1,0,0,1,0,0,23,47,1,70,0
EDJGFMZ9,60,1,13,46,2,0,13,1,4,10,0,0,47,0,9,36,2,0,4,0,2,2,0,0,14,47,4,61,0
1P67ARSN,44,0,12,32,0,0,14,0,3,11,0,0,30,0,9,21,0,0,3,0,0,3,0,0,14,30,3,44,0
S7GSWI4L,12,0,1,8,2,1,1,0,0,1,0,0,11,0,1,7,2,1,0,0,0,0,0,0,1,11,0,12,0
YEVQHCJO,76,7,9,70,4,1,23,2,3,22,0,0,53,5,6,48,4,1,3,0,1,2,0,1,25,58,3,83,0
PUV1CSHH,17,4,7,14,0,0,3,2,3,2,0,0,14,2,4,12,0,0,0,0,0,0,0,0,5,16,0,21,0
QGZKB2T4,16,0,1,12,2,1,6,0,1,2,2,1,10,0,0,10,0,0,1,0,0,1,0,0,6,10,1,16,0
WDWPNXN1,173,13,13,59,30,83,61,6,3,11,8,44,112,7,10,48,22,39,5,0,0,5,0,0,67,119,5,186,0
AJNWW68C,63,7,8,57,4,1,17,5,1,19,2,0,46,2,7,38,2,1,2,0,0,2,0,0,22,48,2,70,0
GC4PNOWB,30,1,17,14,0,1,9,1,5,5,0,0,21,0,12,9,0,1,4,0,2,2,0,0,10,21,4,31,0
8NI1LBDN,52,3,11,41,3,0,22,2,5,18,1,0,30,1,6,23,2,0,8,0,1,5,2,0,24,31,8,55,0
E95I6JOK,10,3,2,10,1,0,3,2,1,3,1,0,7,1,1,7,0,0,2,0,0,2,0,0,5,8,2,13,0
2L4DAYBC,116,14,20,98,12,0,65,9,8,57,9,0,51,5,12,41,3,0,14,0,4,10,0,0,74,56,14,130,0
CMPR9F1B,35,0,8,27,0,0,9,0,3,6,0,0,26,0,5,21,0,0,3,0,0,3,0,0,9,26,3,35,0
LCMUOYWD,17,0,1,16,0,0,4,0,1,3,0,0,13,0,0,13,0,0,4,0,0,4,0,0,4,13,4,17,0
7SWRFZ62,1,0,0,0,1,0,0,0,0,0,0,0,1,0,0,0,1,0,1,0,0,0,1,0,0,1,1,1,0
Y1E9N77Q,37,2,11,28,0,1,15,0,3,12,0,1,22,2,8,16,0,0,2,0,1,1,0,0,15,24,2,39,0
FIFKX5YI,8,0,1,7,0,0,4,0,1,3,0,0,4,0,0,4,0,0,0,0,0,0,0,0,4,4,0,8,0
Q1VQAIUH,2,0,0,1,0,1,0,0,0,0,0,0,2,0,0,1,0,1,0,0,0,0,0,0,0,2,0,2,0
W4ITBHM2,19,0,2,16,1,0,4,0,0,4,0,0,15,0,2,12,1,0,0,0,0,0,0,0,4,15,0,19,0
UBOVQPEU,4,5,2,4,3,1,3,1,2,1,1,1,1,4,0,3,2,0,0,0,0,0,0,0,4,5,0,9,0
V5AGP9RJ,35,9,10,29,5,1,15,5,4,12,4,0,20,4,6,17,1,1,4,0,2,2,0,0,20,24,4,44,0
JAVUIBQF,77,10,17,43,16,11,24,7,3,22,6,0,53,3,14,21,10,11,1,0,0,1,0,0,31,56,1,87,0
ZZLRIVBW,24,1,12,13,0,0,5,0,3,2,0,0,19,1,9,11,0,0,0,0,0,0,0,0,5,20,0,25,0
MB255WGF,22,2,4,17,1,3,5,1,1,5,0,1,17,1,3,12,1,2,5,1,2,4,0,0,6,18,6,24,0
NV2N4ICW,10,3,6,5,2,0,2,2,3,0,1,0,8,1,3,5,1,0,0,0,0,0,0,0,4,9,0,13,0
FRRS1PSW,14,3,4,13,0,0,4,2,1,5,0,0,10,1,3,8,0,0,3,0,1,2,0,0,6,11,3,17,0
H8YQCRXL,26,10,11,22,3,0,9,8,9,8,0,0,17,2,2,14,3,0,9,0,1,6,2,0,17,19,9,36,0
KBGWAXKI,15,1,3,13,0,0,2,1,0,3,0,0,13,0,3,10,0,0,1,0,0,1,0,0,3,13,1,16,0
3XUJ4KSE,143,8,23,107,21,9,27,0,2,24,1,0,116,8,21,83,20,9,29,0,6,18,5,3,27,124,29,151,0
DFMUC6YD,36,2,5,31,2,0,18,2,4,15,1,0,18,0,1,16,1,0,2,0,0,2,0,0,20,18,2,38,0
SSLTEJQO,20,1,7,12,2,2,7,0,1,5,1,0,13,1,6,7,1,2,5,1,3,2,1,2,7,14,6,21,0
INTKCZBT,9,0,2,7,0,0,5,0,0,5,0,0,4,0,2,2,0,0,2,0,1,1,0,0,5,4,2,9,0
3GMNAN4N,24,0,12,10,2,0,11,0,6,5,0,0,13,0,6,5,2,0,0,0,0,0,0,0,11,13,0,24,0
XLZNADLB,83,10,19,68,6,0,26,5,6,19,6,0,57,5,13,49,0,0,6,0,0,6,0,0,31,62,6,93,0
8JSRRE7H,15,1,7,9,0,0,11,1,5,7,0,0,4,0,2,2,0,0,0,0,0,0,0,0,12,4,0,16,0
GJECVFHR,81,1,17,60,1,5,37,1,11,22,1,4,44,0,6,38,0,1,10,0,0,10,0,0,38,44,10,82,0
W7OG8HJJ,65,2,27,37,3,0,23,2,9,14,2,0,42,0,18,23,1,0,1,0,1,0,0,0,25,42,1,67,0
AZGZO2VK,23,4,5,20,2,0,17,4,5,14,2,0,6,0,0,6,0,0,1,0,0,1,0,0,21,6,1,27,0
Y4DROYZQ,136,47,13,118,33,19,65,13,8,53,11,6,71,34,5,65,22,13,14,0,1,12,1,0,78,105,14,183,0
CMAUO1PE,8,3,2,2,1,6,0,2,1,0,0,1,8,1,1,2,1,5,3,1,1,0,0,3,2,9,4,11,0
JXBJRYZO,10,3,0,3,2,8,1,0,0,1,0,0,9,3,0,2,2,8,0,0,0,0,0,0,1,12,0,13,0
2G9ZQK5C,40,1,14,26,1,3,8,0,1,6,1,0,32,1,13,20,0,3,11,0,5,6,0,0,8,33,11,41,0
6ILLB2OS,87,6,21,67,5,1,36,6,14,24,4,0,51,0,7,43,1,1,14,0,2,12,0,0,42,51,14,93,0
HNIH6KPN,38,1,13,26,0,0,23,0,5,18,0,0,15,1,8,8,0,0,1,0,0,1,0,0,23,16,1,39,0
G6YCCHUA,25,3,0,24,4,0,13,2,0,12,3,0,12,1,0,12,1,0,0,0,0,0,0,0,15,13,0,28,0
CZNV35RQ,39,3,2,35,5,0,14,0,0,13,1,0,25,3,2,22,4,0,5,0,2,3,0,0,14,28,5,42,0
X295GT9E,19,1,6,14,0,1,7,1,0,8,0,0,12,0,6,6,0,1,3,0,2,1,0,0,8,12,3,20,0
YKNWS2EK,2,0,0,2,0,0,0,0,0,0,0,0,2,0,0,2,0,0,0,0,0,0,0,0,0,2,0,2,0
VSJOKFXO,6,0,1,5,0,0,2,0,0,2,0,0,4,0,1,3,0,0,0,0,0,0,0,0,2,4,0,6,0
OO5OPBUU,70,16,3,73,7,3,17,0,0,17,0,0,53,16,3,56,7,3,13,15,1,18,6,3,17,69,28,86,0
VUKLUXKU,72,12,8,52,19,7,27,4,4,22,5,1,45,8,4,30,14,6,0,0,0,0,0,0,31,53,0,84,0
JBHBLNMP,32,7,7,28,3,0,17,3,7,11,1,0,15,4,0,17,2,0,6,1,0,6,1,0,20,19,7,39,0
NCWATP1E,14,0,3,11,0,0,2,0,1,1,0,0,12,0,2,10,0,0,0,0,0,0,0,0,2,12,0,14,0
3EFND71G,19,0,2,17,0,0,7,0,1,6,0,0,12,0,1,11,0,0,4,0,1,3,0,0,7,12,4,19,0
TPF6DPKW,84,13,10,49,37,1,39,8,4,26,17,0,45,5,6,23,20,1,4,0,1,3,0,0,47,50,4,97,0
OKICPUTG,17,1,2,16,0,1,9,1,1,9,0,0,8,0,1,7,0,1,0,0,0,0,0,0,10,8,0,18,0
MQOT8IET,15,0,0,15,0,0,5,0,0,5,0,0,10,0,0,10,0,0,0,0,0,0,0,0,5,10,0,15,0
3QSBMJRK,25,0,7,18,0,0,10,0,5,5,0,0,15,0,2,13,0,0,1,0,0,1,0,0,10,15,1,25,0
W8ASUESQ,77,0,21,38,18,2,33,0,11,13,9,1,44,0,10,25,9,1,9,0,3,6,0,0,33,44,9,77,0
4YSZIH4J,141,9,31,108,10,1,26,5,5,23,2,1,115,4,26,85,8,0,15,0,6,9,0,0,31,119,15,150,0
F1CO1IBQ,80,17,6,85,6,0,32,10,4,33,5,0,48,7,2,52,1,0,15,0,0,15,0,0,42,55,15,97,0
QS7EFBNA,47,3,11,38,1,0,23,1,7,17,0,0,24,2,4,21,1,0,4,0,1,3,0,0,24,26,4,50,0
ZTO6R6JD,5,0,1,4,0,0,0,0,0,0,0,0,5,0,1,4,0,0,0,0,0,0,0,0,0,5,0,5,0
SXZ5U4B1,26,2,5,19,4,1,12,1,4,7,2,1,14,1,1,12,2,0,1,0,0,1,0,0,13,15,1,28,0
VZ7L38ON,15,2,2,11,2,2,1,1,1,0,1,0,14,1,1,11,1,2,1,0,0,0,0,1,2,15,1,17,0
TYVX6HSC,29,1,4,26,0,0,13,1,2,12,0,0,16,0,2,14,0,0,1,0,0,1,0,0,14,16,1,30,0
EEHJOKUZ,23,0,4,19,0,0,7,0,1,6,0,0,16,0,3,13,0,0,5,0,2,3,0,0,7,16,5,23,0
SSXGJDVQ,8,0,0,7,1,0,0,0,0,0,0,0,8,0,0,7,1,0,1,0,0,1,0,0,0,8,1,8,0
EYCJBLIK,5,0,0,4,1,0,4,0,0,3,1,0,1,0,0,1,0,0,1,0,0,1,0,0,4,1,1,5,0
PQFK9BGQ,11,0,3,8,0,0,6,0,2,4,0,0,5,0,1,4,0,0,1,0,1,0,0,0,6,5,1,11,0
7PXVCWCO,17,1,3,15,0,0,5,1,2,4,0,0,12,0,1,11,0,0,0,0,0,0,0,0,6,12,0,18,0
QYNMTW7D,137,17,20,102,32,0,59,11,10,44,16,0,78,6,10,58,16,0,13,1,3,8,3,0,70,84,14,154,0
V2QRUD3L,17,0,1,11,3,2,11,0,0,10,1,0,6,0,1,1,2,2,1,0,0,1,0,0,11,6,1,17,1
PHHGC7VV,13,2,2,10,3,0,8,2,0,7,3,0,5,0,2,3,0,0,0,0,0,0,0,0,10,5,0,15,0
KKGARQQJ,18,1,6,13,0,0,7,0,5,2,0,0,11,1,1,11,0,0,0,0,0,0,0,0,7,12,0,19,0
BVLHKTA5,2,2,0,4,0,0,0,1,0,1,0,0,2,1,0,3,0,0,1,0,0,1,0,0,1,3,1,4,0
5WD6MOKE,50,10,4,52,4,0,23,1,4,16,4,0,27,9,0,36,0,0,9,0,0,9,0,0,24,36,9,60,0
DW2WVHRG,5,1,2,4,0,0,2,1,1,2,0,0,3,0,1,2,0,0,2,0,1,1,0,0,3,3,2,6,0
CUKTDJSK,46,3,6,37,6,0,13,1,0,13,1,0,33,2,6,24,5,0,6,0,1,5,0,0,14,35,6,49,0
MQTKVTHD,33,7,1,37,2,0,6,0,1,5,0,0,27,7,0,32,2,0,8,0,0,8,0,0,6,34,8,40,0
KRKAAMX4,26,1,8,18,1,0,7,1,2,5,1,0,19,0,6,13,0,0,4,0,2,2,0,0,8,19,4,27,0
CNR4R31Y,26,0,5,21,0,0,8,0,1,7,0,0,18,0,4,14,0,0,5,0,2,3,0,0,8,18,5,26,0
PFGHC15X,70,8,6,71,1,0,20,2,3,18,1,0,50,6,3,53,0,0,10,0,0,10,0,0,22,56,10,78,0
9QYPZBX3,58,10,29,33,3,3,25,3,8,14,3,3,33,7,21,19,0,0,8,0,6,2,0,0,28,40,8,68,0
W2IX5OWA,38,1,7,31,1,1,18,1,6,12,1,1,20,0,1,19,0,0,4,0,0,4,0,0,19,20,4,39,0
NBNWM5IY,195,41,9,112,42,73,116,36,2,41,36,73,79,5,7,71,6,0,4,0,0,4,0,0,152,84,4,236,0
EEGGDBSX,100,8,10,69,27,2,34,2,7,21,7,1,66,6,3,48,20,1,6,0,1,4,1,0,36,72,6,108,0
NPW6UYKW,11,1,3,7,2,0,5,1,1,3,2,0,6,0,2,4,0,0,1,0,0,1,0,0,6,6,1,12,0
RXKQA9MJ,37,0,4,31,2,0,9,0,2,7,0,0,28,0,2,24,2,0,0,0,0,0,0,0,9,28,0,37,0
1TJMJPSH,14,3,1,14,2,0,7,3,1,9,0,0,7,0,0,5,2,0,1,0,0,1,0,0,10,7,1,17,0
N2OVPEHI,114,9,32,83,8,3,45,6,16,30,5,2,69,3,16,53,3,1,5,0,0,5,0,0,51,72,5,123,0
EP3OCJC7,118,39,48,89,19,2,31,11,14,19,9,0,87,28,34,70,10,2,6,3,7,2,0,0,42,115,9,157,0
9MFQYEWB,42,3,7,35,3,0,15,0,3,11,1,0,27,3,4,24,2,0,4,2,2,4,0,0,15,30,6,45,0
ARTEXEGV,5,0,1,4,0,0,3,0,0,3,0,0,2,0,1,1,0,0,1,0,1,0,0,0,3,2,1,5,0
HOCZOJBQ,34,6,5,30,5,0,16,6,2,16,4,0,18,0,3,14,1,0,1,0,0,1,0,0,22,18,1,40,0
MAS4CI1V,53,2,10,45,0,0,17,1,1,17,0,0,36,1,9,28,0,0,2,0,0,2,0,0,18,37,2,55,0
HKWELKQK,3,0,0,3,0,0,1,0,0,1,0,0,2,0,0,2,0,0,1,0,0,1,0,0,1,2,1,3,0
281GMQHP,64,13,23,51,3,0,25,3,8,18,2,0,39,10,15,33,1,0,5,1,2,4,0,0,28,49,6,77,0
O75OALJ8,16,1,2,8,5,2,5,1,0,2,2,2,11,0,2,6,3,0,4,0,1,2,1,0,6,11,4,17,0
EYJW99Y9,54,1,5,49,1,0,15,1,0,16,0,0,39,0,5,33,1,0,10,0,1,9,0,0,16,39,10,55,0
WZ9N8VYR,89,9,15,74,9,2,24,6,5,21,4,1,65,3,10,53,5,1,16,0,4,9,3,0,30,68,16,98,0
JRO5PN7J,35,0,7,23,5,0,4,0,1,3,0,0,31,0,6,20,5,0,5,0,0,4,1,0,4,31,5,35,0
SO9NJSLT,81,3,15,65,4,0,18,1,5,14,0,0,63,2,10,51,4,0,6,0,1,5,0,0,19,65,6,84,0
KJEZSIAZ,117,12,34,80,15,0,24,7,8,22,1,0,93,5,26,58,14,0,20,0,8,9,3,0,31,98,20,129,0
LCIYKN8Q,55,3,5,50,3,0,10,3,2,9,2,0,45,0,3,41,1,0,6,0,0,6,0,0,13,45,6,58,0
V2Q454WL,49,5,5,43,6,0,15,1,0,15,1,0,34,4,5,28,5,0,10,2,2,8,2,0,16,38,12,54,0
PHLTVCFY,5,1,0,2,2,2,1,1,0,1,1,0,4,0,0,1,1,2,0,0,0,0,0,0,2,4,0,6,0
K6VDK8L4,243,39,41,181,58,4,84,15,12,73,13,1,159,24,29,108,45,3,42,7,7,34,8,2,99,183,49,282,0
CAIGJA6X,46,0,4,16,2,22,26,0,1,5,1,17,20,0,3,11,1,5,3,0,1,2,0,0,26,20,3,46,0
TSKENTGQ,71,6,20,54,3,1,22,4,5,18,3,0,49,2,15,36,0,1,3,1,2,2,0,0,26,51,4,77,0
IL2IAO8S,16,5,5,15,1,0,4,4,3,5,0,0,12,1,2,10,1,0,0,0,0,0,0,0,8,13,0,21,0
XCSFIAHZ,76,3,8,63,8,0,41,3,2,34,8,0,35,0,6,29,0,0,8,0,2,6,0,0,44,35,8,79,0
KFGFZJZ5,12,0,4,8,0,0,0,0,0,0,0,0,12,0,4,8,0,0,6,0,3,3,0,0,0,12,6,12,0
RUP1WYLI,66,0,5,28,1,31,35,0,1,7,0,26,31,0,4,21,1,5,4,0,0,4,0,0,35,31,4,66,1
8ONHXPAB,3,0,0,3,0,0,3,0,0,3,0,0,0,0,0,0,0,0,0,0,0,0,0,0,3,0,0,3,0
GCYCSDS3,18,0,5,13,0,0,2,0,0,2,0,0,16,0,5,11,0,0,3,0,1,2,0,0,2,16,3,18,0
6FTQJ7UC,46,3,20,27,2,1,27,3,14,14,2,1,19,0,6,13,0,0,1,0,1,0,0,0,30,19,1,49,0
S1L1PCJY,64,3,22,43,1,1,24,2,10,15,1,0,40,1,12,28,0,1,7,1,2,6,0,0,26,41,8,67,0
MTDMGLGH,115,14,48,76,5,5,45,11,18,33,5,3,70,3,30,43,0,2,10,0,6,4,0,0,56,73,10,129,0
DQ4OEADV,9,0,3,5,1,0,4,0,1,2,1,0,5,0,2,3,0,0,0,0,0,0,0,0,4,5,0,9,0
FN3XBDRY,30,0,7,22,1,0,19,0,7,12,0,0,11,0,0,10,1,0,2,0,0,2,0,0,19,11,2,30,0
DNWAA4EU,4,0,1,2,1,0,0,0,0,0,0,0,4,0,1,2,1,0,1,0,0,0,1,0,0,4,1,4,0
KHHFDRB7,34,1,13,22,0,0,14,1,6,9,0,0,20,0,7,13,0,0,2,0,1,1,0,0,15,20,2,35,0
HV73WWUX,128,23,28,92,23,8,45,18,6,29,20,8,83,5,22,63,3,0,6,1,0,7,0,0,63,88,7,151,0
ACJY3TZF,157,45,39,140,22,3,45,16,16,37,7,2,112,29,23,103,15,1,19,2,4,17,0,0,61,141,21,202,0
YMHPTJAP,36,2,10,28,0,0,9,2,2,9,0,0,27,0,8,19,0,0,2,0,1,1,0,0,11,27,2,38,0
CYK8FO1V,7,0,2,5,0,0,2,0,1,1,0,0,5,0,1,4,0,0,0,0,0,0,0,0,2,5,0,7,0
SFKKU8EG,30,1,7,21,3,0,10,1,1,7,3,0,20,0,6,14,0,0,1,0,0,1,0,0,11,20,1,31,0
WXYELAIQ,35,0,9,25,1,0,12,0,3,8,1,0,23,0,6,17,0,0,2,0,0,2,0,0,12,23,2,35,0
IGFZD3DJ,79,2,7,73,1,0,20,2,4,18,0,0,59,0,3,55,1,0,17,0,1,16,0,0,22,59,17,81,0
JNDHZBKC,19,6,2,22,1,0,5,2,0,7,0,0,14,4,2,15,1,0,1,0,0,1,0,0,7,18,1,25,0
LWDGFGFF,67,2,6,52,11,0,15,0,4,10,1,0,52,2,2,42,10,0,0,0,0,0,0,0,15,54,0,69,0
XOQ5GSYB,13,0,2,9,2,0,8,0,1,6,1,0,5,0,1,3,1,0,0,0,0,0,0,0,8,5,0,13,0
VPLSS6LT,4,0,0,4,0,0,3,0,0,3,0,0,1,0,0,1,0,0,0,0,0,0,0,0,3,1,0,4,0
R7VYADZU,82,18,11,69,20,1,32,11,5,29,9,1,50,7,6,40,11,0,8,0,1,7,0,0,43,57,8,100,0
ZZZVQJWV,95,7,29,70,3,0,21,2,5,18,0,0,74,5,24,52,3,0,8,0,2,6,0,0,23,79,8,102,0
KORE8AIZ,89,37,6,59,50,11,44,22,4,30,25,7,45,15,2,29,25,4,4,0,1,2,1,0,66,60,4,126,0
WQBQRI2J,24,1,5,19,1,0,7,0,2,5,0,0,17,1,3,14,1,0,3,0,1,2,0,0,7,18,3,25,0
G2XWQY4G,57,8,4,40,15,6,21,6,2,16,7,2,36,2,2,24,8,4,2,0,0,2,0,0,27,38,2,65,0
ZQMHXVQV,30,4,6,23,5,0,13,3,2,10,4,0,17,1,4,13,1,0,4,0,0,4,0,0,16,18,4,34,0
JFXDS6H2,39,1,12,28,0,0,9,1,6,4,0,0,30,0,6,24,0,0,3,0,1,2,0,0,10,30,3,40,0
IN3LDXDX,57,2,25,34,0,0,14,0,7,7,0,0,43,2,18,27,0,0,2,0,1,1,0,0,14,45,2,59,0
PX9BDI1Q,143,54,61,127,9,2,54,40,25,61,8,2,89,14,36,66,1,0,10,0,2,8,0,0,94,103,10,197,0
TBGXJCGE,6,0,2,4,0,0,4,0,0,4,0,0,2,0,2,0,0,0,1,0,1,0,0,0,4,2,1,6,0
UCCQIXZJ,81,7,20,58,8,3,27,3,4,23,2,2,54,4,16,35,6,1,7,0,3,4,0,0,30,58,7,88,0
72A2RN4P,31,1,6,22,3,1,7,0,1,5,1,0,24,1,5,17,2,1,5,0,0,3,1,1,7,25,5,32,0
FDBVJG9T,41,0,7,31,3,0,8,0,1,7,0,0,33,0,6,24,3,0,4,0,2,2,0,0,8,33,4,41,0
IEYC8CTN,15,1,6,9,0,2,4,0,2,2,0,0,11,1,4,7,0,2,2,0,1,1,0,0,4,12,2,16,0
FBRJXF8U,30,8,2,24,10,2,13,4,2,11,4,0,17,4,0,13,6,2,2,0,0,2,0,0,17,21,2,38,0
XNMENP5S,1,0,0,1,0,0,0,0,0,0,0,0,1,0,0,1,0,0,1,0,0,1,0,0,0,1,1,1,0
OIYVTY7V,56,5,3,54,4,0,12,0,1,10,1,0,44,5,2,44,3,0,4,0,1,3,0,0,12,49,4,61,0
YDXE3UCV,74,5,29,41,8,1,26,3,6,20,2,1,48,2,23,21,6,0,10,0,3,7,0,0,29,50,10,79,0
JIQF45MJ,16,0,2,13,1,0,7,0,1,6,0,0,9,0,1,7,1,0,6,0,1,4,1,0,7,9,6,16,0
GE55EHNR,38,5,7,28,8,2,13,1,4,10,0,1,25,4,3,18,8,1,2,0,2,0,0,1,14,29,2,43,0
W7FHSPO5,35,4,5,28,1,5,11,0,1,10,0,0,24,4,4,18,1,5,12,1,0,8,1,4,11,28,13,39,0
TWPLWWD3,39,11,5,39,5,1,6,1,0,5,2,0,33,10,5,34,3,1,8,8,2,11,2,1,7,43,16,50,0
JY9HBRUB,22,0,6,16,0,0,4,0,1,3,0,0,18,0,5,13,0,0,4,0,0,4,0,0,4,18,4,22,0
FPQFZGEQ,52,2,20,34,0,0,16,1,6,11,0,0,36,1,14,23,0,0,2,0,1,1,0,0,17,37,2,54,0
IZ5A853O,66,5,5,65,1,0,9,5,1,12,1,0,57,0,4,53,0,0,11,0,1,10,0,0,14,57,11,71,0
6OFBCAHD,23,10,3,4,13,13,0,0,0,0,0,0,23,10,3,4,13,13,23,10,3,4,13,13,0,33,33,33,0
1NLJD3AC,12,0,0,11,1,0,2,0,0,2,0,0,10,0,0,9,1,0,1,0,0,1,0,0,2,10,1,12,0
G43OAVIC,4,0,0,4,0,0,1,0,0,1,0,0,3,0,0,3,0,0,0,0,0,0,0,0,1,3,0,4,0
Q9YBN1Y6,15,1,2,14,0,0,6,1,1,6,0,0,9,0,1,8,0,0,3,0,0,3,0,0,7,9,3,16,1
719QY7U3,21,0,8,11,2,0,8,0,3,3,2,0,13,0,5,8,0,0,3,0,0,3,0,0,8,13,3,21,0
SWQKQJMT,16,2,3,15,0,0,3,2,1,4,0,0,13,0,2,11,0,0,2,0,1,1,0,0,5,13,2,18,0
BRFYDWCF,7,1,0,8,0,0,1,0,0,1,0,0,6,1,0,7,0,0,0,0,0,0,0,0,1,7,0,8,0
HQ7EURYE,4,0,0,2,2,0,2,0,0,0,2,0,2,0,0,2,0,0,0,0,0,0,0,0,2,2,0,4,0
ZLCUIGKP,72,1,24,47,2,0,25,1,6,20,0,0,47,0,18,27,2,0,0,0,0,0,0,0,26,47,0,73,0
33EHWATI,21,1,3,19,0,0,5,0,1,4,0,0,16,1,2,15,0,0,1,0,0,1,0,0,5,17,1,22,0
OAM8C4UC,111,10,40,74,7,1,49,4,16,31,6,0,62,6,24,43,1,1,9,0,2,7,0,0,53,68,9,121,0
OSWYE1ZK,14,0,1,13,0,0,7,0,1,6,0,0,7,0,0,7,0,0,0,0,0,0,0,0,7,7,0,14,0
LV2TJB3U,25,0,13,12,0,0,4,0,2,2,0,0,21,0,11,10,0,0,4,0,2,2,0,0,4,21,4,25,0
KZYLCGPS,37,2,5,34,0,1,11,2,4,9,0,1,26,0,1,25,0,0,0,0,0,0,0,0,13,26,0,39,0
WTKVJY5G,17,1,5,12,1,0,4,0,1,3,0,0,13,1,4,9,1,0,2,1,1,2,0,0,4,14,3,18,0
SQWQXTY3,9,4,5,5,3,0,2,0,1,1,0,0,7,4,4,4,3,0,1,0,0,1,0,0,2,11,1,13,0
CMHKOODR,38,2,9,31,0,2,15,0,7,8,0,2,23,2,2,23,0,0,3,0,0,3,0,0,15,25,3,40,0
BC573G8R,25,0,0,25,0,0,15,0,0,15,0,0,10,0,0,10,0,0,2,0,0,2,0,0,15,10,2,25,0
CKCHVZHB,99,14,16,78,13,7,52,10,11,36,9,7,47,4,5,42,4,0,7,0,1,6,0,0,62,51,7,113,0
GOQNDTDQ,39,0,4,35,0,0,7,0,1,6,0,0,32,0,3,29,0,0,5,0,0,5,0,0,7,32,5,39,0
BINJDI3E,11,0,2,9,0,0,4,0,1,3,0,0,7,0,1,6,0,0,1,0,0,1,0,0,4,7,1,11,0
LGKLJYPO,15,0,5,9,1,0,2,0,1,1,0,0,13,0,4,8,1,0,4,0,1,3,0,0,2,13,4,15,0
K2GWCNOO,3,1,1,1,1,1,1,0,0,0,1,0,2,1,1,1,0,1,1,0,0,1,0,0,1,3,1,4,0
7JKHGQGW,46,5,13,30,8,2,26,4,10,15,5,2,20,1,3,15,3,0,1,0,0,1,0,0,30,21,1,51,0
WOKUECCM,42,1,12,31,0,0,12,1,4,9,0,0,30,0,8,22,0,0,1,0,0,1,0,0,13,30,1,43,0
SRNQFF8G,67,4,8,59,4,0,20,3,1,20,2,0,47,1,7,39,2,0,9,1,3,7,0,0,23,48,10,71,0
LDUZQDQS,25,0,9,16,0,0,3,0,2,1,0,0,22,0,7,15,0,0,2,0,1,1,0,0,3,22,2,25,0
T4FLYMV8,62,2,17,45,2,0,16,1,3,14,0,0,46,1,14,31,2,0,9,0,2,6,1,0,17,47,9,64,0
C4EAUCTO,35,0,14,20,1,0,11,0,4,7,0,0,24,0,10,13,1,0,4,0,3,1,0,0,11,24,4,35,0
F5Z8BBJW,46,4,2,41,7,0,19,3,2,14,6,0,27,1,0,27,1,0,6,0,0,5,1,0,22,28,6,50,0
EHEGBYCY,18,1,7,11,1,0,11,0,5,5,1,0,7,1,2,6,0,0,1,0,1,0,0,0,11,8,1,19,0
XMLIWLMU,8,1,6,2,1,0,3,1,4,0,0,0,5,0,2,2,1,0,1,0,1,0,0,0,4,5,1,9,0
MNDCKEJ7,38,2,11,26,3,0,11,0,3,6,2,0,27,2,8,20,1,0,4,0,1,3,0,0,11,29,4,40,0
C3ZZFLNB,29,0,3,25,1,1,7,0,1,6,0,0,22,0,2,19,1,1,3,0,0,3,0,0,7,22,3,29,0
PV1B2XYB,8,1,2,7,0,0,2,0,1,1,0,0,6,1,1,6,0,0,3,0,0,3,0,0,2,7,3,9,0
OCFPIAHZ,5,0,1,1,3,0,5,0,1,1,3,0,0,0,0,0,0,0,0,0,0,0,0,0,5,0,0,5,0
E8BZOT8Q,92,10,28,68,6,0,36,5,11,29,1,0,56,5,17,39,5,0,8,0,3,5,0,0,41,61,8,102,0
LPSU9LFK,27,1,2,26,0,0,13,0,1,12,0,0,14,1,1,14,0,0,4,0,0,4,0,0,13,15,4,28,0
HA1GYC58,22,0,7,15,0,0,2,0,1,1,0,0,20,0,6,14,0,0,2,0,1,1,0,0,2,20,2,22,0
RHSGQEUS,9,3,5,5,1,1,4,1,4,1,0,0,5,2,1,4,1,1,3,1,1,2,0,1,5,7,4,12,0
JGOLGBBG,13,1,6,8,0,0,4,0,2,2,0,0,9,1,4,6,0,0,4,0,2,2,0,0,4,10,4,14,0
ULRVCBKV,28,1,2,26,1,0,13,1,0,14,0,0,15,0,2,12,1,0,3,0,0,3,0,0,14,15,3,29,0
2GITWIYF,48,3,0,48,3,0,14,3,0,15,2,0,34,0,0,33,1,0,3,0,0,3,0,0,17,34,3,51,0
YQNOQPQE,67,2,14,55,0,1,13,1,4,10,0,0,54,1,10,45,0,1,11,0,3,8,0,0,14,55,11,69,0
KRQWBUPZ,5,0,2,3,0,0,2,0,0,2,0,0,3,0,2,1,0,0,1,0,1,0,0,0,2,3,1,5,1
GPIZ31CR,11,1,5,7,0,0,8,0,3,5,0,0,3,1,2,2,0,0,2,0,1,1,0,0,8,4,2,12,0
KNVPIH2E,71,13,10,61,13,0,18,4,4,16,2,0,53,9,6,45,11,0,14,2,2,10,4,0,22,62,16,84,0
TC5WKNUV,30,4,4,23,7,0,12,0,3,7,2,0,18,4,1,16,5,0,5,1,1,5,0,0,12,22,6,34,1
ZDXZMJEZ,10,1,2,9,0,0,6,0,2,4,0,0,4,1,0,5,0,0,1,0,0,1,0,0,6,5,1,11,0
KXGHEKEX,70,1,22,44,5,0,22,0,5,15,2,0,48,1,17,29,3,0,7,0,1,5,1,0,22,49,7,71,0
TJNGFCRF,55,5,2,54,4,0,13,2,1,14,0,0,42,3,1,40,4,0,12,1,0,13,0,0,15,45,13,60,0
H9WVF5IY,12,1,4,9,0,0,2,1,1,2,0,0,10,0,3,7,0,0,2,0,2,0,0,0,3,10,2,13,0
UWBFFMNF,6,1,3,3,1,0,2,0,0,2,0,0,4,1,3,1,1,0,2,0,2,0,0,0,2,5,2,7,0
SNA3OCD4,31,0,5,25,1,0,14,0,4,9,1,0,17,0,1,16,0,0,9,0,1,8,0,0,14,17,9,31,0
MH6JZQBS,15,5,5,15,0,0,5,2,1,6,0,0,10,3,4,9,0,0,2,0,1,1,0,0,7,13,2,20,0
SVKYBODX,71,4,33,41,1,1,40,3,19,24,0,1,31,1,14,17,1,0,1,0,1,0,0,0,43,32,1,75,0
QDUSKJAY,74,0,12,62,0,0,26,0,5,21,0,0,48,0,7,41,0,0,7,0,1,6,0,0,26,48,7,74,0
7WZZBIFT,9,0,2,7,0,0,5,0,2,3,0,0,4,0,0,4,0,0,1,0,0,1,0,0,5,4,1,9,0
E3JHL5IG,24,0,3,20,1,0,10,0,1,9,0,0,14,0,2,11,1,0,4,0,2,1,1,0,10,14,4,24,0
Q4F4NBU4,17,0,5,12,0,1,10,0,0,10,0,0,7,0,5,2,0,1,1,0,0,1,0,0,10,7,1,17,0
NAPKKCJS,22,3,3,20,2,0,7,2,2,5,2,0,15,1,1,15,0,0,5,0,0,5,0,0,9,16,5,25,0
5FE7ACMG,37,0,5,32,0,2,4,0,0,4,0,0,33,0,5,28,0,2,4,0,2,2,0,0,4,33,4,37,0
LSLVDYIW,40,0,6,30,4,0,12,0,2,9,1,0,28,0,4,21,3,0,7,0,0,5,2,0,12,28,7,40,0
UMR9FVJC,37,4,16,23,2,0,10,3,3,9,1,0,27,1,13,14,1,0,3,0,0,3,0,0,13,28,3,41,0
OFS8NLS9,67,1,14,53,1,0,20,1,3,18,0,0,47,0,11,35,1,0,1,0,0,1,0,0,21,47,1,68,0
MIJTCLT6,7,3,2,8,0,0,6,3,1,8,0,0,1,0,1,0,0,0,0,0,0,0,0,0,9,1,0,10,0
YPCLCBLX,43,5,11,29,8,0,16,4,5,12,3,0,27,1,6,17,5,0,0,0,0,0,0,0,20,28,0,48,0
P8NK4N3Y,97,2,25,70,4,1,34,2,4,28,4,0,63,0,21,42,0,1,5,0,2,3,0,0,36,63,5,99,0
WOFP3RIE,10,0,0,8,2,0,2,0,0,2,0,0,8,0,0,6,2,0,3,0,0,2,1,0,2,8,3,10,0
FQGVIYSJ,10,4,0,13,1,0,3,2,0,4,1,0,7,2,0,9,0,0,0,0,0,0,0,0,5,9,0,14,0
UOBXXL1T,28,4,2,22,6,2,4,0,0,4,0,0,24,4,2,18,6,2,13,4,1,10,4,2,4,28,17,32,0
C8LQV6HS,12,0,2,10,0,0,6,0,1,5,0,0,6,0,1,5,0,0,0,0,0,0,0,0,6,6,0,12,0
OHSGO5TB,38,2,7,29,4,0,8,2,2,5,3,0,30,0,5,24,1,0,5,0,0,5,0,0,10,30,5,40,0
NSLCLJJJ,34,1,10,24,1,0,16,0,3,12,1,0,18,1,7,12,0,0,0,0,0,0,0,0,16,19,0,35,0
EO8YKHLS,16,0,5,11,0,0,4,0,2,2,0,0,12,0,3,9,0,0,2,0,0,2,0,0,4,12,2,16,0
G328KL5H,41,3,20,24,0,0,6,2,3,5,0,0,35,1,17,19,0,0,8,1,5,4,0,0,8,36,9,44,0
SIC2ZTMM,3,0,0,3,0,0,2,0,0,2,0,0,1,0,0,1,0,0,0,0,0,0,0,0,2,1,0,3,0
S1CNOARG,42,1,12,30,1,0,15,1,4,11,1,0,27,0,8,19,0,0,3,0,1,2,0,0,16,27,3,43,0
LLHEOSAW,27,0,5,21,1,0,15,0,4,10,1,0,12,0,1,11,0,0,0,0,0,0,0,0,15,12,0,27,0
IZXAGPEK,138,22,43,109,8,1,47,13,19,38,3,1,91,9,24,71,5,0,16,0,6,10,0,0,60,100,16,160,0
USVRQTRX,64,7,16,51,4,0,19,5,7,16,1,0,45,2,9,35,3,0,5,0,0,5,0,0,24,47,5,71,0
DM84T17N,63,9,25,43,4,0,11,4,6,8,1,0,52,5,19,35,3,0,9,0,3,5,1,0,15,57,9,72,0
EGYNGF3X,77,7,14,63,2,6,32,0,6,25,1,0,45,7,8,38,1,6,8,0,1,7,0,0,32,52,8,84,0
Q86A7PLF,4,0,2,2,0,0,1,0,1,0,0,0,3,0,1,2,0,0,0,0,0,0,0,0,1,3,0,4,0
IFG5BNBN,38,4,14,28,0,1,12,2,4,10,0,1,26,2,10,18,0,0,3,2,1,4,0,0,14,28,5,42,0
O99XEHUI,93,7,35,61,4,6,26,5,9,20,2,2,67,2,26,41,2,4,16,0,7,8,1,0,31,69,16,100,0
4KWYAVU3,45,0,2,39,4,0,11,0,1,8,2,0,34,0,1,31,2,0,6,0,0,6,0,0,11,34,6,45,0
AVSUFVI8,41,1,9,29,4,1,11,0,3,8,0,0,30,1,6,21,4,1,9,0,0,5,4,0,11,31,9,42,0
L1FIPGF6,71,1,29,43,0,1,32,0,14,18,0,1,39,1,15,25,0,0,6,0,2,4,0,0,32,40,6,72,0
BZRYLJUE,24,2,3,23,0,0,15,2,3,14,0,0,9,0,0,9,0,0,0,0,0,0,0,0,17,9,0,26,1
XSBX5PEO,58,2,6,39,10,5,14,0,3,5,1,5,44,2,3,34,9,0,6,0,0,5,1,0,14,46,6,60,0
MGZBYTJS,28,3,12,16,3,1,14,2,6,7,3,1,14,1,6,9,0,0,0,0,0,0,0,0,16,15,0,31,0
1POWZNOX,1,0,0,1,0,0,1,0,0,1,0,0,0,0,0,0,0,0,0,0,0,0,0,0,1,0,0,1,0
SSPGHMYS,17,0,2,15,0,0,3,0,1,2,0,0,14,0,1,13,0,0,3,0,0,3,0,0,3,14,3,17,0
YG6NJZBV,6,0,2,4,0,0,0,0,0,0,0,0,6,0,2,4,0,0,1,0,1,0,0,0,0,6,1,6,0
YKC72WVL,25,2,3,24,0,0,6,2,2,6,0,0,19,0,1,18,0,0,7,0,0,7,0,0,8,19,7,27,0
QXWX19PR,8,0,3,5,0,0,2,0,0,2,0,0,6,0,3,3,0,0,0,0,0,0,0,0,2,6,0,8,0
1MSQRYYJ,53,5,11,34,8,5,21,5,2,15,4,5,32,0,9,19,4,0,2,0,0,2,0,0,26,32,2,58,0
RZJEZ5HN,63,2,2,46,13,4,17,0,0,13,3,1,46,2,2,33,10,3,8,0,1,6,1,0,17,48,8,65,0
OWXWHUEK,105,17,13,67,21,24,24,0,6,14,3,1,81,17,7,53,18,23,42,6,1,24,11,12,24,98,48,122,0
HKQAXHET,9,0,0,8,1,0,6,0,0,5,1,0,3,0,0,3,0,0,0,0,0,0,0,0,6,3,0,9,0
NZEP78LV,13,0,1,7,5,0,4,0,0,4,0,0,9,0,1,3,5,0,1,0,0,1,0,0,4,9,1,13,0
5ED4XTWS,44,0,12,32,0,0,10,0,5,5,0,0,34,0,7,27,0,0,1,0,0,1,0,0,10,34,1,44,0
UTTDYWUZ,108,25,42,75,16,4,49,14,23,32,8,3,59,11,19,43,8,1,13,1,2,11,1,0,63,70,14,133,0
TTMNX6O4,12,0,0,10,2,0,1,0,0,1,0,0,11,0,0,9,2,0,2,0,0,1,1,0,1,11,2,12,0
PLJZPXHF,17,1,4,14,0,0,8,0,2,6,0,0,9,1,2,8,0,0,1,0,0,1,0,0,8,10,1,18,0
RMHINQKU,54,2,12,44,0,1,17,0,3,14,0,1,37,2,9,30,0,0,12,0,3,9,0,0,17,39,12,56,0
8EVCUZVL,56,3,13,44,2,0,17,1,3,15,0,0,39,2,10,29,2,0,6,0,1,5,0,0,18,41,6,59,0
GXWGCYBR,59,3,21,37,4,0,26,0,9,14,3,0,33,3,12,23,1,0,6,0,2,4,0,0,26,36,6,62,0
EHPNYB9J,98,10,38,65,5,7,26,1,10,14,3,1,72,9,28,51,2,6,11,0,2,9,0,0,27,81,11,108,0
4OZX5UJN,28,1,2,23,4,0,10,0,0,10,0,0,18,1,2,13,4,0,3,1,1,3,0,0,10,19,4,29,0
6YGECMSG,60,4,12,50,2,0,16,3,4,15,0,0,44,1,8,35,2,0,4,0,1,3,0,0,19,45,4,64,0
JHLHZVEH,40,2,7,34,1,0,13,0,2,11,0,0,27,2,5,23,1,0,2,0,0,1,1,0,13,29,2,42,0
DBHVZAE8,24,1,4,20,1,0,9,0,3,5,1,0,15,1,1,15,0,0,4,0,1,3,0,0,9,16,4,25,0
OE2JXHZC,10,1,0,6,4,1,2,0,0,1,1,0,8,1,0,5,3,1,5,0,0,2,3,0,2,9,5,11,0
1JGFUJPD,96,18,8,55,31,23,38,6,2,24,10,10,58,12,6,31,21,13,11,3,1,5,5,3,44,70,14,114,0
AEXOQXCF,15,2,9,6,2,0,8,2,5,3,2,0,7,0,4,3,0,0,2,0,1,1,0,0,10,7,2,17,0
YHFEDJHR,49,6,4,43,5,4,21,3,2,19,2,1,28,3,2,24,3,3,3,2,1,4,0,1,24,31,5,55,0
DS5H6KKE,4,2,0,4,2,0,3,1,0,2,2,0,1,1,0,2,0,0,0,0,0,0,0,0,4,2,0,6,0
QVBZRLSX,84,9,33,57,3,1,23,4,8,18,1,0,61,5,25,39,2,1,5,0,0,5,0,0,27,66,5,93,0
YIQRELTH,33,1,4,26,4,0,1,0,0,1,0,0,32,1,4,25,4,0,1,0,0,1,0,0,1,33,1,34,0
2JTQIAEL,26,0,4,22,0,0,8,0,3,5,0,0,18,0,1,17,0,0,3,0,0,3,0,0,8,18,3,26,0
CXCLBBDJ,53,14,14,46,5,2,17,8,6,15,4,0,36,6,8,31,1,2,14,6,4,14,0,2,25,42,20,67,0
S3HFPNLJ,67,5,3,66,3,0,14,5,1,16,2,0,53,0,2,50,1,0,9,0,0,9,0,0,19,53,9,72,0
EAE5KLMG,26,1,4,21,1,1,3,0,1,2,0,0,23,1,3,19,1,1,2,1,0,3,0,0,3,24,3,27,0
SBWELGGA,126,13,29,96,14,0,53,9,14,42,6,0,73,4,15,54,8,0,13,0,3,10,0,0,62,77,13,139,0
M9JSOCPH,66,12,3,66,9,1,44,9,2,48,3,1,22,3,1,18,6,0,0,0,0,0,0,0,53,25,0,78,1
9EJS5PJE,15,8,8,14,1,0,12,7,8,10,1,0,3,1,0,4,0,0,0,0,0,0,0,0,19,4,0,23,0
PJOSRCIB,1,1,1,1,0,0,1,0,1,0,0,0,0,1,0,1,0,0,0,1,0,1,0,0,1,1,1,2,0
21IMXQKT,11,0,1,10,0,0,4,0,1,3,0,0,7,0,0,7,0,0,2,0,0,2,0,0,4,7,2,11,0
OBSZ553T,9,1,0,8,1,1,2,1,0,3,0,0,7,0,0,5,1,1,0,0,0,0,0,0,3,7,0,10,0
YGAD1OKF,29,6,5,29,1,0,14,0,1,12,1,0,15,6,4,17,0,0,4,1,1,4,0,0,14,21,5,35,0
MQ9KGEBG,71,12,20,60,3,0,25,6,7,23,1,0,46,6,13,37,2,0,5,0,1,4,0,0,31,52,5,83,0
P5V9EYYU,17,1,5,12,1,0,4,0,2,2,0,0,13,1,3,10,1,0,4,1,1,3,1,0,4,14,5,18,0
8MCYYOI5,3,1,1,3,0,0,0,0,0,0,0,0,3,1,1,3,0,0,2,0,0,2,0,0,0,4,2,4,0
FDE5LPAS,56,6,21,38,2,2,20,5,8,14,2,1,36,1,13,24,0,1,11,0,4,7,0,0,25,37,11,62,0
8TUZZTOI,26,0,2,23,1,0,5,0,1,4,0,0,21,0,1,19,1,0,3,0,0,3,0,0,5,21,3,26,0
JLSKRF8S,114,25,19,112,8,0,45,8,3,45,5,0,69,17,16,67,3,0,9,0,3,6,0,0,53,86,9,139,0
RGDWEDOC,35,0,5,27,2,1,9,0,0,9,0,0,26,0,5,18,2,1,2,0,0,2,0,0,9,26,2,35,0
MEHNKNTF,2,0,0,2,0,0,0,0,0,0,0,0,2,0,0,2,0,0,0,0,0,0,0,0,0,2,0,2,0
CHUAJLE8,24,0,8,14,0,2,4,0,2,2,0,0,20,0,6,12,0,2,0,0,0,0,0,0,4,20,0,24,0
TVZDN5OO,32,2,1,32,1,0,9,1,0,10,0,0,23,1,1,22,1,0,4,1,1,4,0,0,10,24,5,34,0
FIGGBSS5,36,4,2,26,12,0,19,3,1,15,6,0,17,1,1,11,6,0,0,0,0,0,0,0,22,18,0,40,0
LFEUJFF5,5,0,2,3,0,0,0,0,0,0,0,0,5,0,2,3,0,0,2,0,0,2,0,0,0,5,2,5,0
7DITQKNA,132,38,19,122,26,3,61,18,11,58,8,2,71,20,8,64,18,1,5,4,1,7,1,0,79,91,9,170,0
E4CG3NA2,31,1,7,20,1,5,27,0,7,15,1,5,4,1,0,5,0,0,0,0,0,0,0,0,27,5,0,32,0
6FDGNVBX,29,1,7,23,0,0,7,1,2,6,0,0,22,0,5,17,0,0,0,0,0,0,0,0,8,22,0,30,0
ZEH22LG1,6,0,3,3,0,0,1,0,1,0,0,0,5,0,2,3,0,0,0,0,0,0,0,0,1,5,0,6,0
ILGNYS1K,48,0,12,36,0,0,20,0,7,13,0,0,28,0,5,23,0,0,2,0,0,2,0,0,20,28,2,48,0
ZTGRZLW4,32,0,11,20,1,1,8,0,1,7,0,1,24,0,10,13,1,0,1,0,1,0,0,0,8,24,1,32,0
AH3RHJ7K,27,4,3,23,2,3,5,0,2,3,0,0,22,4,1,20,2,3,3,0,0,3,0,0,5,26,3,31,0
VHD3EXGL,40,3,10,33,0,0,14,3,6,11,0,0,26,0,4,22,0,0,2,0,0,2,0,0,17,26,2,43,0
IVMHLCVE,131,14,35,93,13,5,74,14,22,55,7,4,57,0,13,38,6,1,6,0,2,4,0,0,88,57,6,145,0
RXQTHLH1,40,2,12,29,1,0,9,0,1,8,0,0,31,2,11,21,1,0,2,0,0,2,0,0,9,33,2,42,0
LD2OVWOS,26,0,8,18,0,0,13,0,4,9,0,0,13,0,4,9,0,0,3,0,1,2,0,0,13,13,3,26,0
2KDM5UAJ,2,1,0,3,0,0,0,1,0,1,0,0,2,0,0,2,0,0,1,0,0,1,0,0,1,2,1,3,0
DOKWEWIK,28,1,7,21,1,0,8,1,2,6,1,0,20,0,5,15,0,0,4,0,2,2,0,0,9,20,4,29,0
7MMJX7IK,8,0,2,6,0,0,5,0,2,3,0,0,3,0,0,3,0,0,0,0,0,0,0,0,5,3,0,8,0
Q76OHUOX,23,0,3,19,1,0,5,0,0,5,0,0,18,0,3,14,1,0,4,0,0,4,0,0,5,18,4,23,0
DAXA3MDD,100,22,18,82,18,4,38,20,8,41,6,3,62,2,10,41,12,1,13,0,4,8,1,0,58,64,13,122,0
OZTAJXC9,16,0,1,12,3,0,8,0,0,7,1,0,8,0,1,5,2,0,0,0,0,0,0,0,8,8,0,16,0
PKQAHQZQ,43,4,8,37,2,2,10,1,1,8,2,0,33,3,7,29,0,2,3,0,0,3,0,0,11,36,3,47,0
YHTCZKBJ,4,0,1,3,0,0,0,0,0,0,0,0,4,0,1,3,0,0,0,0,0,0,0,0,0,4,0,4,0
EOFPBNZ2,81,1,34,48,0,0,22,0,12,10,0,0,59,1,22,38,0,0,12,0,3,9,0,0,22,60,12,82,0
MUOWSZ1L,1,0,1,0,0,0,1,0,1,0,0,0,0,0,0,0,0,0,0,0,0,0,0,0,1,0,0,1,0
1E2ICCSY,200,15,21,128,66,1,103,12,17,61,37,1,97,3,4,67,29,0,3,0,2,1,0,0,115,100,3,215,0
ZC4ZLMG9,7,0,3,4,0,0,1,0,1,0,0,0,6,0,2,4,0,0,0,0,0,0,0,0,1,6,0,7,0
WUBYGNMU,120,13,20,73,40,0,62,11,11,42,20,0,58,2,9,31,20,0,2,0,1,0,1,0,73,60,2,133,0
4N1CJV94,8,3,1,10,0,0,3,3,1,5,0,0,5,0,0,5,0,0,0,0,0,0,0,0,6,5,0,11,0
LZIMKAWU,21,10,3,24,4,0,11,5,1,12,3,0,10,5,2,12,1,0,0,0,0,0,0,0,16,15,0,31,0
GFDJDMIL,24,2,12,14,0,0,6,0,3,3,0,0,18,2,9,11,0,0,3,1,1,3,0,0,6,20,4,26,0
IP5WVPUP,18,0,5,13,0,0,11,0,4,7,0,0,7,0,1,6,0,0,0,0,0,0,0,0,11,7,0,18,0
ALXO86NB,10,2,5,6,1,0,2,0,1,1,0,0,8,2,4,5,1,0,0,0,0,0,0,0,2,10,0,12,0
DHC3IFLM,32,1,11,22,0,1,8,1,3,6,0,1,24,0,8,16,0,0,1,0,0,1,0,0,9,24,1,33,0
GIET4X5H,9,1,5,5,0,1,6,1,3,4,0,0,3,0,2,1,0,1,0,0,0,0,0,0,7,3,0,10,0
TFXY7MHM,6,0,3,2,1,0,3,0,1,2,0,0,3,0,2,0,1,0,1,0,1,0,0,0,3,3,1,6,0
PHPR93EQ,12,1,5,5,3,0,9,0,4,4,1,0,3,1,1,1,2,0,0,0,0,0,0,0,9,4,0,13,0
NR8SPWJS,25,1,3,22,1,0,6,1,2,4,1,0,19,0,1,18,0,0,3,0,0,3,0,0,7,19,3,26,0
YP31RLO9,41,9,12,35,2,1,15,6,6,14,0,1,26,3,6,21,2,0,9,3,2,10,0,0,21,29,12,50,0
6DRQCCGL,126,28,67,70,12,13,62,23,32,36,12,7,64,5,35,34,0,6,10,0,4,6,0,0,85,69,10,154,0
CL1RDLTS,18,0,3,15,0,0,5,0,1,4,0,0,13,0,2,11,0,0,3,0,0,3,0,0,5,13,3,18,0
M2FQLG9T,20,3,0,14,8,1,5,0,0,2,3,0,15,3,0,12,5,1,2,0,0,2,0,0,5,18,2,23,0
EG5HDZNM,19,10,0,16,7,6,6,0,0,6,0,0,13,10,0,10,7,6,2,1,0,1,0,2,6,23,3,29,0
LQAHHKWB,22,0,3,19,0,0,8,0,2,6,0,0,14,0,1,13,0,0,3,0,0,3,0,0,8,14,3,22,0
QXQFUHRY,40,7,4,38,4,1,6,1,1,6,0,0,34,6,3,32,4,1,16,6,0,18,3,1,7,40,22,47,0
KC8R5VI9,7,0,4,3,0,0,2,0,2,0,0,0,5,0,2,3,0,0,2,0,0,2,0,0,2,5,2,7,0
287G7BZM,21,0,2,18,1,0,8,0,1,7,0,0,13,0,1,11,1,0,0,0,0,0,0,0,8,13,0,21,0
ARHEH9FT,7,0,3,4,0,0,4,0,2,2,0,0,3,0,1,2,0,0,1,0,0,1,0,0,4,3,1,7,0
PWSGNFEU,12,0,8,4,0,0,3,0,3,0,0,0,9,0,5,4,0,0,1,0,1,0,0,0,3,9,1,12,0
JS9YXBHS,50,8,25,31,2,0,16,4,8,11,1,0,34,4,17,20,1,0,8,1,5,4,0,0,20,38,9,58,0
7KHJIIJI,27,2,7,22,0,0,7,0,2,5,0,0,20,2,5,17,0,0,3,0,1,2,0,0,7,22,3,29,0
NFXYBHHF,68,5,16,53,3,3,13,5,6,10,1,1,55,0,10,43,2,2,8,0,3,5,0,2,18,55,8,73,0
L3EFZ8P4,22,5,6,21,0,0,6,1,1,6,0,0,16,4,5,15,0,0,5,0,1,4,0,0,7,20,5,27,0
PBJKC7BL,81,1,17,65,0,0,29,1,7,23,0,0,52,0,10,42,0,0,8,0,1,7,0,0,30,52,8,82,0
TADYEYTD,15,0,7,8,0,0,4,0,0,4,0,0,11,0,7,4,0,0,2,0,2,0,0,0,4,11,2,15,0
AACLKXDS,16,0,5,8,3,0,7,0,2,4,1,0,9,0,3,4,2,0,1,0,1,0,0,0,7,9,1,16,0
ISEAYATY,2,0,0,2,0,0,1,0,0,1,0,0,1,0,0,1,0,0,0,0,0,0,0,0,1,1,0,2,0
SVDMETFG,19,0,2,15,2,0,7,0,0,5,2,0,12,0,2,10,0,0,1,0,0,1,0,0,7,12,1,19,0
2UNQMNZG,12,0,1,10,1,0,4,0,1,3,0,0,8,0,0,7,1,0,0,0,0,0,0,0,4,8,0,12,0
VCUPTRIQ,17,2,6,13,0,0,3,2,2,3,0,0,14,0,4,10,0,0,1,0,1,0,0,0,5,14,1,19,0
BOHI9F8L,82,6,17,61,8,2,34,4,7,22,7,2,48,2,10,39,1,0,13,0,4,9,0,0,38,50,13,88,0
27CCCG2V,19,0,5,14,0,0,5,0,1,4,0,0,14,0,4,10,0,0,3,0,1,2,0,0,5,14,3,19,0
T7UCEJ2S,52,9,18,39,4,0,11,3,4,8,2,0,41,6,14,31,2,0,5,0,1,4,0,0,14,47,5,61,0
PPKSFQSG,25,0,10,15,0,0,8,0,2,6,0,0,17,0,8,9,0,0,2,0,1,1,0,0,8,17,2,25,0
WODGIW5A,22,1,5,18,0,0,9,1,4,6,0,0,13,0,1,12,0,0,1,0,0,1,0,0,10,13,1,23,0
8LL1YNCZ,51,18,14,41,10,4,6,1,1,5,1,0,45,17,13,36,9,4,19,12,7,15,6,3,7,62,31,69,0
PMCLDDRW,30,1,6,25,0,0,8,0,3,5,0,0,22,1,3,20,0,0,4,0,0,4,0,0,8,23,4,31,0
ZSIIWVM2,43,1,11,27,0,4,8,1,1,7,0,1,35,0,10,20,0,3,6,0,2,2,0,2,9,35,6,44,0
FTI76R63,7,2,1,8,0,0,0,1,0,1,0,0,7,1,1,7,0,0,3,0,0,3,0,0,1,8,3,9,0
XQRW7SJG,10,0,1,7,2,0,6,0,0,4,2,0,4,0,1,3,0,0,0,0,0,0,0,0,6,4,0,10,0
ZNEVGLQP,29,1,0,30,0,0,9,0,0,9,0,0,20,1,0,21,0,0,4,0,0,4,0,0,9,21,4,30,0
W2AOL8HP,48,0,4,44,0,1,11,0,3,8,0,1,37,0,1,36,0,0,6,0,0,6,0,0,11,37,6,48,0
QMCYCW6V,10,0,1,9,0,0,5,0,0,5,0,0,5,0,1,4,0,0,0,0,0,0,0,0,5,5,0,10,0
YYHFYIOE,9,2,2,8,1,0,6,1,1,6,0,0,3,1,1,2,1,0,1,0,1,0,0,0,7,4,1,11,0
IFKTK8RI,25,2,5,22,0,0,13,2,2,13,0,0,12,0,3,9,0,0,0,0,0,0,0,0,15,12,0,27,0
SMYVITH4,82,12,20,58,7,10,6,1,2,5,0,0,76,11,18,53,7,10,16,4,2,5,4,9,7,87,20,94,0
TRBKFLNP,43,2,2,35,4,4,9,0,0,7,0,2,34,2,2,28,4,2,11,0,2,8,1,0,9,36,11,45,0
OYLBHB5W,18,0,9,9,0,0,10,0,7,3,0,0,8,0,2,6,0,0,0,0,0,0,0,0,10,8,0,18,0
2UJAAGBF,26,3,5,22,1,1,4,1,1,4,0,0,22,2,4,18,1,1,11,2,0,11,1,1,5,24,13,29,0
AMVGGY3G,48,18,5,56,5,0,16,4,1,18,1,0,32,14,4,38,4,0,10,2,0,12,0,0,20,46,12,66,0
KLBDFHNG,5,0,2,3,0,0,1,0,1,0,0,0,4,0,1,3,0,0,0,0,0,0,0,0,1,4,0,5,0
CZQTHZCR,3,1,0,1,1,2,0,0,0,0,0,0,3,1,0,1,1,2,2,0,0,0,0,2,0,4,2,4,0
DIKQDUN7,4,0,0,4,0,0,1,0,0,1,0,0,3,0,0,3,0,0,1,0,0,1,0,0,1,3,1,4,0
XJFQY1C9,15,0,10,5,0,1,3,0,1,2,0,0,12,0,9,3,0,1,2,0,0,2,0,0,3,12,2,15,0
2ZBPUFC1,57,14,14,53,4,0,7,6,3,10,0,0,50,8,11,43,4,0,7,0,1,6,0,0,13,58,7,71,0
PDBB2OAE,4,3,0,4,3,0,0,0,0,0,0,0,4,3,0,4,3,0,1,0,0,0,1,0,0,7,1,7,0
PUSDX8UA,123,22,5,100,40,0,71,18,2,61,26,0,52,4,3,39,14,0,9,0,1,5,3,0,89,56,9,145,0
C9QJI1NK,148,27,27,102,45,2,57,14,12,41,18,1,91,13,15,61,27,1,10,0,2,5,3,0,71,104,10,175,0
W4K4JY4T,1,0,0,1,0,0,0,0,0,0,0,0,1,0,0,1,0,0,1,0,0,1,0,0,0,1,1,1,0
3LVTPOCD,63,2,24,41,0,0,29,2,12,19,0,0,34,0,12,22,0,0,0,0,0,0,0,0,31,34,0,65,0
8J9VTVCK,1,0,0,1,0,0,0,0,0,0,0,0,1,0,0,1,0,0,1,0,0,1,0,0,0,1,1,1,0
EAYVYQWS,78,8,12,60,14,1,29,4,4,24,5,0,49,4,8,36,9,1,10,0,1,8,1,0,33,53,10,86,0
HXPGBSPQ,28,2,11,19,0,0,12,0,4,8,0,0,16,2,7,11,0,0,1,0,1,0,0,0,12,18,1,30,0
NB1BUFP5,107,28,23,108,4,0,42,12,15,39,0,0,65,16,8,69,4,0,11,2,1,12,0,0,54,81,13,135,0
3OIXGZD5,85,9,20,73,1,0,32,4,6,29,1,0,53,5,14,44,0,0,4,0,2,2,0,0,36,58,4,94,0
OZMSSIZJ,7,0,0,7,0,0,0,0,0,0,0,0,7,0,0,7,0,0,2,0,0,2,0,0,0,7,2,7,0
PIIPE85F,15,1,6,8,2,0,5,1,1,3,2,0,10,0,5,5,0,0,4,0,2,2,0,0,6,10,4,16,0
EMYHXDYR,41,0,7,33,1,0,11,0,4,7,0,0,30,0,3,26,1,0,5,0,0,5,0,0,11,30,5,41,0
3MQXXXMC,136,31,42,89,27,11,59,8,18,34,8,8,77,23,24,55,19,3,7,1,2,6,0,0,67,100,8,167,0
RKJGR2NI,72,18,3,42,33,12,29,7,1,17,13,5,43,11,2,25,20,7,0,0,0,0,0,0,36,54,0,90,1
GALGVUP9,176,44,10,163,43,4,101,36,3,105,25,4,75,8,7,58,18,0,9,0,1,8,0,0,137,83,9,220,0
O45Y9QKP,103,31,24,57,24,30,58,21,10,29,16,25,45,10,14,28,8,5,5,0,1,4,0,0,79,55,5,134,0
NOGWORGZ,2,0,0,2,0,0,0,0,0,0,0,0,2,0,0,2,0,0,0,0,0,0,0,0,0,2,0,2,0
RCDWXIQI,36,1,19,17,1,2,11,0,4,7,0,0,25,1,15,10,1,2,2,0,1,1,0,0,11,26,2,37,0
WQAH3FED,59,10,26,41,2,3,34,9,21,21,1,2,25,1,5,20,1,1,1,1,0,2,0,0,43,26,2,69,0
QINVIHOE,34,24,5,21,12,18,15,9,3,7,2,10,19,15,2,14,10,8,2,0,0,2,0,0,24,34,2,58,0
MWQJNQKA,38,30,9,59,0,0,24,14,8,30,0,0,14,16,1,29,0,0,0,0,0,0,0,0,38,30,0,68,0
IXLLTCD8,22,0,5,17,0,0,7,0,1,6,0,0,15,0,4,11,0,0,2,0,1,1,0,0,7,15,2,22,0
5R87FCWF,33,1,1,19,9,5,21,1,1,10,6,5,12,0,0,9,3,0,1,0,0,1,0,0,22,12,1,34,0
MHPX7RWF,16,3,12,7,0,1,9,1,8,2,0,0,7,2,4,5,0,1,4,0,1,3,0,1,10,9,4,19,0
VP4MG23H,1,0,0,1,0,0,0,0,0,0,0,0,1,0,0,1,0,0,1,0,0,1,0,0,0,1,1,1,0
RB9S2BDD,18,7,4,18,3,1,6,2,0,8,0,0,12,5,4,10,3,1,1,0,0,1,0,0,8,17,1,25,0
BHNBZ2UH,16,1,2,12,3,0,11,1,1,9,2,0,5,0,1,3,1,0,0,0,0,0,0,0,12,5,0,17,0
WKGCTDF9,2,0,0,2,0,0,0,0,0,0,0,0,2,0,0,2,0,0,2,0,0,2,0,0,0,2,2,2,0
NNIELCHT,104,5,39,64,6,2,31,1,6,23,3,1,73,4,33,41,3,1,15,1,10,6,0,0,32,77,16,109,0
VGQMG752,41,1,10,30,2,0,21,0,3,18,0,0,20,1,7,12,2,0,1,0,1,0,0,0,21,21,1,42,0
NEPBI7ZK,8,0,3,3,1,1,1,0,1,0,0,0,7,0,2,3,1,1,0,0,0,0,0,0,1,7,0,8,0
M4KEA8FR,21,3,0,24,0,0,5,0,0,5,0,0,16,3,0,19,0,0,1,1,0,2,0,0,5,19,2,24,0
46U3XYNM,53,0,6,46,1,0,12,0,2,10,0,0,41,0,4,36,1,0,3,0,0,3,0,0,12,41,3,53,0
1DJOF4GU,11,0,2,9,0,0,0,0,0,0,0,0,11,0,2,9,0,0,1,0,0,1,0,0,0,11,1,11,0
WG2ODPWQ,76,14,22,48,8,9,11,0,4,3,2,0,65,14,18,45,6,9,25,10,4,21,2,7,11,79,35,90,0
G7UXJVWB,37,3,2,23,12,3,16,3,1,11,4,3,21,0,1,12,8,0,10,0,0,6,4,0,19,21,10,40,0
EETUYGRV,12,0,1,11,0,0,4,0,1,3,0,0,8,0,0,8,0,0,1,0,0,1,0,0,4,8,1,12,0
5GELFIJT,31,1,0,21,8,3,16,1,0,13,1,3,15,0,0,8,7,0,0,0,0,0,0,0,17,15,0,32,0
B7KRLWYX,81,4,14,54,11,6,29,3,3,21,6,2,52,1,11,33,5,4,8,0,1,7,0,0,32,53,8,85,0
PGMJBY3O,55,6,20,40,1,1,20,3,5,18,0,0,35,3,15,22,1,1,9,0,4,5,0,0,23,38,9,61,0
CJSVEY4R,17,0,4,13,0,0,6,0,0,6,0,0,11,0,4,7,0,0,2,0,1,1,0,0,6,11,2,17,0
ZNV7ZTPN,27,5,4,21,2,5,18,5,2,15,1,5,9,0,2,6,1,0,2,0,0,2,0,0,23,9,2,32,1
F4CWX2PY,77,4,24,53,4,0,16,1,6,11,0,0,61,3,18,42,4,0,3,0,1,2,0,0,17,64,3,81,0
36DZCER6,15,3,5,13,0,0,4,0,2,2,0,0,11,3,3,11,0,0,4,3,2,5,0,0,4,14,7,18,0
Z6ZPQINN,15,0,4,10,0,1,5,0,1,4,0,0,10,0,3,6,0,1,5,0,2,3,0,0,5,10,5,15,0
WSCA9TJP,17,1,7,9,0,2,6,0,2,4,0,0,11,1,5,5,0,2,3,1,0,2,0,2,6,12,4,18,0
PE9MFOMH,27,2,9,20,0,0,12,2,5,9,0,0,15,0,4,11,0,0,3,0,1,2,0,0,14,15,3,29,0
MYHTCZ7X,33,2,8,27,0,0,11,1,1,11,0,0,22,1,7,16,0,0,8,0,3,5,0,0,12,23,8,35,0
MMQBX7UI,47,2,13,34,2,0,13,0,3,8,2,0,34,2,10,26,0,0,0,0,0,0,0,0,13,36,0,49,0
XV6XSXVL,46,2,6,34,3,5,19,0,3,10,1,5,27,2,3,24,2,0,4,0,0,4,0,0,19,29,4,48,0
QCERDWQX,6,2,2,5,1,0,1,0,1,0,0,0,5,2,1,5,1,0,0,0,0,0,0,0,1,7,0,8,0
ZZZ3UBCF,1,0,0,1,0,0,0,0,0,0,0,0,1,0,0,1,0,0,0,0,0,0,0,0,0,1,0,1,0
NLD4IC7P,13,5,3,6,8,1,3,3,1,2,3,0,10,2,2,4,5,1,3,0,0,3,0,0,6,12,3,18,0
MPRR43YO,7,3,3,5,2,1,2,2,2,2,0,0,5,1,1,3,2,1,0,0,0,0,0,0,4,6,0,10,0
D23BZOTO,52,7,10,44,5,0,18,5,3,19,1,0,34,2,7,25,4,0,4,0,1,3,0,0,23,36,4,59,0
UCAEDSMZ,58,8,6,19,29,13,8,1,1,2,5,1,50,7,5,17,24,12,2,1,0,2,1,0,9,57,3,66,0
JK2IC4NJ,58,16,7,65,2,0,23,8,5,25,1,0,35,8,2,40,1,0,5,0,0,5,0,0,31,43,5,74,0
WISMZAND,65,5,7,56,7,0,20,3,2,18,3,0,45,2,5,38,4,0,2,0,0,2,0,0,23,47,2,70,0
O6PAOO3S,66,10,6,64,6,0,8,5,3,10,0,0,58,5,3,54,6,0,7,0,1,6,0,0,13,63,7,76,0
BKVVP9SR,2,0,0,0,2,0,1,0,0,0,1,0,1,0,0,0,1,0,0,0,0,0,0,0,1,1,0,2,0
X8SI3EVW,43,11,2,47,2,3,12,6,1,17,0,0,31,5,1,30,2,3,4,0,0,1,0,3,18,36,4,54,0
OIDNUEHS,62,5,8,54,5,0,23,3,2,21,3,0,39,2,6,33,2,0,7,0,0,7,0,0,26,41,7,67,0
KBTAJ8PM,4,0,2,1,1,0,1,0,1,0,0,0,3,0,1,1,1,0,0,0,0,0,0,0,1,3,0,4,0
2KKPATTI,122,5,37,88,2,2,24,0,7,16,1,0,98,5,30,72,1,2,19,2,8,13,0,0,24,103,21,127,0
PMOF2WBJ,22,1,2,18,3,0,11,1,1,8,3,0,11,0,1,10,0,0,1,0,0,1,0,0,12,11,1,23,0
PU4GI347,55,9,19,41,2,4,12,7,9,10,0,2,43,2,10,31,2,2,6,0,2,4,0,0,19,45,6,64,0
FBZMAGBQ,74,3,25,49,3,8,15,0,1,13,1,1,59,3,24,36,2,7,13,0,5,7,1,1,15,62,13,77,0
GPTMSLQQ,45,9,12,39,3,0,22,7,5,23,1,0,23,2,7,16,2,0,2,0,1,0,1,0,29,25,2,54,0
AIBFXJTU,35,22,20,37,0,1,14,12,7,19,0,0,21,10,13,18,0,1,2,3,1,4,0,0,26,31,5,57,0
B6STIKUE,28,3,6,25,0,0,9,2,5,6,0,0,19,1,1,19,0,0,3,0,0,3,0,0,11,20,3,31,0
4IMLNN2N,20,0,6,14,0,0,2,0,1,1,0,0,18,0,5,13,0,0,6,0,1,5,0,0,2,18,6,20,1
DNLX35JO,23,0,7,16,0,0,7,0,2,5,0,0,16,0,5,11,0,0,1,0,1,0,0,0,7,16,1,23,0
FANPBG58,1,0,1,0,0,0,0,0,0,0,0,0,1,0,1,0,0,0,0,0,0,0,0,0,0,1,0,1,0
DNFZEDPA,3,0,2,1,0,0,0,0,0,0,0,0,3,0,2,1,0,0,3,0,2,1,0,0,0,3,3,3,0
M2R4IA42,190,38,41,143,42,2,73,23,21,51,23,1,117,15,20,92,19,1,13,0,5,8,0,0,96,132,13,228,0
VWB1YA5H,35,2,11,26,0,0,11,1,6,6,0,0,24,1,5,20,0,0,5,0,1,4,0,0,12,25,5,37,0
2WMKNGOP,28,0,4,24,0,0,8,0,2,6,0,0,20,0,2,18,0,0,0,0,0,0,0,0,8,20,0,28,0
ARDCSJTD,39,11,5,27,18,0,11,6,4,9,4,0,28,5,1,18,14,0,0,0,0,0,0,0,17,33,0,50,1
Z7CGJZAR,69,3,18,54,0,0,29,3,9,23,0,0,40,0,9,31,0,0,7,0,1,6,0,0,32,40,7,72,0
SNULYBRR,22,3,2,23,0,0,5,0,0,5,0,0,17,3,2,18,0,0,1,0,0,1,0,0,5,20,1,25,0
IK6WRMZX,57,4,16,45,0,0,8,2,3,7,0,0,49,2,13,38,0,0,15,0,4,11,0,0,10,51,15,61,0
CG6QDP7M,18,1,6,13,0,1,10,0,4,6,0,0,8,1,2,7,0,1,1,0,1,0,0,1,10,9,1,19,0
4MU7GEDP,9,1,2,8,0,0,4,0,1,3,0,0,5,1,1,5,0,0,0,0,0,0,0,0,4,6,0,10,0
TRUD56GA,25,7,3,22,5,2,17,3,3,10,5,2,8,4,0,12,0,0,1,0,0,1,0,0,20,12,1,32,0
S3KYVDS8,20,1,7,6,2,6,16,1,6,3,2,6,4,0,1,3,0,0,0,0,0,0,0,0,17,4,0,21,0
ZBXJ8QUJ,14,0,7,7,0,0,2,0,1,1,0,0,12,0,6,6,0,0,2,0,0,2,0,0,2,12,2,14,0
VGKX8IEZ,70,3,6,65,1,1,22,2,3,20,1,0,48,1,3,45,0,1,4,1,0,4,0,1,24,49,5,73,0
MAXI5YPD,129,8,52,85,0,0,49,7,23,33,0,0,80,1,29,52,0,0,12,0,4,8,0,0,56,81,12,137,0
AUFHZEMZ,14,12,1,18,7,0,9,3,0,7,5,0,5,9,1,11,2,0,0,2,0,2,0,0,12,14,2,26,0
SHYHQDVF,9,3,0,12,0,0,1,0,0,1,0,0,8,3,0,11,0,0,1,2,0,3,0,0,1,11,3,12,0
IKUH8HE1,12,0,1,11,0,0,4,0,0,4,0,0,8,0,1,7,0,0,1,0,0,1,0,0,4,8,1,12,0
GVWKH9SM,18,2,8,11,1,0,10,2,4,8,0,0,8,0,4,3,1,0,1,0,1,0,0,0,12,8,1,20,0
NPONNE8D,32,1,7,25,1,0,6,1,1,6,0,0,26,0,6,19,1,0,2,0,1,1,0,0,7,26,2,33,0
PCPFRATS,92,2,33,52,9,1,31,0,13,15,3,0,61,2,20,37,6,1,5,0,1,4,0,0,31,63,5,94,0
BV4GEZJT,17,0,5,12,0,1,4,0,0,4,0,0,13,0,5,8,0,1,0,0,0,0,0,0,4,13,0,17,0
MINWN5JF,69,4,19,52,2,0,19,4,9,12,2,0,50,0,10,40,0,0,9,0,2,7,0,0,23,50,9,73,0
WCMSCYSY,12,2,6,7,1,0,4,2,2,4,0,0,8,0,4,3,1,0,0,0,0,0,0,0,6,8,0,14,0
HKIMRVWE,79,10,10,69,10,0,38,7,4,33,8,0,41,3,6,36,2,0,6,0,1,4,1,0,45,44,6,89,0
S3IGNRGI,11,3,2,12,0,0,3,1,0,4,0,0,8,2,2,8,0,0,0,0,0,0,0,0,4,10,0,14,0
MYJ8FR6Z,102,11,11,97,5,0,34,8,3,37,2,0,68,3,8,60,3,0,12,0,2,10,0,0,42,71,12,113,0
APYZFO2K,36,4,6,29,5,0,11,2,0,12,1,0,25,2,6,17,4,0,0,0,0,0,0,0,13,27,0,40,0
GSZPE36Q,29,4,4,28,1,0,23,3,4,21,1,0,6,1,0,7,0,0,0,0,0,0,0,0,26,7,0,33,0
HFDJLMON,1,0,0,1,0,0,0,0,0,0,0,0,1,0,0,1,0,0,1,0,0,1,0,0,0,1,1,1,0
LVLDUVBX,10,0,1,7,2,0,8,0,1,6,1,0,2,0,0,1,1,0,0,0,0,0,0,0,8,2,0,10,0
HKKFWRLY,65,11,18,49,9,0,27,10,8,24,5,0,38,1,10,25,4,0,2,0,1,1,0,0,37,39,2,76,0
FLMAXSEW,75,6,34,44,3,7,21,4,5,18,2,2,54,2,29,26,1,5,10,0,3,7,0,0,25,56,10,81,0
OCHUWZD2,8,0,1,6,1,0,2,0,0,1,1,0,6,0,1,5,0,0,1,0,0,1,0,0,2,6,1,8,0
F1YN3YCN,29,1,3,26,1,0,14,1,0,14,1,0,15,0,3,12,0,0,6,0,2,4,0,0,15,15,6,30,0
8AJLTQKM,16,15,1,16,7,7,1,1,0,2,0,0,15,14,1,14,7,7,0,0,0,0,0,0,2,29,0,31,0
V8NNK1EX,24,0,9,15,0,2,8,0,5,3,0,2,16,0,4,12,0,0,5,0,1,4,0,0,8,16,5,24,0
H45C5CPN,22,0,3,17,2,0,6,0,0,5,1,0,16,0,3,12,1,0,3,0,1,1,1,0,6,16,3,22,0
J26P1UNI,34,1,8,26,1,0,11,1,2,9,1,0,23,0,6,17,0,0,5,0,1,4,0,0,12,23,5,35,0
CLYIX5UB,12,1,4,9,0,0,1,0,0,1,0,0,11,1,4,8,0,0,2,0,0,2,0,0,1,12,2,13,0
RD7XNZSC,18,1,4,15,0,1,8,0,3,5,0,1,10,1,1,10,0,0,0,0,0,0,0,0,8,11,0,19,0
IHIJVRAX,29,0,11,17,1,1,8,0,4,4,0,0,21,0,7,13,1,1,3,0,1,2,0,0,8,21,3,29,0
NY9DE58K,28,0,6,22,0,0,10,0,2,8,0,0,18,0,4,14,0,0,0,0,0,0,0,0,10,18,0,28,0
BUGZMX8I,5,1,3,3,0,0,0,0,0,0,0,0,5,1,3,3,0,0,1,0,0,1,0,0,0,6,1,6,0
ZYIRPUJU,32,21,3,33,15,2,6,6,0,8,4,0,26,15,3,25,11,2,4,0,0,4,0,0,12,41,4,53,0
8DGABRHJ,18,1,12,7,0,0,10,1,6,5,0,0,8,0,6,2,0,0,1,0,1,0,0,0,11,8,1,19,0
MTCMWSR7,19,9,9,16,3,2,14,9,7,13,3,2,5,0,2,3,0,0,3,0,0,3,0,0,23,5,3,28,0
NUPQW6JX,7,0,2,5,0,0,2,0,1,1,0,0,5,0,1,4,0,0,0,0,0,0,0,0,2,5,0,7,0
SSGWPBG7,74,18,12,56,17,7,34,4,4,17,10,7,40,14,8,39,7,0,3,0,0,3,0,0,38,54,3,92,0
COAUSLYZ,59,13,8,43,13,9,10,0,1,9,0,0,49,13,7,34,13,9,37,13,6,23,13,9,10,62,50,72,0
QS1LGN11,42,18,26,34,0,0,17,10,17,10,0,0,25,8,9,24,0,0,1,0,0,1,0,0,27,33,1,60,0
QAJ63EFM,152,12,38,114,12,3,44,6,11,37,2,2,108,6,27,77,10,1,16,0,4,11,1,0,50,114,16,164,0
DCKEDAHV,98,6,38,66,0,2,55,4,23,36,0,2,43,2,15,30,0,0,2,0,0,2,0,0,59,45,2,104,0
YPRXBFCH,44,5,8,34,7,0,24,5,6,17,6,0,20,0,2,17,1,0,0,0,0,0,0,0,29,20,0,49,0
OIDMIODH,18,2,6,14,0,0,2,0,0,2,0,0,16,2,6,12,0,0,2,0,2,0,0,0,2,18,2,20,0
YKVMA6ZH,16,0,1,15,0,0,4,0,0,4,0,0,12,0,1,11,0,0,1,0,0,1,0,0,4,12,1,16,0
JAAALODP,22,0,1,21,0,0,7,0,1,6,0,0,15,0,0,15,0,0,0,0,0,0,0,0,7,15,0,22,0
EITTVXSK,59,0,11,47,1,0,22,0,5,17,0,0,37,0,6,30,1,0,5,0,0,5,0,0,22,37,5,59,0
JWX7YSSC,45,9,13,37,3,1,14,1,5,9,1,0,31,8,8,28,2,1,7,7,5,8,1,0,15,39,14,54,0
SPGBW5XP,13,0,4,6,3,0,5,0,1,3,1,0,8,0,3,3,2,0,1,0,1,0,0,0,5,8,1,13,0
VLR4Z1RK,76,3,27,46,5,1,26,2,5,21,1,1,50,1,22,25,4,0,9,0,5,4,0,0,28,51,9,79,0
WY1VXSLM,87,3,40,44,6,7,28,2,11,17,2,0,59,1,29,27,4,7,10,1,4,7,0,1,30,60,11,90,0
SMBTFIAE,18,0,0,17,1,0,5,0,0,5,0,0,13,0,0,12,1,0,4,0,0,3,1,0,5,13,4,18,0
LH3VRNJZ,38,1,10,28,1,0,7,0,2,5,0,0,31,1,8,23,1,0,1,0,0,1,0,0,7,32,1,39,0
CEQL7CK1,22,0,4,16,1,1,7,0,1,5,1,0,15,0,3,11,0,1,2,0,1,0,0,1,7,15,2,22,0
JEKQF4FS,86,5,30,47,4,10,18,2,7,8,1,4,68,3,23,39,3,6,17,0,9,7,0,2,20,71,17,91,0
5REDN5CM,38,3,4,34,3,0,8,2,1,9,0,0,30,1,3,25,3,0,4,0,0,3,1,0,10,31,4,41,0
JBGJBFBJ,10,1,1,10,0,0,0,1,0,1,0,0,10,0,1,9,0,0,2,0,0,2,0,0,1,10,2,11,0
LECGVF1O,11,0,3,7,0,1,5,0,0,4,0,1,6,0,3,3,0,0,0,0,0,0,0,0,5,6,0,11,0
GKFF9MZH,43,1,2,41,1,0,16,1,1,16,0,0,27,0,1,25,1,0,5,0,0,4,1,0,17,27,5,44,0
ANVJRTHT,7,3,0,10,0,0,5,2,0,7,0,0,2,1,0,3,0,0,0,0,0,0,0,0,7,3,0,10,1
BGKWVQXU,48,2,12,38,0,0,18,1,2,17,0,0,30,1,10,21,0,0,1,0,0,1,0,0,19,31,1,50,0
YNI3MI8E,8,0,2,6,0,0,4,0,1,3,0,0,4,0,1,3,0,0,2,0,0,2,0,0,4,4,2,8,0
ZGFBS6WD,7,1,2,6,0,0,3,0,0,3,0,0,4,1,2,3,0,0,1,0,1,0,0,0,3,5,1,8,0
YOWCDB7R,49,2,19,32,0,0,9,1,4,6,0,0,40,1,15,26,0,0,3,0,1,2,0,0,10,41,3,51,0
Z9I3YZNN,1,0,0,1,0,0,0,0,0,0,0,0,1,0,0,1,0,0,1,0,0,1,0,0,0,1,1,1,0
EC6RADG2,18,0,3,14,1,0,8,0,1,6,1,0,10,0,2,8,0,0,0,0,0,0,0,0,8,10,0,18,1
IPKYWNT9,61,1,22,38,2,0,18,1,5,14,0,0,43,0,17,24,2,0,11,0,3,6,2,0,19,43,11,62,0
Z1QW7MJA,35,6,7,29,3,1,16,4,3,12,3,1,19,2,4,17,0,0,1,0,0,1,0,0,20,21,1,41,1
GZ7PTMPK,57,0,21,36,0,1,21,0,11,10,0,0,36,0,10,26,0,1,4,0,1,3,0,0,21,36,4,57,0
1JH2FEJD,90,2,15,69,8,0,27,2,2,21,6,0,63,0,13,48,2,0,10,0,1,8,1,0,29,63,10,92,0
TMMDWB6V,67,16,13,64,6,0,26,10,8,25,3,0,41,6,5,39,3,0,2,0,0,2,0,0,36,47,2,83,0
2HM31YMF,68,6,15,59,0,0,25,3,4,24,0,0,43,3,11,35,0,0,9,0,2,7,0,0,28,46,9,74,0
UEG2IGNV,57,19,13,25,12,26,15,11,9,2,6,9,42,8,4,23,6,17,16,2,0,13,3,2,26,50,18,76,0
FULEITZS,50,5,6,44,4,1,8,1,2,7,0,0,42,4,4,37,4,1,9,4,1,11,0,1,9,46,13,55,0
NFTC6C1G,11,3,7,6,1,0,7,1,4,3,1,0,4,2,3,3,0,0,2,0,2,0,0,0,8,6,2,14,0
WMTS9H8K,36,0,5,28,3,0,14,0,4,10,0,0,22,0,1,18,3,0,6,0,1,5,0,0,14,22,6,36,0
VU7VDRWH,51,4,9,45,1,0,14,4,1,16,1,0,37,0,8,29,0,0,4,0,2,2,0,0,18,37,4,55,0
R8E418JT,1,2,0,2,1,0,0,0,0,0,0,0,1,2,0,2,1,0,1,0,0,1,0,0,0,3,1,3,0
HOXWK9NI,8,0,3,5,0,0,3,0,0,3,0,0,5,0,3,2,0,0,1,0,0,1,0,0,3,5,1,8,0
9LNA1ZXL,9,2,0,11,0,0,0,1,0,1,0,0,9,1,0,10,0,0,1,0,0,1,0,0,1,10,1,11,0
GGYYV2RG,84,3,21,60,6,0,45,1,11,33,2,0,39,2,10,27,4,0,1,0,0,1,0,0,46,41,1,87,0
KKYFM74S,32,0,9,23,0,0,11,0,3,8,0,0,21,0,6,15,0,0,4,0,2,2,0,0,11,21,4,32,0
7QQAYRFX,32,0,10,22,0,0,8,0,1,7,0,0,24,0,9,15,0,0,0,0,0,0,0,0,8,24,0,32,0
HRNJEORR,47,9,5,26,9,16,16,4,1,3,4,12,31,5,4,23,5,4,5,0,0,5,0,0,20,36,5,56,0
IAH4DXE8,32,6,6,31,1,1,8,2,3,7,0,0,24,4,3,24,1,1,3,0,0,2,1,0,10,28,3,38,0
DWKL1LWH,30,3,8,19,2,5,2,0,1,1,0,0,28,3,7,18,2,5,17,2,3,13,2,2,2,31,19,33,0
Q3WTJZYN,69,6,5,61,9,0,23,0,2,19,2,0,46,6,3,42,7,0,7,3,0,8,2,0,23,52,10,75,0
GHIQV56E,67,20,6,58,19,4,21,6,4,20,3,0,46,14,2,38,16,4,5,2,0,6,1,0,27,60,7,87,0
IZ3QYLJR,20,1,2,19,0,0,6,1,1,6,0,0,14,0,1,13,0,0,0,0,0,0,0,0,7,14,0,21,0
FHXO9SVG,11,0,0,5,6,0,4,0,0,4,0,0,7,0,0,1,6,0,0,0,0,0,0,0,4,7,0,11,0
H4QIKO2Q,199,26,37,128,32,31,87,20,15,52,18,24,112,6,22,76,14,7,14,0,4,10,0,0,107,118,14,225,0
TXCBPPJA,63,0,10,53,0,0,13,0,3,10,0,0,50,0,7,43,0,0,4,0,1,3,0,0,13,50,4,63,0
JVNW3DJZ,3,1,0,3,1,0,1,0,0,1,0,0,2,1,0,2,1,0,0,0,0,0,0,0,1,3,0,4,0
QHQIZSSI,103,24,23,98,6,1,58,15,13,55,5,1,45,9,10,43,1,0,4,0,1,3,0,0,73,54,4,127,0
WIHAYOD2,115,45,21,83,43,13,78,42,7,64,36,13,37,3,14,19,7,0,4,0,2,1,1,0,120,40,4,160,0
PPKDNDDU,20,3,2,21,0,0,9,3,0,12,0,0,11,0,2,9,0,0,0,0,0,0,0,0,12,11,0,23,0
VSAZBH5O,291,96,105,188,73,42,151,52,43,88,55,33,140,44,62,100,18,9,19,4,9,11,3,0,203,184,23,387,0
HKEI2SVL,14,0,0,14,0,0,8,0,0,8,0,0,6,0,0,6,0,0,0,0,0,0,0,0,8,6,0,14,0
DNTP3UGF,2,0,0,2,0,0,1,0,0,1,0,0,1,0,0,1,0,0,1,0,0,1,0,0,1,1,1,2,0
YY8UJFXP,16,0,7,9,0,1,14,0,7,7,0,1,2,0,0,2,0,0,0,0,0,0,0,0,14,2,0,16,0
X2OSK8PI,32,2,18,15,1,0,8,2,3,6,1,0,24,0,15,9,0,0,9,0,5,4,0,0,10,24,9,34,0
V9KGSHFP,27,0,2,20,5,0,13,0,1,8,4,0,14,0,1,12,1,0,2,0,0,2,0,0,13,14,2,27,0
94UK69FR,7,1,1,6,1,0,6,1,1,6,0,0,1,0,0,0,1,0,1,0,0,0,1,0,7,1,1,8,0
4DK9KMRL,5,2,2,5,0,0,2,0,1,1,0,0,3,2,1,4,0,0,0,0,0,0,0,0,2,5,0,7,0
OY2NUELQ,54,21,17,49,9,0,33,8,10,26,5,0,21,13,7,23,4,0,6,1,1,6,0,0,41,34,7,75,0
BZNQWZJC,50,1,14,28,5,4,19,0,3,10,4,2,31,1,11,18,1,2,6,0,1,5,0,0,19,32,6,51,0
ITJHR89J,27,2,4,25,0,0,8,2,3,7,0,0,19,0,1,18,0,0,2,0,0,2,0,0,10,19,2,29,0
SJMKVT2I,16,5,3,16,2,0,5,3,2,4,2,0,11,2,1,12,0,0,1,0,0,1,0,0,8,13,1,21,0
YEMUKULZ,9,1,2,6,2,0,8,1,2,5,2,0,1,0,0,1,0,0,0,0,0,0,0,0,9,1,0,10,0
DHZVO46E,2,0,0,2,0,0,0,0,0,0,0,0,2,0,0,2,0,0,0,0,0,0,0,0,0,2,0,2,0
EJFIOARX,139,52,13,89,69,20,43,21,3,31,19,11,96,31,10,58,50,9,14,1,1,8,6,0,64,127,15,191,0
IV2EHQ3G,12,1,4,7,2,0,9,1,4,4,2,0,3,0,0,3,0,0,1,0,0,1,0,0,10,3,1,13,0
DGP9PALF,100,10,33,68,7,3,55,10,16,42,5,2,45,0,17,26,2,1,6,0,2,4,0,0,65,45,6,110,0
A3MG7WHV,11,4,3,6,1,4,6,4,1,3,1,4,5,0,2,3,0,0,0,0,0,0,0,0,10,5,0,15,0
NJWMCYXB,13,3,3,9,1,1,5,1,2,3,1,1,8,2,1,6,0,0,1,0,1,0,0,0,6,10,1,16,0
6DKUS8SU,37,0,2,31,4,0,6,0,1,5,0,0,31,0,1,26,4,0,7,0,0,5,2,0,6,31,7,37,0
ECL1BKXH,69,0,9,44,16,0,19,0,3,15,1,0,50,0,6,29,15,0,11,0,1,7,3,0,19,50,11,69,0
L3IWP2PX,37,8,4,36,2,4,22,7,3,22,1,4,15,1,1,14,1,0,1,0,0,1,0,0,29,16,1,45,0
C9I2FPDF,97,33,15,102,12,1,26,6,6,25,1,0,71,27,9,77,11,1,18,8,6,17,3,0,32,98,26,130,0
ZPBW1ICW,13,2,3,11,1,0,4,1,1,4,0,0,9,1,2,7,1,0,2,0,1,1,0,0,5,10,2,15,0
CBCWZ4NZ,70,21,11,44,34,2,36,15,7,23,20,1,34,6,4,21,14,1,5,4,1,2,6,0,51,40,9,91,0
TBEDRBTL,22,0,1,20,1,0,5,0,0,5,0,0,17,0,1,15,1,0,3,0,0,2,1,0,5,17,3,22,0
BGM4EDBG,39,2,10,30,1,0,16,2,6,12,0,0,23,0,4,18,1,0,9,0,1,8,0,0,18,23,9,41,0
QT81ILVK,7,0,0,7,0,0,1,0,0,1,0,0,6,0,0,6,0,0,0,0,0,0,0,0,1,6,0,7,0
SKCBVZ7V,22,3,9,15,1,0,5,0,1,4,0,0,17,3,8,11,1,0,1,1,1,1,0,0,5,20,2,25,0
EGHR243P,3,7,0,10,0,0,2,4,0,6,0,0,1,3,0,4,0,0,0,0,0,0,0,0,6,4,0,10,0
AQW3DJU5,21,2,5,17,1,0,11,2,4,9,0,0,10,0,1,8,1,0,0,0,0,0,0,0,13,10,0,23,0
NNNPHAJG,13,0,5,8,0,0,3,0,1,2,0,0,10,0,4,6,0,0,1,0,1,0,0,0,3,10,1,13,0
YXJMMPQM,20,0,4,2,0,14,19,0,3,2,0,14,1,0,1,0,0,0,1,0,1,0,0,0,19,1,1,20,0
8KYNBZSF,35,6,6,29,2,4,13,2,4,9,2,0,22,4,2,20,0,4,10,1,0,8,0,3,15,26,11,41,0
KT9EAWUY,12,18,0,11,12,7,2,3,0,4,0,1,10,15,0,7,12,6,0,0,0,0,0,0,5,25,0,30,0
ZIQJ3KQM,1,1,0,1,1,0,1,0,0,1,0,0,0,1,0,0,1,0,0,0,0,0,0,0,1,1,0,2,0
LLHUCAHI,21,8,6,16,7,0,14,7,6,11,4,0,7,1,0,5,3,0,0,0,0,0,0,0,21,8,0,29,0
PRLWM5CA,62,4,5,46,15,0,22,4,1,19,6,0,40,0,4,27,9,0,6,0,2,3,1,0,26,40,6,66,0
6ID5I4FJ,237,17,37,104,75,38,85,8,19,29,26,19,152,9,18,75,49,19,26,0,2,16,6,2,93,161,26,254,0
FNHOAQ3K,21,4,7,17,1,0,2,0,0,2,0,0,19,4,7,15,1,0,3,0,0,3,0,0,2,23,3,25,1
XLKWMIRS,30,3,0,31,2,0,11,3,0,14,0,0,19,0,0,17,2,0,2,0,0,2,0,0,14,19,2,33,0
A9OPS2CJ,5,5,2,3,0,5,2,0,0,2,0,0,3,5,2,1,0,5,1,0,1,0,0,0,2,8,1,10,0
4NZKOE64,21,0,0,21,0,0,5,0,0,5,0,0,16,0,0,16,0,0,4,0,0,4,0,0,5,16,4,21,0
CZYGTBL4,11,2,1,8,4,0,9,2,1,7,3,0,2,0,0,1,1,0,1,0,0,1,0,0,11,2,1,13,0
ZOJ8XVDA,23,1,4,19,1,0,6,1,2,4,1,0,17,0,2,15,0,0,10,0,0,10,0,0,7,17,10,24,0
M2AZZVGT,62,12,2,28,19,25,34,11,0,12,13,20,28,1,2,16,6,5,0,0,0,0,0,0,45,29,0,74,0
EXD1DHP5,199,33,73,141,17,1,37,6,12,28,3,0,162,27,61,113,14,1,32,6,11,18,8,1,43,189,38,232,0
YS6ZCISL,37,0,10,25,0,1,9,0,3,6,0,0,28,0,7,19,0,1,3,0,0,3,0,0,9,28,3,37,0
BW6EFSDW,27,3,4,24,2,0,4,3,1,6,0,0,23,0,3,18,2,0,7,0,1,6,0,0,7,23,7,30,0
OYAHXHM3,17,5,8,12,1,1,7,1,2,4,1,1,10,4,6,8,0,0,0,0,0,0,0,0,8,14,0,22,0
H8KFI71K,36,4,16,24,0,1,12,2,6,8,0,1,24,2,10,16,0,0,5,0,0,5,0,0,14,26,5,40,0
3AUQMQZF,69,7,13,57,5,1,22,6,5,18,5,0,47,1,8,39,0,1,3,0,0,3,0,0,28,48,3,76,0
1MRSEGKL,10,1,4,7,0,0,7,1,4,4,0,0,3,0,0,3,0,0,0,0,0,0,0,0,8,3,0,11,0
47ZJZSDM,35,3,5,23,9,1,8,0,1,7,0,0,27,3,4,16,9,1,0,0,0,0,0,0,8,30,0,38,0
JJCUSPCP,76,3,9,45,24,1,16,1,2,10,5,0,60,2,7,35,19,1,8,1,3,4,2,0,17,62,9,79,0
SGYOGHWE,3,8,1,9,1,0,0,2,0,2,0,0,3,6,1,7,1,0,0,1,0,1,0,0,2,9,1,11,0
ZTFXBJ6Y,29,2,7,19,5,0,9,0,1,4,4,0,20,2,6,15,1,0,1,0,0,1,0,0,9,22,1,31,0
RVDEFBAD,14,0,1,9,4,0,5,0,1,4,0,0,9,0,0,5,4,0,0,0,0,0,0,0,5,9,0,14,0
AHM6NN2J,26,0,3,20,3,0,10,0,2,5,3,0,16,0,1,15,0,0,4,0,0,4,0,0,10,16,4,26,0
8KS2KYV2,14,1,1,12,2,0,1,0,0,1,0,0,13,1,1,11,2,0,5,0,1,2,2,0,1,14,5,15,0
PKUZ39FF,194,11,18,117,67,3,87,7,13,44,36,1,107,4,5,73,31,2,4,0,1,3,0,0,94,111,4,205,0
7L3QO5U8,63,2,17,46,2,0,18,0,1,15,2,0,45,2,16,31,0,0,20,0,5,15,0,0,18,47,20,65,0
IAVUYKV2,6,3,3,6,0,0,3,2,1,4,0,0,3,1,2,2,0,0,2,0,1,1,0,0,5,4,2,9,0
RPUEYTG4,10,3,6,7,0,1,2,0,1,1,0,1,8,3,5,6,0,0,0,0,0,0,0,0,2,11,0,13,0
L1DZQE4G,63,16,18,51,10,0,32,12,10,30,4,0,31,4,8,21,6,0,3,0,0,2,1,0,44,35,3,79,1
PUWOEDKL,75,16,11,71,9,0,20,2,3,18,1,0,55,14,8,53,8,0,6,0,0,6,0,0,22,69,6,91,0
WXPUGHS8,68,2,22,41,7,0,16,0,7,8,1,0,52,2,15,33,6,0,14,0,4,6,4,0,16,54,14,70,0
WFWJZEVQ,24,3,6,21,0,0,10,0,3,7,0,0,14,3,3,14,0,0,1,0,0,1,0,0,10,17,1,27,0
LDDTDZ5W,10,0,1,9,0,0,2,0,0,2,0,0,8,0,1,7,0,0,1,0,0,1,0,0,2,8,1,10,0
BWWEJ2AX,42,7,15,33,1,0,8,3,4,7,0,0,34,4,11,26,1,0,2,0,1,1,0,0,11,38,2,49,0
ZXLX9O2R,27,0,6,21,0,0,6,0,0,6,0,0,21,0,6,15,0,0,0,0,0,0,0,0,6,21,0,27,0
DBJM7EUT,8,0,3,2,3,2,3,0,1,1,1,0,5,0,2,1,2,2,2,0,0,0,2,0,3,5,2,8,0
4VJRNJEW,77,19,16,54,9,17,15,10,9,10,5,1,62,9,7,44,4,16,10,5,1,11,3,0,25,71,15,96,0
NMWWDYGH,20,1,1,20,0,0,3,0,0,3,0,0,17,1,1,17,0,0,4,0,0,4,0,0,3,18,4,21,0
DXOFH9GE,20,0,2,17,1,0,9,0,2,6,1,0,11,0,0,11,0,0,0,0,0,0,0,0,9,11,0,20,0
EA1P8UGQ,16,4,5,15,0,0,8,4,3,9,0,0,8,0,2,6,0,0,0,0,0,0,0,0,12,8,0,20,0
IHG1KBJ6,52,1,6,45,2,0,15,1,3,13,0,0,37,0,3,32,2,0,2,0,1,1,0,0,16,37,2,53,0
UBRHLEMI,38,3,11,29,1,0,9,1,2,7,1,0,29,2,9,22,0,0,5,0,2,3,0,0,10,31,5,41,0
MKHVZSND,76,13,14,66,8,2,26,6,3,23,5,1,50,7,11,43,3,1,5,0,0,5,0,0,32,57,5,89,0
FLBJ2B1J,80,10,21,62,7,0,15,8,4,15,4,0,65,2,17,47,3,0,8,1,3,6,0,0,23,67,9,90,0
CD3WGYA1,64,3,9,51,7,1,21,2,4,17,2,0,43,1,5,34,5,1,4,0,2,2,0,0,23,44,4,67,0
6LXBPVOT,32,4,2,26,8,0,17,1,0,14,4,0,15,3,2,12,4,0,3,0,1,2,0,0,18,18,3,36,0
ZMZYT3FN,18,2,10,10,0,0,7,0,3,4,0,0,11,2,7,6,0,0,0,0,0,0,0,0,7,13,0,20,0
JRIFXSRG,2,1,0,3,0,0,1,1,0,2,0,0,1,0,0,1,0,0,0,0,0,0,0,0,2,1,0,3,0
ALHETCW9,22,0,8,13,1,2,6,0,3,3,0,2,16,0,5,10,1,0,0,0,0,0,0,0,6,16,0,22,0
EOW2V68Q,68,6,31,41,2,2,23,4,10,17,0,1,45,2,21,24,2,1,2,0,0,2,0,0,27,47,2,74,0
CXVDKSCA,1,0,1,0,0,1,1,0,1,0,0,1,0,0,0,0,0,0,0,0,0,0,0,0,1,0,0,1,0
KX4513KE,38,4,7,35,0,0,12,1,4,9,0,0,26,3,3,26,0,0,2,0,0,2,0,0,13,29,2,42,0
M5FWMUCC,11,0,3,8,0,0,0,0,0,0,0,0,11,0,3,8,0,0,0,0,0,0,0,0,0,11,0,11,0
HNTISXVB,2,1,1,2,0,0,0,0,0,0,0,0,2,1,1,2,0,0,0,0,0,0,0,0,0,3,0,3,0
ERNCEPRF,6,0,0,6,0,0,5,0,0,5,0,0,1,0,0,1,0,0,1,0,0,1,0,0,5,1,1,6,0
ANGETAZZ,21,0,2,19,0,0,11,0,2,9,0,0,10,0,0,10,0,0,0,0,0,0,0,0,11,10,0,21,0
OJ9JMPGA,106,20,11,67,43,5,37,10,2,25,18,2,69,10,9,42,25,3,8,0,2,6,0,0,47,79,8,126,0
WKVKXWZB,35,6,6,35,0,0,7,4,1,10,0,0,28,2,5,25,0,0,0,0,0,0,0,0,11,30,0,41,0
HNA1IHRW,19,1,4,15,1,0,8,0,2,6,0,0,11,1,2,9,1,0,4,1,1,3,1,0,8,12,5,20,0
LZ1HWYUP,14,2,4,11,1,0,7,0,2,4,1,0,7,2,2,7,0,0,1,0,0,1,0,0,7,9,1,16,0
AW7TAMEQ,86,8,41,48,4,1,39,6,17,25,2,1,47,2,24,23,2,0,9,0,6,3,0,0,45,49,9,94,0
BZREBI2D,43,9,7,40,5,2,30,8,4,29,5,1,13,1,3,11,0,1,4,0,0,4,0,0,38,14,4,52,0
VVPDD9F9,14,0,4,6,1,3,13,0,4,5,1,3,1,0,0,1,0,0,0,0,0,0,0,0,13,1,0,14,0
UU1VZXRX,36,8,10,31,3,0,14,5,3,16,0,0,22,3,7,15,3,0,1,0,0,1,0,0,19,25,1,44,0
4QIWIDSL,2,0,0,2,0,0,0,0,0,0,0,0,2,0,0,2,0,0,2,0,0,2,0,0,0,2,2,2,0
6TKSFAB7,6,1,0,4,3,0,2,1,0,1,2,0,4,0,0,3,1,0,1,0,0,1,0,0,3,4,1,7,0
MQIDKCZD,9,0,1,4,4,0,7,0,1,4,2,0,2,0,0,0,2,0,2,0,0,0,2,0,7,2,2,9,0
PG1C9LPZ,5,0,1,4,0,0,0,0,0,0,0,0,5,0,1,4,0,0,1,0,0,1,0,0,0,5,1,5,0
YUECQGNE,14,1,1,12,2,0,2,0,0,2,0,0,12,1,1,10,2,0,2,0,0,2,0,0,2,13,2,15,0
LROGHJTL,45,3,15,33,0,0,13,3,3,13,0,0,32,0,12,20,0,0,6,0,3,3,0,0,16,32,6,48,0
ZZADJWZF,8,0,0,8,0,0,5,0,0,5,0,0,3,0,0,3,0,0,0,0,0,0,0,0,5,3,0,8,0
YMDTBMWC,50,0,10,38,2,2,10,0,4,6,0,0,40,0,6,32,2,2,4,0,1,2,1,0,10,40,4,50,0
JBHWJOLM,3,0,1,2,0,0,1,0,1,0,0,0,2,0,0,2,0,0,1,0,0,1,0,0,1,2,1,3,0
JEIFDRCN,11,0,4,7,0,1,3,0,2,1,0,1,8,0,2,6,0,0,1,0,0,1,0,0,3,8,1,11,0
J1LEQW8H,30,2,5,26,1,0,11,0,2,9,0,0,19,2,3,17,1,0,4,0,1,3,0,0,11,21,4,32,0
BG1VJOYT,211,68,78,188,12,5,69,32,33,64,4,2,142,36,45,124,8,3,47,13,11,46,3,0,101,178,60,279,0
DDXLWYOQ,36,3,9,23,3,3,7,0,0,7,0,0,29,3,9,16,3,3,8,3,3,3,3,2,7,32,11,39,0
BJXBGHLN,62,3,11,52,2,1,24,1,3,21,1,0,38,2,8,31,1,1,6,0,1,5,0,0,25,40,6,65,0
NWZUUHM2,15,1,1,15,0,0,3,0,0,3,0,0,12,1,1,12,0,0,1,0,0,1,0,0,3,13,1,16,0
2Y64MW7L,59,5,4,57,3,0,17,3,2,16,2,0,42,2,2,41,1,0,7,0,0,7,0,0,20,44,7,64,0
PSUIFNNG,24,3,2,18,4,3,4,0,0,4,0,0,20,3,2,14,4,3,1,0,0,1,0,0,4,23,1,27,0
ALRJ3XSQ,30,9,4,35,0,0,9,3,3,9,0,0,21,6,1,26,0,0,1,0,0,1,0,0,12,27,1,39,0
BTQQSHSF,25,3,5,20,3,0,10,3,2,9,2,0,15,0,3,11,1,0,2,0,0,2,0,0,13,15,2,28,0
G4HAJCRY,210,37,66,135,43,4,75,22,24,45,27,1,135,15,42,90,16,3,29,0,9,16,4,0,97,150,29,247,0
CZQURT1X,32,4,2,29,5,0,10,0,2,6,2,0,22,4,0,23,3,0,2,0,0,2,0,0,10,26,2,36,0
YCFMMWKA,20,0,3,17,0,0,4,0,2,2,0,0,16,0,1,15,0,0,1,0,0,1,0,0,4,16,1,20,0
GBCLTYNF,19,0,4,15,0,0,4,0,1,3,0,0,15,0,3,12,0,0,1,0,0,1,0,0,4,15,1,19,0
OZ9X3MS5,101,10,31,75,5,0,42,10,9,41,2,0,59,0,22,34,3,0,6,0,3,2,1,0,52,59,6,111,0
IAGLAF44,45,1,15,30,1,1,12,0,5,6,1,0,33,1,10,24,0,1,5,0,2,3,0,0,12,34,5,46,0
FVFOC3IP,31,1,6,22,0,4,4,0,0,4,0,0,27,1,6,18,0,4,8,0,0,8,0,0,4,28,8,32,0
6A1V3XK9,45,0,17,28,0,1,10,0,4,6,0,0,35,0,13,22,0,1,4,0,3,1,0,0,10,35,4,45,0
1BYNHAAE,143,33,24,99,24,29,71,9,5,47,10,18,72,24,19,52,14,11,20,5,5,13,4,3,80,96,25,176,0
CZNHKC31,171,24,73,112,9,0,50,4,19,34,1,0,121,20,54,78,8,0,30,6,14,19,3,0,54,141,36,195,0
NOTSVNYZ,93,13,23,83,0,0,37,8,12,33,0,0,56,5,11,50,0,0,15,0,2,13,0,0,45,61,15,106,0
HGA5ATCN,8,0,2,6,0,0,2,0,0,2,0,0,6,0,2,4,0,0,0,0,0,0,0,0,2,6,0,8,0
ZJ9IBBFY,7,0,0,2,5,0,4,0,0,0,4,0,3,0,0,2,1,0,1,0,0,1,0,0,4,3,1,7,0
VEYJCDKF,8,0,3,5,0,1,3,0,1,2,0,1,5,0,2,3,0,0,0,0,0,0,0,0,3,5,0,8,0
SDFLIKTV,31,1,3,29,0,0,7,0,1,6,0,0,24,1,2,23,0,0,0,0,0,0,0,0,7,25,0,32,0
W5OTOGZW,56,2,25,29,4,2,17,2,10,8,1,1,39,0,15,21,3,1,15,0,4,10,1,1,19,39,15,58,0
TSEJGAKF,21,0,3,11,7,0,4,0,2,1,1,0,17,0,1,10,6,0,1,0,0,1,0,0,4,17,1,21,0
YF5KUEOT,21,0,4,17,0,0,11,0,3,8,0,0,10,0,1,9,0,0,1,0,0,1,0,0,11,10,1,21,0
IAE2B8SV,88,6,23,62,7,3,18,5,7,14,1,1,70,1,16,48,6,2,15,0,3,11,1,0,23,71,15,94,0
Z5FPE61C,22,0,6,16,0,0,5,0,1,4,0,0,17,0,5,12,0,0,3,0,1,2,0,0,5,17,3,22,0
O9TZ3JJI,25,8,3,14,5,11,16,6,1,6,4,11,9,2,2,8,1,0,0,0,0,0,0,0,22,11,0,33,0
RKXQELFZ,14,3,1,7,8,1,3,1,1,1,2,0,11,2,0,6,6,1,3,1,0,2,2,0,4,13,4,17,0
OTHEGKGD,41,17,8,34,9,7,23,13,6,16,8,6,18,4,2,18,1,1,5,3,0,8,0,0,36,22,8,58,0
AENVBMAC,22,2,3,19,2,0,12,2,0,13,1,0,10,0,3,6,1,0,3,0,2,1,0,0,14,10,3,24,0
LS3WDEEV,12,0,4,8,0,0,1,0,0,1,0,0,11,0,4,7,0,0,2,0,2,0,0,0,1,11,2,12,0
FIKVKXZW,9,1,3,7,0,1,4,1,1,4,0,1,5,0,2,3,0,0,0,0,0,0,0,0,5,5,0,10,0
TVEPFLGT,3,0,0,3,0,0,0,0,0,0,0,0,3,0,0,3,0,0,0,0,0,0,0,0,0,3,0,3,0
U2MIW22Z,8,0,4,3,1,0,7,0,4,2,1,0,1,0,0,1,0,0,0,0,0,0,0,0,7,1,0,8,0
9E6PMXG3,31,8,7,28,4,0,21,3,4,18,2,0,10,5,3,10,2,0,1,0,0,0,1,0,24,15,1,39,0
42MSZFFP,26,11,4,22,9,2,14,10,0,14,8,2,12,1,4,8,1,0,1,0,1,0,0,0,24,13,1,37,0
A1SZO5BX,43,6,16,30,3,3,30,6,11,22,3,2,13,0,5,8,0,1,5,0,0,5,0,0,36,13,5,49,0
7G7ZT8OC,21,0,4,15,2,2,6,0,1,4,1,0,15,0,3,11,1,2,1,0,0,1,0,0,6,15,1,21,0
CT6WO46C,10,1,3,6,2,0,2,1,1,2,0,0,8,0,2,4,2,0,3,0,1,2,0,0,3,8,3,11,0
EDBUFZGR,74,11,17,45,17,4,60,9,13,37,15,4,14,2,4,8,2,0,2,0,0,2,0,0,69,16,2,85,0
ENFKNK8Y,113,3,41,75,0,0,22,2,10,14,0,0,91,1,31,61,0,0,19,0,8,11,0,0,24,92,19,116,0
LODIWQNR,4,0,0,4,0,0,1,0,0,1,0,0,3,0,0,3,0,0,0,0,0,0,0,0,1,3,0,4,0
AMDYD2N6,32,14,4,32,4,7,14,3,1,13,2,1,18,11,3,19,2,6,2,0,0,2,0,0,17,29,2,46,0
ASU7AXXZ,54,12,5,51,10,0,21,11,2,22,8,0,33,1,3,29,2,0,15,0,2,11,2,0,32,34,15,66,0
DD6YOR33,15,0,2,13,0,0,7,0,2,5,0,0,8,0,0,8,0,0,4,0,0,4,0,0,7,8,4,15,0
QKXOXJO2,5,0,2,3,0,0,4,0,2,2,0,0,1,0,0,1,0,0,0,0,0,0,0,0,4,1,0,5,0
ZKPVITSS,62,0,20,41,1,0,20,0,5,14,1,0,42,0,15,27,0,0,5,0,2,3,0,0,20,42,5,62,0
JHZNP1XL,18,2,3,14,3,1,1,0,0,1,0,0,17,2,3,13,3,1,2,2,1,2,1,1,1,19,4,20,0
GMMJTORU,39,10,9,38,2,0,15,4,5,12,2,0,24,6,4,26,0,0,1,0,0,1,0,0,19,30,1,49,0
744T7TTX,41,5,11,35,0,0,13,0,6,7,0,0,28,5,5,28,0,0,3,0,0,3,0,0,13,33,3,46,0
VFHFORLA,2,0,0,2,0,0,2,0,0,2,0,0,0,0,0,0,0,0,0,0,0,0,0,0,2,0,0,2,1
ZQHCACG1,217,44,23,169,69,1,113,27,11,88,41,1,104,17,12,81,28,0,14,0,3,11,0,0,140,121,14,261,0
9NCL6COR,81,3,9,71,4,0,40,0,7,32,1,0,41,3,2,39,3,0,0,0,0,0,0,0,40,44,0,84,0
EYMGY9XV,28,7,9,21,4,1,13,4,2,12,3,0,15,3,7,9,1,1,1,1,1,1,0,0,17,18,2,35,0
U2BQHKOY,61,11,14,21,12,24,33,8,7,8,9,17,28,3,7,13,3,7,6,0,1,4,0,1,41,31,6,72,0
VIIECPUH,6,0,3,3,0,0,4,0,2,2,0,0,2,0,1,1,0,0,0,0,0,0,0,0,4,2,0,6,0
4HTSBWZB,36,1,26,11,0,0,4,0,4,0,0,0,32,1,22,11,0,0,2,0,2,0,0,0,4,33,2,37,0
EPZP6S1M,28,0,4,24,0,0,5,0,1,4,0,0,23,0,3,20,0,0,4,0,1,3,0,0,5,23,4,28,0
Y1IJGWSA,41,0,12,29,0,0,16,0,5,11,0,0,25,0,7,18,0,0,2,0,1,1,0,0,16,25,2,41,0
CLEOODTE,89,7,17,78,1,0,38,4,10,31,1,0,51,3,7,47,0,0,2,0,0,2,0,0,42,54,2,96,0
W3QIVOMK,45,0,8,32,5,0,12,0,1,11,0,0,33,0,7,21,5,0,9,0,1,6,2,0,12,33,9,45,0
8UWGWB4T,58,1,7,47,5,0,20,1,3,16,2,0,38,0,4,31,3,0,9,0,2,7,0,0,21,38,9,59,0
RPZSGLYS,15,0,3,12,0,0,6,0,1,5,0,0,9,0,2,7,0,0,1,0,0,1,0,0,6,9,1,15,0
FGFTFYYF,11,0,4,7,0,0,2,0,0,2,0,0,9,0,4,5,0,0,3,0,2,1,0,0,2,9,3,11,0
6EI8MO37,38,1,4,35,0,0,8,1,1,8,0,0,30,0,3,27,0,0,2,0,1,1,0,0,9,30,2,39,0
JGNPNMVN,25,4,6,23,0,0,7,1,2,6,0,0,18,3,4,17,0,0,0,0,0,0,0,0,8,21,0,29,0
4WQBGELM,121,17,14,100,24,0,55,9,4,45,15,0,66,8,10,55,9,0,4,0,0,3,1,0,64,74,4,138,0
PVXXZYPD,36,2,10,27,1,0,16,2,5,12,1,0,20,0,5,15,0,0,3,0,0,3,0,0,18,20,3,38,0
SFHX1BEB,10,0,5,5,0,0,1,0,1,0,0,0,9,0,4,5,0,0,2,0,1,1,0,0,1,9,2,10,0
MYPTCRL4,201,43,112,120,12,16,85,23,53,50,5,15,116,20,59,70,7,1,18,1,8,11,0,0,108,136,19,244,0
MHNJCYQ6,15,1,1,14,1,0,3,1,1,3,0,0,12,0,0,11,1,0,4,0,0,3,1,0,4,12,4,16,0
HRVDO3DX,39,8,14,27,5,2,10,3,5,7,1,0,29,5,9,20,4,2,2,2,1,1,2,0,13,34,4,47,0
EBSIREQC,28,8,5,25,6,0,8,2,2,7,1,0,20,6,3,18,5,0,1,0,0,1,0,0,10,26,1,36,0
EIGIUEUJ,30,0,4,21,5,0,6,0,2,3,1,0,24,0,2,18,4,0,1,0,0,1,0,0,6,24,1,30,0
YQJN1CJK,2,1,1,2,0,0,0,1,0,1,0,0,2,0,1,1,0,0,1,0,1,0,0,0,1,2,1,3,0
CRHNTENC,3,0,2,1,0,0,1,0,1,0,0,0,2,0,1,1,0,0,0,0,0,0,0,0,1,2,0,3,0
OHBAHXJ5,26,2,6,12,0,10,9,2,1,0,0,10,17,0,5,12,0,0,4,0,2,2,0,0,11,17,4,28,0
HQCL9RCI,43,1,6,38,0,0,9,0,1,8,0,0,34,1,5,30,0,0,5,0,2,3,0,0,9,35,5,44,0
8H9QZLXP,39,0,12,27,0,0,10,0,5,5,0,0,29,0,7,22,0,0,2,0,1,1,0,0,10,29,2,39,0
AKHHMOX9,68,0,28,40,0,0,11,0,4,7,0,0,57,0,24,33,0,0,11,0,7,4,0,0,11,57,11,68,0
9HHHR1BF,127,18,22,105,12,6,22,2,4,19,1,0,105,16,18,86,11,6,18,0,3,14,1,0,24,121,18,145,0
VE9VZ2GA,14,1,0,10,5,0,0,0,0,0,0,0,14,1,0,10,5,0,0,0,0,0,0,0,0,15,0,15,0
XFVTPJDW,51,18,1,49,15,4,35,16,1,33,14,3,16,2,0,16,1,1,1,0,0,1,0,0,51,18,1,69,0
ZKP8EMOJ,7,0,4,3,0,1,2,0,2,0,0,0,5,0,2,3,0,1,1,0,0,1,0,0,2,5,1,7,0
ULOJ5HEC,36,0,16,20,0,0,7,0,5,2,0,0,29,0,11,18,0,0,4,0,3,1,0,0,7,29,4,36,1
ZHJJWAYI,19,2,17,4,0,0,11,1,10,2,0,0,8,1,7,2,0,0,0,0,0,0,0,0,12,9,0,21,0
BFLSEU85,6,1,4,3,0,0,2,1,2,1,0,0,4,0,2,2,0,0,0,0,0,0,0,0,3,4,0,7,0
1LM6WCGC,7,1,1,6,1,0,2,1,0,3,0,0,5,0,1,3,1,0,1,0,0,1,0,0,3,5,1,8,1
KLBAIYHQ,26,0,7,19,0,0,13,0,2,11,0,0,13,0,5,8,0,0,0,0,0,0,0,0,13,13,0,26,0
SFDKSSCO,24,9,13,19,1,0,15,8,8,14,1,0,9,1,5,5,0,0,0,0,0,0,0,0,23,10,0,33,0
4N2WOHCP,9,1,3,7,0,0,3,1,0,4,0,0,6,0,3,3,0,0,2,0,1,1,0,0,4,6,2,10,0
KBQTGTJN,6,1,1,6,0,0,1,0,0,1,0,0,5,1,1,5,0,0,0,0,0,0,0,0,1,6,0,7,0
YLSKQFYM,37,3,7,22,7,4,8,3,0,9,2,0,29,0,7,13,5,4,1,0,1,0,0,0,11,29,1,40,0
GHHTVBS5,13,0,3,10,0,0,4,0,2,2,0,0,9,0,1,8,0,0,2,0,0,2,0,0,4,9,2,13,0
NOTY1TGJ,63,2,1,41,13,10,7,2,1,6,2,0,56,0,0,35,11,10,2,0,0,2,0,0,9,56,2,65,0
HORXTJWH,90,10,40,52,8,0,41,2,19,18,6,0,49,8,21,34,2,0,6,0,1,5,0,0,43,57,6,100,0
SUYTLOPA,121,4,28,91,4,2,35,1,11,25,0,0,86,3,17,66,4,2,5,0,0,4,1,0,36,89,5,125,0
FPHJNXKS,7,0,2,5,0,0,5,0,2,3,0,0,2,0,0,2,0,0,1,0,0,1,0,0,5,2,1,7,0
JJPSQ5JQ,205,34,61,161,17,8,75,16,33,58,0,7,130,18,28,103,17,1,47,3,11,33,6,0,91,148,50,239,0
2QZMPJ7V,7,1,1,7,0,0,2,1,0,3,0,0,5,0,1,4,0,0,0,0,0,0,0,0,3,5,0,8,0
GPWHD5DR,45,6,8,35,8,0,15,6,4,11,6,0,30,0,4,24,2,0,4,0,1,3,0,0,21,30,4,51,0
I8IQDKNB,1,0,0,1,0,0,0,0,0,0,0,0,1,0,0,1,0,0,0,0,0,0,0,0,0,1,0,1,1
EYYY1KJG,20,1,11,9,1,1,6,1,5,2,0,0,14,0,6,7,1,1,2,0,0,1,1,0,7,14,2,21,0
94BKPZYD,94,3,27,69,1,1,30,3,10,23,0,1,64,0,17,46,1,0,7,0,2,5,0,0,33,64,7,97,0
SOWXFY7X,12,0,1,5,4,2,5,0,1,4,0,0,7,0,0,1,4,2,0,0,0,0,0,0,5,7,0,12,0
MVRFATTQ,57,2,13,43,3,0,22,1,5,17,1,0,35,1,8,26,2,0,4,0,1,3,0,0,23,36,4,59,0
DEKN6ROM,72,11,23,55,5,4,35,6,15,24,2,3,37,5,8,31,3,1,8,1,3,5,1,1,41,42,9,83,0
Y4BLQH4Q,150,20,45,106,19,5,57,12,24,40,5,4,93,8,21,66,14,1,9,2,3,7,1,0,69,101,11,170,0
X3AEERM6,44,11,11,32,9,3,18,8,0,18,5,3,26,3,11,14,4,0,1,0,0,1,0,0,26,29,1,55,0
XCSNQO9N,49,3,4,11,1,37,37,3,4,4,1,32,12,0,0,7,0,5,0,0,0,0,0,0,40,12,0,52,1
1CTYTJYN,25,0,7,18,0,0,10,0,2,8,0,0,15,0,5,10,0,0,0,0,0,0,0,0,10,15,0,25,0
VTGQA76R,63,20,11,61,11,0,31,7,7,26,5,0,32,13,4,35,6,0,1,1,0,1,1,0,38,45,2,83,1
HPTI5HQQ,32,5,7,30,0,0,6,5,2,9,0,0,26,0,5,21,0,0,0,0,0,0,0,0,11,26,0,37,0
DZFZKGCC,12,2,2,11,1,0,7,0,1,6,0,0,5,2,1,5,1,0,1,0,0,1,0,0,7,7,1,14,0
WFENDYD7,2,0,1,1,0,0,0,0,0,0,0,0,2,0,1,1,0,0,0,0,0,0,0,0,0,2,0,2,0
JSSFCJQ6,16,2,8,10,0,0,7,2,4,5,0,0,9,0,4,5,0,0,0,0,0,0,0,0,9,9,0,18,0
MHNZ7IVR,71,6,35,41,1,0,7,2,3,5,1,0,64,4,32,36,0,0,6,0,3,3,0,0,9,68,6,77,0
ZTKKTJPA,2,1,2,1,0,0,2,1,2,1,0,0,0,0,0,0,0,0,0,0,0,0,0,0,3,0,0,3,0
N8UE3XV9,60,4,4,51,9,0,18,0,2,16,0,0,42,4,2,35,9,0,3,0,0,3,0,0,18,46,3,64,0
3DFY3R2C,79,2,20,60,1,0,12,2,2,11,1,0,67,0,18,49,0,0,11,0,2,9,0,0,14,67,11,81,0
X6DN9XQX,19,7,0,12,13,1,10,7,0,8,9,0,9,0,0,4,4,1,1,0,0,1,0,0,17,9,1,26,0
FBRSTCDI,6,0,3,3,0,0,4,0,2,2,0,0,2,0,1,1,0,0,0,0,0,0,0,0,4,2,0,6,0
YIFWWY5M,35,0,4,31,0,0,5,0,2,3,0,0,30,0,2,28,0,0,4,0,0,4,0,0,5,30,4,35,0
QDUIN15I,127,32,29,91,28,12,49,14,19,35,7,3,78,18,10,56,21,9,13,3,2,10,3,1,63,96,16,159,0
G1CU22FN,96,6,30,64,7,3,32,3,11,21,2,1,64,3,19,43,5,2,8,0,0,7,1,0,35,67,8,102,0
BGEGLVCC,116,12,30,84,13,3,50,7,16,32,9,0,66,5,14,52,4,3,16,0,3,12,1,0,57,71,16,128,0
VES7BX6N,135,59,12,100,47,35,50,23,5,34,14,20,85,36,7,66,33,15,25,18,0,25,10,8,73,121,43,194,0
GVUZXUVI,51,2,7,39,7,0,28,2,5,20,5,0,23,0,2,19,2,0,4,0,0,4,0,0,30,23,4,53,0
EKEIJ7HI,34,7,7,28,3,3,4,3,2,4,1,0,30,4,5,24,2,3,13,0,2,9,0,2,7,34,13,41,0
9LTZ2LTW,0,1,0,1,0,0,0,0,0,0,0,0,0,1,0,1,0,0,0,0,0,0,0,0,0,1,0,1,0
JEMFVJOU,126,10,14,95,21,5,33,0,2,19,7,4,93,10,12,76,14,1,21,4,4,19,2,0,33,103,25,136,0
WOFGFG8L,26,1,5,22,0,0,12,0,2,10,0,0,14,1,3,12,0,0,5,0,2,3,0,0,12,15,5,27,0
UFDRUP25,72,3,8,52,11,4,25,2,3,17,4,3,47,1,5,35,7,1,8,0,1,7,0,0,27,48,8,75,0
K1FMJI1S,35,9,10,24,7,3,8,0,4,2,2,0,27,9,6,22,5,3,10,8,2,11,3,2,8,36,18,44,0
PDYGGLNX,21,0,6,15,0,0,7,0,3,4,0,0,14,0,3,11,0,0,2,0,0,2,0,0,7,14,2,21,0
IROEAPOC,22,0,0,19,3,0,7,0,0,5,2,0,15,0,0,14,1,0,8,0,0,8,0,0,7,15,8,22,0
HDYBFO9L,44,7,16,33,1,1,13,2,5,10,0,1,31,5,11,23,1,0,11,2,3,8,1,0,15,36,13,51,0
HLELGDW5,26,1,13,14,0,0,6,0,1,5,0,0,20,1,12,9,0,0,2,0,1,1,0,0,6,21,2,27,0
QTGRTJQ4,27,1,8,20,0,0,7,0,2,5,0,0,20,1,6,15,0,0,2,0,0,2,0,0,7,21,2,28,0
AHJK6LIC,105,13,18,86,12,3,54,4,8,39,9,3,51,9,10,47,3,0,7,0,0,7,0,0,58,60,7,118,0
7TGL8KVP,4,1,0,5,0,0,0,0,0,0,0,0,4,1,0,5,0,0,0,0,0,0,0,0,0,5,0,5,1
A2YYQHBH,88,8,15,73,7,1,38,3,11,27,2,1,50,5,4,46,5,0,4,4,0,7,1,0,41,55,8,96,0
DUDWYMMA,17,0,1,16,0,0,11,0,1,10,0,0,6,0,0,6,0,0,1,0,0,1,0,0,11,6,1,17,0
VNEHDOJX,52,1,4,45,4,0,12,1,1,11,1,0,40,0,3,34,3,0,7,0,0,6,1,0,13,40,7,53,0
RFTYMQBI,9,0,2,7,0,0,4,0,1,3,0,0,5,0,1,4,0,0,0,0,0,0,0,0,4,5,0,9,0
QO8ELQJK,57,9,8,48,4,6,16,1,2,12,3,0,41,8,6,36,1,6,9,4,1,9,1,2,17,49,13,66,0
XTSTQTYF,29,2,7,21,2,1,13,1,3,11,0,0,16,1,4,10,2,1,5,0,1,4,0,0,14,17,5,31,0
KTPZDKUJ,43,15,6,41,9,2,15,8,4,15,4,0,28,7,2,26,5,2,3,0,0,3,0,0,23,35,3,58,0
445NOH11,27,7,8,16,7,4,8,1,3,6,0,1,19,6,5,10,7,3,3,2,1,2,0,2,9,25,5,34,0
QUVXSTHT,36,0,4,32,0,0,9,0,2,7,0,0,27,0,2,25,0,0,2,0,1,1,0,0,9,27,2,36,0
CIDTZ5TG,24,1,3,20,2,0,6,0,1,3,2,0,18,1,2,17,0,0,4,0,0,4,0,0,6,19,4,25,0
DVERT62N,28,0,3,25,0,0,10,0,2,8,0,0,18,0,1,17,0,0,2,0,0,2,0,0,10,18,2,28,0
O9BD5K3W,9,0,0,6,0,3,4,0,0,4,0,0,5,0,0,2,0,3,0,0,0,0,0,0,4,5,0,9,0
5SISU1P9,1,0,0,1,0,0,0,0,0,0,0,0,1,0,0,1,0,0,1,0,0,1,0,0,0,1,1,1,0
X2X6XGGR,8,3,1,7,3,0,2,0,1,1,0,0,6,3,0,6,3,0,2,0,0,2,0,0,2,9,2,11,0
FMXCAGPU,74,4,24,52,2,0,15,2,5,10,2,0,59,2,19,42,0,0,15,0,4,11,0,0,17,61,15,78,0
WCYLKEIZ,25,5,10,12,4,5,15,4,9,8,0,3,10,1,1,4,4,2,1,1,1,1,0,0,19,11,2,30,0
Y9IXWWEJ,8,0,4,4,0,1,2,0,1,1,0,1,6,0,3,3,0,0,1,0,1,0,0,0,2,6,1,8,0
ZIDJMDNJ,10,0,2,4,0,4,4,0,2,2,0,0,6,0,0,2,0,4,0,0,0,0,0,0,4,6,0,10,0
DOFWU3KY,3,0,1,2,0,0,1,0,1,0,0,0,2,0,0,2,0,0,0,0,0,0,0,0,1,2,0,3,0
JCQMPD9J,16,2,0,11,7,0,13,2,0,10,5,0,3,0,0,1,2,0,0,0,0,0,0,0,15,3,0,18,0
QSMYJADH,15,6,3,13,5,0,1,0,0,1,0,0,14,6,3,12,5,0,3,5,0,3,5,0,1,20,8,21,0
FS2GNGQJ,80,14,14,72,8,0,30,8,5,29,4,0,50,6,9,43,4,0,7,0,0,7,0,0,38,56,7,94,0
NXRKWLZK,24,0,3,21,0,0,4,0,2,2,0,0,20,0,1,19,0,0,3,0,0,3,0,0,4,20,3,24,0
BGEXQJNP,1,0,0,1,0,0,1,0,0,1,0,0,0,0,0,0,0,0,0,0,0,0,0,0,1,0,0,1,0
U4AXWFH6,12,1,4,9,0,0,2,1,0,3,0,0,10,0,4,6,0,0,1,0,0,1,0,0,3,10,1,13,0
7GSWTB3M,103,23,11,111,4,0,29,4,2,31,0,0,74,19,9,80,4,0,21,5,3,20,3,0,33,93,26,126,0
MDI9SQPU,45,3,7,31,10,0,6,3,1,6,2,0,39,0,6,25,8,0,12,0,3,9,0,0,9,39,12,48,0
DYFESGIY,87,18,10,71,24,2,31,4,3,21,11,0,56,14,7,50,13,2,9,3,0,5,7,0,35,70,12,105,0
LOBWZOH9,13,1,4,8,2,0,4,1,2,2,1,0,9,0,2,6,1,0,2,0,1,1,0,0,5,9,2,14,0
T1CFRRAR,49,1,2,48,0,0,8,0,1,7,0,0,41,1,1,41,0,0,6,0,0,6,0,0,8,42,6,50,0
BGX4KMVY,25,1,9,15,2,1,7,1,6,2,0,0,18,0,3,13,2,1,5,0,0,4,1,0,8,18,5,26,0
WLYTAJOX,26,3,2,26,1,0,7,3,0,10,0,0,19,0,2,16,1,0,4,0,1,3,0,0,10,19,4,29,0
VKZNGJYE,32,0,10,22,0,1,8,0,2,6,0,0,24,0,8,16,0,1,0,0,0,0,0,0,8,24,0,32,0
BHPROAU6,1,0,0,1,0,0,0,0,0,0,0,0,1,0,0,1,0,0,0,0,0,0,0,0,0,1,0,1,1
EJPRZFFW,71,7,20,54,4,0,44,7,17,30,4,0,27,0,3,24,0,0,5,0,0,5,0,0,51,27,5,78,0
BXQOV3SL,21,0,2,19,0,0,4,0,0,4,0,0,17,0,2,15,0,0,0,0,0,0,0,0,4,17,0,21,0
VJV4KHE6,35,5,17,21,0,4,8,0,4,4,0,0,27,5,13,17,0,4,8,1,1,8,0,0,8,32,9,40,0
BH4XRKOM,50,7,8,43,5,2,13,4,0,15,1,1,37,3,8,28,4,1,6,0,0,6,0,0,17,40,6,57,0
WKHUIEIP,18,0,1,17,0,0,3,0,1,2,0,0,15,0,0,15,0,0,1,0,0,1,0,0,3,15,1,18,0
OXAC7XSR,26,2,4,22,2,0,5,2,0,6,1,0,21,0,4,16,1,0,3,0,1,2,0,0,7,21,3,28,0
JO2JAG53,38,1,10,28,1,0,14,0,4,10,0,0,24,1,6,18,1,0,2,0,0,2,0,0,14,25,2,39,0
JWRFGJED,7,0,0,7,0,0,0,0,0,0,0,0,7,0,0,7,0,0,1,0,0,1,0,0,0,7,1,7,0
2KMY5NVG,15,1,0,11,3,2,6,1,0,4,3,0,9,0,0,7,0,2,0,0,0,0,0,0,7,9,0,16,0
GV6AAJCJ,14,9,3,18,2,0,4,5,1,8,0,0,10,4,2,10,2,0,1,0,0,0,1,0,9,14,1,23,0
XFDZL5IO,8,1,2,5,2,0,2,1,1,1,1,0,6,0,1,4,1,0,1,0,0,1,0,0,3,6,1,9,0
KK1BYCBX,13,2,1,12,2,0,2,2,0,3,1,0,11,0,1,9,1,0,5,0,1,4,0,0,4,11,5,15,0
YQHERRAE,57,2,11,44,4,0,48,2,10,36,4,0,9,0,1,8,0,0,0,0,0,0,0,0,50,9,0,59,0
FCNSSA1I,16,0,5,9,2,0,6,0,1,4,1,0,10,0,4,5,1,0,0,0,0,0,0,0,6,10,0,16,1
OFPWBOTN,66,7,8,54,6,5,14,0,1,10,3,0,52,7,7,44,3,5,13,5,1,13,1,3,14,59,18,73,0
AFETENQI,16,0,2,14,0,0,9,0,1,8,0,0,7,0,1,6,0,0,1,0,0,1,0,0,9,7,1,16,0
OFFFZFRM,65,3,3,65,0,0,11,0,1,10,0,0,54,3,2,55,0,0,9,0,0,9,0,0,11,57,9,68,0
I6NYAQL2,1,0,0,1,0,0,0,0,0,0,0,0,1,0,0,1,0,0,1,0,0,1,0,0,0,1,1,1,0
XO1I2QGF,5,0,1,4,0,0,1,0,0,1,0,0,4,0,1,3,0,0,0,0,0,0,0,0,1,4,0,5,1
TFXQUB9W,25,0,11,14,0,0,3,0,2,1,0,0,22,0,9,13,0,0,5,0,4,1,0,0,3,22,5,25,0
VP5NPXAT,19,1,4,14,2,0,5,0,3,2,0,0,14,1,1,12,2,0,3,0,0,3,0,0,5,15,3,20,0
EM4XITZ4,32,2,7,27,0,0,5,0,1,4,0,0,27,2,6,23,0,0,6,0,1,5,0,0,5,29,6,34,0
WLHZOK2R,60,1,7,53,1,0,9,0,1,8,0,0,51,1,6,45,1,0,3,1,0,4,0,0,9,52,4,61,0
5SOU6BOE,83,8,31,60,0,0,41,2,16,27,0,0,42,6,15,33,0,0,7,0,1,6,0,0,43,48,7,91,0
V3JI6VH3,34,11,9,30,2,5,24,11,8,21,2,5,10,0,1,9,0,0,0,0,0,0,0,0,35,10,0,45,0
MF5IBH7R,70,1,27,39,5,0,15,0,4,10,1,0,55,1,23,29,4,0,15,0,6,8,1,0,15,56,15,71,0
FPJSMSRS,75,4,32,46,1,1,24,1,8,17,0,1,51,3,24,29,1,0,11,0,6,5,0,0,25,54,11,79,0
NK7R92RD,31,19,4,12,10,24,0,5,2,0,3,0,31,14,2,12,7,24,8,7,0,10,5,0,5,45,15,50,0
N2BHEYER,78,8,3,79,4,0,41,7,3,43,2,0,37,1,0,36,2,0,5,0,0,5,0,0,48,38,5,86,0
1UXU1YOG,14,3,3,13,1,0,5,1,1,5,0,0,9,2,2,8,1,0,1,0,1,0,0,0,6,11,1,17,0
2ANBTWZL,132,13,16,105,21,4,44,11,5,36,13,1,88,2,11,69,8,3,13,0,2,11,0,0,55,90,13,145,0
LZFCYLPL,7,0,2,4,1,0,5,0,2,3,0,0,2,0,0,1,1,0,0,0,0,0,0,0,5,2,0,7,0
QDS8EKAU,8,0,1,7,0,0,3,0,1,2,0,0,5,0,0,5,0,0,2,0,0,2,0,0,3,5,2,8,0
5EQDU9RA,21,6,5,22,0,0,7,4,1,10,0,0,14,2,4,12,0,0,2,0,0,2,0,0,11,16,2,27,0
